7 0.89885 0.40543 0.00731 0.02826
2 0.23799 0.45761 0.02751 0.10652
7 0.80519 0.36793 0.00592 0.02283
2 0.14224 0.30707 0.01358 0.05326
2 0.17166 0.35815 0.0188 0.06848
2 0.76445 0.37228 0.00662 0.02717
2 0.83339 0.4038 0.0087 0.0337
2 0.12848 0.27446 0.01045 0.04239
7 0.44708 0.27228 0.00279 0.01413
2 0.73364 0.35435 0.00557 0.02391
2 0.39537 0.2663 0.00383 0.01739
2 0.68228 0.33696 0.00453 0.02174
7 0.88771 0.33043 0.00244 0.01304
7 0.25888 0.2337 0.00383 0.01522
7 0.86525 0.3913 0.00627 0.02609
7 0.11856 0.20924 0.00453 0.01848
7 0.73955 0.3462 0.00487 0.02065
7 0.3038 0.2413 0.00313 0.01304
7 0.90843 0.33859 0.00279 0.01196
7 0.05049 0.20217 0.00348 0.02174
7 0.07068 0.20326 0.00487 0.01739
7 0.66765 0.32554 0.00383 0.01848
2 0.47371 0.74837 0.05327 0.19457
2 0.53882 0.29946 0.00383 0.01848
2 0.32382 0.24891 0.00348 0.01522
7 0.39937 0.26141 0.00348 0.01413
2 0.11455 0.23098 0.00487 0.025
2 0.13092 0.22283 0.00487 0.02174
2 0.18158 0.225 0.00383 0.01739
7 0.89311 0.32772 0.00209 0.00978
7 0.55675 0.3 0.00348 0.01739
9 0.40721 0.62663 0.06999 0.325
2 0.61142 0.3163 0.00418 0.01957
2 0.1196 0.25272 0.0087 0.0337
7 0.35045 0.25054 0.00313 0.01413
7 0.94586 0.33913 0.00313 0.0087
2 0.46309 0.28261 0.00418 0.01739
2 0.11421 0.24239 0.00627 0.02609
7 0.88283 0.32663 0.00244 0.01196
2 0.25209 0.23478 0.00348 0.01739
7 0.50313 0.28641 0.00279 0.01413
7 0.91347 0.33207 0.00244 0.00978
2 0.44655 0.25761 0.00174 0.0087
7 0.61351 0.31304 0.00348 0.01739
9 0.59506 0.70978 0.04248 0.27174
7 0.19098 0.22065 0.00383 0.01522
2 0.23207 0.21902 0.00244 0.00978
2 0.25209 0.22011 0.00209 0.00761
2 0.27246 0.22337 0.00174 0.00761
2 0.40964 0.25 0.00174 0.0087
2 0.38806 0.24565 0.00174 0.0087
2 0.27385 0.22228 0.00174 0.00761
