7 0.05937 0.25978 0.00731 0.02826
2 0.3266 0.51739 0.03482 0.13478
7 0.8999 0.32609 0.00592 0.02391
7 0.08879 0.25707 0.00627 0.025
2 0.18019 0.27826 0.00801 0.03043
2 0.18245 0.33043 0.01253 0.05
2 0.85063 0.32717 0.00696 0.02609
7 0.15198 0.25543 0.00522 0.02174
2 0.73973 0.3125 0.00662 0.025
7 0.81372 0.31522 0.00487 0.02174
2 0.16609 0.3 0.00905 0.03696
2 0.22249 0.37989 0.0195 0.07283
7 0.4469 0.27065 0.00383 0.01739
7 0.72981 0.30435 0.00487 0.01957
2 0.42601 0.27446 0.00522 0.02283
7 0.65286 0.29402 0.00418 0.01848
7 0.57503 0.28424 0.00383 0.01848
2 0.46657 0.25326 0.00139 0.0087
2 0.62587 0.29946 0.00522 0.02283
7 0.32904 0.26141 0.00279 0.01848
2 0.52646 0.28587 0.00487 0.02174
7 0.50975 0.27609 0.00348 0.01739
2 0.24321 0.26685 0.00522 0.025
7 0.38684 0.26522 0.00418 0.01739
7 0.24634 0.25761 0.00453 0.01957
2 0.50975 0.24837 0.00139 0.00761
2 0.26271 0.23967 0.00174 0.00761
2 0.3118 0.24293 0.00174 0.00761
2 0.48416 0.25 0.00174 0.00652
2 0.28569 0.24076 0.00174 0.00761
2 0.33113 0.26793 0.00557 0.02065
2 0.26584 0.24348 0.00244 0.0087
2 0.5343 0.25 0.00174 0.00435
7 0.31563 0.23967 0.00104 0.00543
