2 0.45961 0.2375 0.00279 0.01413
2 0.78743 0.31141 0.00592 0.02283
2 0.62343 0.27228 0.00383 0.01848
2 0.93628 0.34185 0.00766 0.025
2 0.39084 0.22989 0.00313 0.01413
2 0.27263 0.21304 0.00348 0.01304
7 0.41957 0.23043 0.00209 0.01087
7 0.37726 0.22663 0.00313 0.01196
7 0.46971 0.2337 0.00209 0.01087
2 0.41992 0.60054 0.05084 0.17717
2 0.49095 0.23859 0.00279 0.01196
7 0.85185 0.31685 0.00453 0.02065
7 0.94342 0.33533 0.00592 0.02065
7 0.77211 0.30163 0.00453 0.01848
2 0.30414 0.21902 0.00313 0.01413
7 0.71327 0.28804 0.00453 0.01739
2 0.58043 0.25217 0.00279 0.01304
2 0.47911 0.23913 0.00279 0.01304
7 0.80675 0.3087 0.00487 0.01957
7 0.67514 0.27717 0.00348 0.01522
7 0.3508 0.22228 0.00244 0.01196
2 0.56024 0.24783 0.00279 0.01087
7 0.32538 0.21902 0.00244 0.01196
2 0.19377 0.20163 0.00244 0.01196
2 0.12187 0.19076 0.00348 0.01413
2 0.65634 0.28152 0.00487 0.01957
2 0.43001 0.23478 0.00279 0.01304
2 0.85585 0.32446 0.00696 0.025
2 0.05745 0.18207 0.00348 0.01413
2 0.52054 0.24185 0.00209 0.01196
2 0.61403 0.26087 0.00174 0.01304
7 0.4469 0.23152 0.00174 0.01087
2 0.34244 0.22391 0.00313 0.01304
2 0.60602 0.26739 0.00313 0.01522
7 0.74199 0.29457 0.00279 0.01739
7 0.64102 0.26196 0.00279 0.01304
7 0.66504 0.27337 0.00209 0.01413
7 0.10515 0.18696 0.00279 0.01087
7 0.66104 0.26739 0.00244 0.01087
2 0.61125 0.25978 0.00244 0.01304
2 0.59697 0.26304 0.00313 0.01522
7 0.6687 0.2712 0.00313 0.01196
7 0.19168 0.19783 0.00174 0.01087
2 0.15651 0.1962 0.00313 0.01196
2 0.54318 0.24511 0.00209 0.01196
7 0.39868 0.22826 0.00279 0.01304
9 0.22458 0.20217 0.00418 0.02174
2 0.50052 0.23859 0.00244 0.01196
2 0.09349 0.18696 0.00383 0.01304
2 0.59923 0.25598 0.00209 0.01196
2 0.60063 0.26304 0.00279 0.01304
7 0.05049 0.18043 0.00348 0.01304
9 0.25836 0.20489 0.00418 0.01848
7 0.69481 0.28315 0.00313 0.0163
2 0.69255 0.29022 0.00487 0.01957
7 0.15303 0.19239 0.00244 0.01087
2 0.73973 0.3 0.00592 0.02391
9 0.23242 0.20326 0.00313 0.02174
7 0.26166 0.20815 0.00174 0.01196
9 0.26532 0.20543 0.00348 0.01957
7 0.43228 0.23098 0.00174 0.01196
7 0.50348 0.2375 0.00209 0.00978
7 0.54161 0.24402 0.00174 0.00978
7 0.61316 0.25543 0.00209 0.01087
7 0.66243 0.27283 0.00244 0.01304
2 0.22876 0.20652 0.00348 0.01522
7 0.22789 0.2038 0.00313 0.01413
2 0.0625 0.40217 0.02751 0.10652
