7 0.25331 0.34457 0.01497 0.06304
2 0.58008 0.39457 0.01393 0.06304
7 0.41469 0.33207 0.01184 0.04891
2 0.69394 0.3663 0.00975 0.0413
2 0.67409 0.38098 0.01114 0.04891
2 0.52037 0.4163 0.01706 0.07609
2 0.63962 0.3288 0.00696 0.02935
2 0.61212 0.3163 0.00627 0.02609
2 0.496 0.49837 0.0282 0.11413
2 0.57695 0.3038 0.00627 0.025
7 0.49269 0.33098 0.01045 0.04239
7 0.43628 0.27554 0.00487 0.02283
7 0.51619 0.3087 0.00731 0.03261
2 0.76863 0.31848 0.00383 0.01522
2 0.54265 0.29239 0.00592 0.02391
7 0.4624 0.28207 0.00557 0.025
7 0.93506 0.34293 0.00313 0.01196
2 0.72963 0.31141 0.00453 0.0163
2 0.42775 0.25272 0.00313 0.01413
7 0.51671 0.32772 0.00975 0.03804
2 0.45735 0.25707 0.00383 0.01413
7 0.33113 0.23804 0.00279 0.01522
2 0.91539 0.33967 0.00348 0.01196
7 0.74112 0.31087 0.00383 0.01304
7 0.50522 0.30163 0.00696 0.02935
7 0.38597 0.26033 0.00383 0.02065
7 0.34506 0.24946 0.00418 0.01848
2 0.66626 0.34457 0.0087 0.03478
7 0.76323 0.31413 0.00348 0.01304
7 0.49356 0.26087 0.00244 0.01304
7 0.48381 0.2913 0.00731 0.02609
2 0.58287 0.28152 0.00348 0.01522
2 0.40407 0.24946 0.00313 0.0163
2 0.48189 0.27554 0.00487 0.02065
2 0.94969 0.34728 0.00313 0.01196
2 0.83235 0.32337 0.00313 0.01196
2 0.39276 0.24946 0.00348 0.0163
7 0.44307 0.25217 0.00313 0.01304
7 0.52542 0.31793 0.00766 0.0337
7 0.32347 0.24076 0.00348 0.0163
2 0.53151 0.2712 0.00313 0.01413
2 0.83287 0.32989 0.00279 0.01196
2 0.80815 0.32609 0.00348 0.01304
7 0.7157 0.30598 0.00383 0.01413
7 0.35759 0.23967 0.00348 0.01413
2 0.68907 0.30272 0.00348 0.0163
2 0.48729 0.2625 0.00313 0.01413
7 0.77751 0.31576 0.00348 0.01413
2 0.84523 0.33043 0.00244 0.01304
2 0.86595 0.3288 0.00348 0.01196
2 0.41017 0.25707 0.00418 0.01848
7 0.88945 0.33207 0.00244 0.01196
7 0.59001 0.28043 0.00313 0.01304
2 0.50766 0.28152 0.00418 0.02174
7 0.78813 0.31793 0.00244 0.01196
7 0.80989 0.3163 0.00279 0.01087
2 0.62239 0.74402 0.06163 0.20761
7 0.78238 0.31359 0.00348 0.01196
7 0.39607 0.24511 0.00244 0.01413
2 0.88684 0.33315 0.00279 0.01196
7 0.54231 0.27011 0.00313 0.01413
7 0.41382 0.26848 0.00522 0.02174
9 0.63475 0.28804 0.00348 0.02174
7 0.79074 0.31793 0.00279 0.01413
9 0.6391 0.28641 0.00383 0.02065
2 0.4516 0.26739 0.00418 0.01957
2 0.63022 0.29076 0.00348 0.01413
9 0.63075 0.28478 0.00313 0.02174
9 0.62517 0.28587 0.00313 0.02174
2 0.39519 0.25109 0.00348 0.01739
2 0.84593 0.32663 0.00244 0.01413
7 0.78726 0.3125 0.00279 0.01196
