2 0.86978 0.32337 0.02089 0.075
7 0.56442 0.40707 0.02159 0.09239
7 0.33304 0.29348 0.0087 0.03696
2 0.6962 0.27446 0.01079 0.04457
7 0.20195 0.3087 0.00905 0.03478
2 0.47197 0.26576 0.00662 0.02935
2 0.11699 0.2875 0.00557 0.02283
2 0.32486 0.27717 0.00696 0.02826
2 0.59157 0.25815 0.00766 0.0337
7 0.10289 0.31685 0.00801 0.03152
7 0.34732 0.76522 0.03099 0.16087
2 0.15233 0.29076 0.00731 0.025
7 0.5336 0.3163 0.01358 0.05435
2 0.21919 0.28859 0.00662 0.02717
7 0.46623 0.2837 0.00975 0.03913
2 0.32521 0.25054 0.00418 0.0163
2 0.14572 0.27337 0.00453 0.0163
2 0.2648 0.25815 0.00383 0.0163
7 0.10637 0.27391 0.00313 0.01739
2 0.08948 0.28098 0.00487 0.01848
2 0.19934 0.2663 0.00453 0.01739
2 0.37517 0.24402 0.00383 0.0163
7 0.17218 0.26359 0.00383 0.01848
7 0.22824 0.25761 0.00453 0.01739
7 0.29753 0.25 0.00453 0.01522
7 0.35568 0.24185 0.00383 0.01413
2 0.42566 0.23696 0.00453 0.01739
2 0.41852 0.23533 0.00348 0.0163
7 0.47946 0.22772 0.00279 0.01413
2 0.48189 0.23152 0.00348 0.01739
2 0.53499 0.22554 0.00383 0.01848
2 0.59854 0.22011 0.00418 0.01848
7 0.61647 0.21902 0.00313 0.01413
2 0.65564 0.21467 0.00418 0.0163
7 0.68959 0.2125 0.00383 0.0163
2 0.74251 0.20815 0.00453 0.01848
7 0.77455 0.20652 0.00453 0.01739
7 0.8515 0.20054 0.00522 0.02065
7 0.9328 0.19457 0.00487 0.02174
2 0.82643 0.20543 0.00522 0.02174
2 0.90895 0.20435 0.00522 0.02391
