7 0.85411 0.2337 0.00766 0.03043
7 0.81024 0.29185 0.01393 0.05109
7 0.75313 0.37337 0.02368 0.08587
7 0.23085 0.32772 0.01045 0.04457
7 0.83914 0.25435 0.00975 0.03913
7 0.53604 0.67826 0.06024 0.22174
7 0.87187 0.21087 0.00487 0.02174
7 0.87692 0.2038 0.00453 0.01848
7 0.86473 0.22011 0.00662 0.025
7 0.88075 0.19837 0.00383 0.0163
2 0.94063 0.18967 0.00313 0.01413
2 0.9476 0.19837 0.00522 0.01848
2 0.93628 0.1875 0.00279 0.01196
2 0.94481 0.19293 0.00383 0.0163
7 0.88353 0.19457 0.00313 0.01522
2 0.8313 0.18967 0.00244 0.01196
7 0.88545 0.1913 0.00279 0.01304
9 0.93558 0.18152 0.00348 0.01957
9 0.88753 0.18533 0.00279 0.02065
