2.0 0.5055114264097846 0.3641787855389096 0.04709141274238227 0.0443213296398892
2.0 0.49919694359924066 0.2793702649234194 0.030470914127423823 0.029085872576177285
2.0 0.4952384731484502 0.21312898757999796 0.019390581717451522 0.018005540166204988
2.0 0.4935701787849465 0.1859489496112296 0.013850415512465374 0.012465373961218837
2.0 0.5294757754580895 0.6343570392946292 0.10249307479224377 0.09418282548476455
2.0 0.49672304504854237 0.23833579246600672 0.023545706371191136 0.02077562326869806
2.0 0.4940018705020972 0.19702767062298462 0.015235457063711912 0.013850415512465374
9.0 0.4957082771645075 0.17607535848252884 0.01662049861495845 0.015235457063711912
8.0 0.4562587963459125 0.11483696098115978 0.009695290858725761 0.008310249307479225
8.0 0.49138137505439694 0.15758644229181837 0.006925207756232687 0.006925207756232687
8.0 0.4911765765821939 0.1608746177298568 0.008310249307479225 0.006925207756232687
8.0 0.4921023077519697 0.1654633187514548 0.008310249307479225 0.006925207756232687
8.0 0.4922864944919708 0.17037716323451238 0.0110803324099723 0.009695290858725761
8.0 0.4588921399749594 0.11434250716706394 0.0110803324099723 0.009695290858725761
8.0 0.46127313920859103 0.11472514797100475 0.006925207756232687 0.006925207756232687
8.0 0.46373252942153154 0.1152087763887153 0.006925207756232687 0.00554016620498615
8.0 0.4658716046165504 0.11531311542168862 0.006925207756232687 0.00554016620498615
8.0 0.46733822159038746 0.11583288161562333 0.006925207756232687 0.00554016620498615
8.0 0.4909761532516669 0.15418021062086326 0.008310249307479225 0.006925207756232687
8.0 0.49076042188379293 0.1515864636865297 0.00554016620498615 0.00554016620498615
