7 0.32521 0.34293 0.0188 0.06196
7 0.62657 0.33967 0.0101 0.04022
2 0.47145 0.49402 0.03064 0.12065
2 0.80345 0.35489 0.0087 0.03152
7 0.86769 0.35761 0.00696 0.02826
7 0.76097 0.3587 0.0094 0.03696
7 0.11038 0.41793 0.03621 0.11196
7 0.47893 0.33043 0.01288 0.04783
7 0.90442 0.37446 0.00801 0.03152
2 0.83861 0.39457 0.01149 0.04565
2 0.52751 0.40543 0.02159 0.07826
8 0.56407 0.30326 0.00766 0.03043
7 0.90338 0.35435 0.00592 0.02174
8 0.6156 0.30489 0.00766 0.02717
2 0.61247 0.37989 0.01602 0.05761
2 0.84053 0.33641 0.00627 0.02065
2 0.77507 0.33587 0.00766 0.02609
2 0.7171 0.37935 0.01428 0.05
8 0.70386 0.3288 0.00801 0.02935
2 0.90895 0.34783 0.00662 0.02174
8 0.65686 0.32826 0.0094 0.03261
2 0.79318 0.33152 0.00696 0.02174
7 0.87204 0.35109 0.00592 0.02609
2 0.57068 0.77663 0.02646 0.14239
