7.0 0.4101005179601377 0.33819330135674003 0.03076923076923077 0.05076923076923077
7.0 0.6353827472287282 0.41304835393678085 0.016923076923076923 0.03230769230769231
2.0 0.4802701526490925 0.4882246522944309 0.05384615384615385 0.09692307692307692
2.0 0.7632158969374647 0.469744309929202 0.013846153846153847 0.024615384615384615
7.0 0.8103628796654413 0.48824429468180897 0.013846153846153847 0.024615384615384615
7.0 0.7306006747757883 0.4616880218872129 0.016923076923076923 0.02923076923076923
7.0 0.2308663579658185 0.3389590064529461 0.055384615384615386 0.09230769230769231
7.0 0.5277933414899574 0.36830469444624664 0.021538461538461538 0.04
7.0 0.8333974240133333 0.5102131168845391 0.013846153846153847 0.026153846153846153
2.0 0.7792264431522287 0.5083137845998686 0.02 0.036923076923076927
2.0 0.5447410777653174 0.43662124365563193 0.03538461538461538 0.06307692307692307
8.0 0.5981713950298972 0.36990302687914167 0.013846153846153847 0.026153846153846153
7.0 0.8377800150425105 0.4949689317288466 0.010769230769230769 0.016923076923076923
8.0 0.6361317808879592 0.38433175581149703 0.012307692307692308 0.021538461538461538
2.0 0.6145670618423171 0.43938740319827696 0.026153846153846153 0.047692307692307694
2.0 0.795571404749967 0.46548989231655646 0.009230769230769232 0.018461538461538463
2.0 0.7469567375999269 0.4483006569813971 0.012307692307692308 0.021538461538461538
2.0 0.6926316351786281 0.46581732839313034 0.023076923076923078 0.04153846153846154
8.0 0.6957342010011506 0.4247734499052567 0.013846153846153847 0.023076923076923078
2.0 0.8436004647818525 0.49154139381469036 0.010769230769230769 0.018461538461538463
8.0 0.660868130355185 0.41231823599042783 0.016923076923076923 0.027692307692307693
2.0 0.7615602086653239 0.4497051387327222 0.009230769230769232 0.016923076923076923
7.0 0.8152747006000719 0.48450389077996026 0.012307692307692308 0.021538461538461538
2.0 0.48169980798493656 0.7241535690634404 0.055384615384615386 0.1123076923076923
