7.0 0.30121882345868933 0.3626793134189783 0.020146520146520148 0.056776556776556776
7.0 0.7884265872689267 0.37458674608665077 0.01282051282051282 0.0347985347985348
7.0 0.28719621463808437 0.33300585745631395 0.014652014652014652 0.047619047619047616
2.0 0.730309602128364 0.3883610755356785 0.01282051282051282 0.04395604395604396
9.0 0.2067481827065319 0.3948256542990064 0.047619047619047616 0.14102564102564102
2.0 0.6342093657487039 0.38792751580567164 0.018315018315018316 0.05128205128205128
2.0 0.11543146199968421 0.2755400312619678 0.01098901098901099 0.031135531135531136
7.0 0.239748861629235 0.40580048733799623 0.029304029304029304 0.08424908424908426
9.0 0.5010716319395018 0.42176250295198153 0.0347985347985348 0.1336996336996337
8.0 0.5483334196398818 0.3229235285838363 0.007326007326007326 0.027472527472527472
2.0 0.5516155171345586 0.40494566488902656 0.02197802197802198 0.0641025641025641
7.0 0.6546451910220167 0.35942596293966234 0.01282051282051282 0.038461538461538464
2.0 0.8447874221780973 0.4012996248755982 0.014652014652014652 0.040293040293040296
2.0 0.23022026169887952 0.2905060757185866 0.01282051282051282 0.0347985347985348
2.0 0.4094552079191964 0.33314244931703985 0.01282051282051282 0.040293040293040296
8.0 0.46207605850923744 0.31107607373060775 0.009157509157509158 0.02564102564102564
8.0 0.43009120775168536 0.3240382866112726 0.009157509157509158 0.03296703296703297
9.0 0.25726447073043085 0.37546329513468574 0.038461538461538464 0.11904761904761904
7.0 0.06767156846890487 0.28296881003190516 0.01098901098901099 0.0347985347985348
7.0 0.16213859809468556 0.29526680940623845 0.01282051282051282 0.03663003663003663
7.0 0.23760418520953908 0.31194858010041226 0.014652014652014652 0.03663003663003663
2.0 0.33039485442305966 0.30954910610077435 0.01282051282051282 0.0347985347985348
2.0 0.5190876893699007 0.6279178404656074 0.054945054945054944 0.1684981684981685
9.0 0.49200537117911836 0.45355810009498415 0.040293040293040296 0.16117216117216118
8.0 0.4816154931209276 0.3025562004739793 0.005494505494505495 0.02197802197802198
7.0 0.5374262398565105 0.3517833941146767 0.01282051282051282 0.040293040293040296
8.0 0.49559066068283214 0.2964652594173478 0.005494505494505495 0.016483516483516484
8.0 0.5157793735529299 0.2996502189048277 0.005494505494505495 0.018315018315018316
8.0 0.5542900998358191 0.305135449943373 0.005494505494505495 0.018315018315018316
8.0 0.5418903082118176 0.34074562180959195 0.01098901098901099 0.0347985347985348
8.0 0.5518239714042951 0.3119444310025645 0.005494505494505495 0.02197802197802198
8.0 0.5365782204116994 0.302284903528461 0.003663003663003663 0.018315018315018316
