7.0 0.19216430133665127 0.7619403863101635 0.021705426356589147 0.010852713178294573
7.0 0.47838678265570317 0.15746520143015297 0.02635658914728682 0.015503875968992248
2.0 0.20603528668107782 0.7555468256251775 0.02635658914728682 0.013953488372093023
2.0 0.337858266934691 0.45734109283769336 0.02635658914728682 0.013953488372093023
2.0 0.36269994554775636 0.7843654442471095 0.08837209302325581 0.05116279069767442
7.0 0.4303860027262964 0.25215098598967056 0.023255813953488372 0.010852713178294573
2.0 0.26690260527246346 0.6101133767189914 0.027906976744186046 0.015503875968992248
2.0 0.2989203595942179 0.540882706677568 0.027906976744186046 0.015503875968992248
7.0 0.3812332821275381 0.3531563679859034 0.023255813953488372 0.012403100775193798
2.0 0.49583009219943525 0.14845139889092962 0.03565891472868217 0.018604651162790697
2.0 0.3731965174111454 0.3820781072074051 0.02945736434108527 0.013953488372093023
2.0 0.42908099028738783 0.26872876357383485 0.02945736434108527 0.017054263565891473
7.0 0.30104303982864966 0.5176012856185346 0.018604651162790697 0.009302325581395349
7.0 0.26007423099672483 0.6017934186237072 0.020155038759689922 0.010852713178294573
7.0 0.3390548704894772 0.4397098191900508 0.020155038759689922 0.010852713178294573
7.0 0.22717455349331175 0.6765383455826582 0.020155038759689922 0.010852713178294573
2.0 0.6765968102926867 0.47862229444389 0.17829457364341086 0.09922480620155039
2.0 0.23446389597025302 0.6834139015765059 0.024806201550387597 0.013953488372093023
