7.0 0.6739190439314432 0.4448437561238528 0.029045643153526972 0.029045643153526972
7.0 0.6887867730673611 0.47258015121769764 0.0318118948824343 0.0318118948824343
7.0 0.6526578643984378 0.41521567380722496 0.024896265560165973 0.024896265560165973
7.0 0.6284521214979291 0.39076739944068545 0.02351313969571231 0.02351313969571231
7.0 0.6009244784638619 0.525763496897888 0.06639004149377593 0.06639004149377593
7.0 0.5718644321140903 0.3382674233337473 0.017980636237897647 0.017980636237897647
7.0 0.8554920410961471 0.5335150029160257 0.012448132780082987 0.012448132780082987
2.0 0.8066296343851783 0.5574858119279613 0.030428769017980636 0.030428769017980636
7.0 0.672305737806664 0.5251435590422077 0.051175656984785614 0.05255878284923928
7.0 0.543487387581297 0.3092593620180696 0.015214384508990318 0.015214384508990318
2.0 0.7965697732279953 0.49158804956951285 0.012448132780082987 0.013831258644536652
7.0 0.6917438032980572 0.5011104092887884 0.040110650069156296 0.04149377593360996
7.0 0.8820229644258532 0.5543117693276745 0.012448132780082987 0.013831258644536652
2.0 0.7615177777675072 0.5010844547962989 0.02351313969571231 0.02351313969571231
2.0 0.8305484161759144 0.519586839803019 0.013831258644536652 0.013831258644536652
7.0 0.5746724007115411 0.3163675754907873 0.012448132780082987 0.012448132780082987
2.0 0.7225141128223526 0.4580635971628048 0.019363762102351315 0.019363762102351315
2.0 0.7521299648043925 0.45188236131658044 0.012448132780082987 0.012448132780082987
2.0 0.608814444072481 0.35200604703459554 0.015214384508990318 0.016597510373443983
2.0 0.618058864515323 0.3502420568238784 0.013831258644536652 0.013831258644536652
2.0 0.680749076458706 0.4166585102053697 0.017980636237897647 0.017980636237897647
2.0 0.6345653883916986 0.36082676542275705 0.013831258644536652 0.013831258644536652
7.0 0.8073184670235599 0.49394460277093355 0.011065006915629323 0.012448132780082987
7.0 0.767222583916255 0.4595068545962026 0.011065006915629323 0.012448132780082987
7.0 0.6499349877022093 0.3671042228342596 0.012448132780082987 0.013831258644536652
2.0 0.6934905008882192 0.4043512891544742 0.012448132780082987 0.012448132780082987
2.0 0.8748184254001073 0.556450826765299 0.015214384508990318 0.016597510373443983
7.0 0.6104428453320636 0.33913656431842615 0.011065006915629323 0.012448132780082987
2.0 0.6246819279711529 0.36787055049512046 0.017980636237897647 0.017980636237897647
2.0 0.6609210181931456 0.37932782169584295 0.012448132780082987 0.013831258644536652
9.0 0.26808145801649635 0.46222957226653394 0.18118948824343015 0.18533886583679116
7.0 0.17418379952934884 0.4732088797712613 0.06915629322268327 0.07192254495159059
7.0 0.5497267011238864 0.3040420768428987 0.013831258644536652 0.015214384508990318
7.0 0.8272812214609783 0.5100130747490608 0.012448132780082987 0.012448132780082987
7.0 0.6887935642797351 0.39607456651285633 0.012448132780082987 0.011065006915629323
7.0 0.7281906136937687 0.42662812293822033 0.011065006915629323 0.011065006915629323
2.0 0.6065124748407014 0.3455105097181836 0.013831258644536652 0.013831258644536652
2.0 0.7242751557301367 0.42926568092714745 0.012448132780082987 0.013831258644536652
