7 0.50487 0.35707 0.01532 0.06848
7 0.41347 0.30652 0.0094 0.04348
7 0.49164 0.32989 0.01323 0.05761
7 0.44568 0.26033 0.00696 0.02283
2 0.80571 0.3087 0.02019 0.06957
7 0.59262 0.23043 0.00487 0.02174
7 0.50836 0.24783 0.00557 0.02391
7 0.4765 0.42011 0.02263 0.09674
7 0.36908 0.2913 0.00696 0.03478
2 0.64903 0.27717 0.01045 0.0413
2 0.91783 0.35435 0.02786 0.0913
2 0.71274 0.28696 0.01602 0.05217
2 0.67705 0.22609 0.00592 0.02391
7 0.46344 0.31467 0.01114 0.04891
7 0.39084 0.27337 0.00592 0.02717
2 0.54909 0.25326 0.00696 0.02826
2 0.52542 0.2625 0.00766 0.03152
2 0.68419 0.20598 0.00487 0.0163
2 0.71222 0.19783 0.00453 0.01522
2 0.70613 0.21413 0.00418 0.02174
2 0.56267 0.27174 0.00975 0.03913
7 0.56529 0.23641 0.00522 0.02283
2 0.74095 0.19348 0.00348 0.01522
2 0.64015 0.23424 0.00662 0.025
7 0.70386 0.19457 0.00313 0.01304
7 0.23242 0.75543 0.04143 0.18261
7 0.66243 0.20109 0.00244 0.01304
7 0.86786 0.17554 0.00313 0.01413
2 0.89607 0.17554 0.00453 0.0163
7 0.43733 0.50761 0.03273 0.13261
2 0.86281 0.1788 0.00418 0.0163
7 0.6337 0.20761 0.00279 0.01522
2 0.94325 0.17283 0.00487 0.01957
7 0.92897 0.17011 0.00418 0.0163
7 0.621 0.22065 0.00453 0.01739
2 0.70787 0.21087 0.00487 0.02174
7 0.80763 0.18098 0.00313 0.0163
2 0.6929 0.20217 0.00348 0.01522
2 0.81128 0.18424 0.00348 0.01413
2 0.77315 0.18859 0.00383 0.0163
7 0.61316 0.22391 0.00487 0.01957
7 0.60933 0.21467 0.00348 0.0163
7 0.75279 0.18804 0.00348 0.01522
2 0.69185 0.20815 0.00348 0.01413
7 0.6163 0.21793 0.00418 0.01848
