7 0.25749 0.32989 0.01497 0.05978
2 0.47302 0.45489 0.02333 0.10109
2 0.63092 0.36413 0.01184 0.04783
7 0.60254 0.32609 0.00801 0.03478
2 0.76724 0.33913 0.00662 0.02826
7 0.64833 0.32174 0.00696 0.03043
7 0.52977 0.32011 0.0094 0.03804
2 0.77873 0.35054 0.00731 0.03152
2 0.74338 0.36957 0.01045 0.04348
2 0.74896 0.32935 0.00627 0.02609
7 0.63005 0.32554 0.00662 0.03152
2 0.78534 0.36522 0.0087 0.03696
2 0.49808 0.38913 0.01567 0.06957
7 0.91104 0.33478 0.00453 0.01522
7 0.879 0.32772 0.00313 0.01413
2 0.72232 0.31848 0.00522 0.02174
2 0.5618 0.36522 0.01358 0.05435
2 0.92235 0.33967 0.00418 0.0163
7 0.59506 0.29022 0.00418 0.01957
2 0.69516 0.3087 0.00522 0.01957
7 0.55519 0.27772 0.00383 0.01848
2 0.57173 0.27228 0.00348 0.0163
7 0.64345 0.31087 0.00487 0.02391
7 0.61542 0.29674 0.00522 0.02174
7 0.6304 0.3038 0.00522 0.02283
7 0.39659 0.31467 0.01184 0.04457
2 0.66522 0.3 0.00453 0.01957
7 0.51689 0.25924 0.00244 0.01413
7 0.5773 0.28478 0.00487 0.01957
2 0.52594 0.62935 0.04352 0.17391
7 0.06285 0.38533 0.02681 0.09674
2 0.64363 0.29293 0.00313 0.01848
2 0.63614 0.27989 0.00348 0.01196
2 0.80919 0.31576 0.00348 0.01413
2 0.58339 0.27772 0.00244 0.01413
2 0.75992 0.30489 0.00313 0.01413
7 0.67444 0.28478 0.00279 0.01304
2 0.60707 0.27554 0.00313 0.01413
2 0.61838 0.28641 0.00348 0.0163
7 0.52315 0.26793 0.00313 0.0163
7 0.54265 0.26359 0.00244 0.01196
2 0.66504 0.28478 0.00279 0.01304
2 0.70822 0.29457 0.00348 0.01522
2 0.87396 0.32935 0.00348 0.01522
7 0.94429 0.34076 0.00348 0.01413
7 0.77124 0.30489 0.00348 0.01413
7 0.50766 0.26196 0.00279 0.01522
7 0.72232 0.29402 0.00313 0.01413
9 0.80397 0.30978 0.00348 0.02391
7 0.62483 0.27554 0.00244 0.01196
9 0.82312 0.31141 0.00348 0.02283
7 0.57921 0.26793 0.00313 0.01196
9 0.81407 0.31196 0.00348 0.02391
7 0.81842 0.31467 0.00313 0.01413
7 0.6485 0.31576 0.00662 0.02717
2 0.58374 0.2712 0.00244 0.01413
