7.0 0.4601244732382431 0.3827526408209449 0.031791907514450865 0.044797687861271675
7.0 0.6335054357459835 0.23773866196182059 0.02745664739884393 0.03901734104046243
7.0 0.24925604918672825 0.5030771058843313 0.023121387283236993 0.031791907514450865
7.0 0.32092587936742784 0.45130227575836757 0.023121387283236993 0.033236994219653176
7.0 0.5345996281403628 0.37822258089070904 0.044797687861271675 0.06358381502890173
7.0 0.3910665429968557 0.4103626499287868 0.024566473988439308 0.036127167630057806
7.0 0.7004258106836931 0.17619612881397143 0.024566473988439308 0.036127167630057806
8.0 0.5739661601179409 0.2379723474466913 0.017341040462427744 0.023121387283236993
2.0 0.44002170285630565 0.3542747133565962 0.02167630057803468 0.031791907514450865
2.0 0.2668803038516992 0.47093007426712896 0.01878612716763006 0.02601156069364162
8.0 0.6086595199146421 0.238195552580269 0.023121387283236993 0.031791907514450865
2.0 0.16397763759290135 0.5547890205205046 0.01878612716763006 0.02745664739884393
8.0 0.5541135002910226 0.2385060619017403 0.01300578034682081 0.01878612716763006
2.0 0.3518717659768967 0.4093486013513457 0.01878612716763006 0.02745664739884393
8.0 0.50987681802864 0.28343727969746824 0.017341040462427744 0.024566473988439308
2.0 0.5282753857443323 0.3100811829350239 0.02601156069364162 0.036127167630057806
8.0 0.5406648941195082 0.2392798540621637 0.010115606936416185 0.014450867052023121
9.0 0.5856308365375439 0.39298735130464807 0.0968208092485549 0.14739884393063585
9.0 0.6226709168311598 0.43932489854205087 0.12572254335260116 0.19219653179190752
8.0 0.5276640685574379 0.24801929220483437 0.011560693641618497 0.015895953757225433
8.0 0.5204122390079269 0.2996897781870791 0.02023121387283237 0.030346820809248554
8.0 0.5130981469950107 0.25849591522927096 0.008670520231213872 0.014450867052023121
8.0 0.4985733016044928 0.26849819337722647 0.010115606936416185 0.014450867052023121
8.0 0.50307259272714 0.27475373758654265 0.01300578034682081 0.01878612716763006
7.0 0.1643207241068006 0.5760167547965958 0.017341040462427744 0.02745664739884393
7.0 0.6595871732449866 0.6478672744267531 0.030346820809248554 0.04046242774566474
