7 0.68959 0.30109 0.01358 0.0587
7 0.7359 0.3913 0.02333 0.09783
7 0.58722 0.27228 0.0101 0.04239
7 0.36247 0.26413 0.00627 0.02826
7 0.72685 0.33533 0.01706 0.075
2 0.91678 0.2712 0.01602 0.05543
7 0.65111 0.49402 0.04039 0.14457
7 0.42044 0.26848 0.00731 0.03261
2 0.70891 0.24402 0.00905 0.03587
2 0.82173 0.20272 0.00627 0.02283
7 0.83461 0.19457 0.00418 0.02174
7 0.87291 0.1913 0.00487 0.02174
7 0.92897 0.18804 0.00487 0.02174
7 0.53552 0.26848 0.00905 0.03913
2 0.5094 0.24511 0.00627 0.02717
2 0.48555 0.23261 0.00522 0.02174
7 0.64189 0.28315 0.01219 0.04891
2 0.61995 0.24022 0.00801 0.03261
7 0.40529 0.24022 0.00418 0.01957
2 0.88806 0.19891 0.00662 0.02609
7 0.60707 0.20978 0.00453 0.01957
2 0.56041 0.22174 0.00592 0.01957
2 0.62047 0.21413 0.00627 0.02174
7 0.75505 0.19837 0.00522 0.02065
2 0.73224 0.20598 0.00557 0.02283
2 0.51358 0.22717 0.00487 0.01957
7 0.53691 0.21902 0.00418 0.01848
2 0.4765 0.24402 0.00662 0.02717
7 0.3663 0.25272 0.00418 0.02283
2 0.79909 0.25272 0.01114 0.04239
7 0.4671 0.2288 0.00522 0.02065
2 0.46779 0.24022 0.00522 0.02609
7 0.68036 0.2038 0.00418 0.01848
2 0.67897 0.20924 0.00487 0.02065
