7.0 0.7815485643810102 0.4817976595562269 0.014084507042253521 0.026604068857589983
2.0 0.5425581507983348 0.4834096480079094 0.03755868544600939 0.0782472613458529
7.0 0.6024844169831151 0.39381424777612306 0.01564945226917058 0.0297339593114241
7.0 0.414018550373686 0.33847343612394454 0.025039123630672927 0.048513302034428794
7.0 0.8420524486358965 0.516240077940849 0.01564945226917058 0.028169014084507043
2.0 0.6328085025069691 0.4463440953620338 0.02190923317683881 0.04538341158059468
7.0 0.279819060192656 0.3375111224192278 0.0406885758998435 0.07511737089201878
7.0 0.6881501866079102 0.4318438999509759 0.014084507042253521 0.026604068857589983
2.0 0.6862537613787841 0.45903924861794854 0.017214397496087636 0.03912363067292645
2.0 0.5816709199175535 0.4475591835799872 0.026604068857589983 0.054773082942097026
7.0 0.8627458384273808 0.4934174434515453 0.00782472613458529 0.01564945226917058
7.0 0.5143730319060443 0.36186547583086337 0.017214397496087636 0.03442879499217527
2.0 0.7505222671513393 0.4864299527888633 0.02034428794992175 0.03755868544600939
2.0 0.8099073846502951 0.5168856276911017 0.018779342723004695 0.03599374021909233
2.0 0.578306307688642 0.6336838796345694 0.07355242566510173 0.13302034428794993
7.0 0.8573273330830231 0.4858455304080629 0.006259780907668232 0.012519561815336464
7.0 0.871902364238057 0.49257217216773724 0.006259780907668232 0.010954616588419406
