7 0.30984 0.44398 0.02074 0.04537
7 0.19654 0.49444 0.03245 0.06852
7 0.3984 0.41806 0.01383 0.03426
7 0.89043 0.38565 0.01064 0.0213
7 0.72367 0.37546 0.00691 0.01759
7 0.35266 0.38704 0.00745 0.01852
7 0.45798 0.40231 0.00957 0.025
7 0.26543 0.38333 0.00851 0.02037
7 0.82633 0.38009 0.00798 0.01944
7 0.46463 0.39352 0.00798 0.02407
7 0.42686 0.38843 0.00798 0.01944
7 0.64521 0.37407 0.00638 0.01481
2 0.86995 0.45694 0.02287 0.05278
2 0.71197 0.47546 0.02394 0.05648
2 0.77527 0.42407 0.01543 0.03889
2 0.63644 0.4287 0.01649 0.04074
2 0.56835 0.38194 0.00904 0.0213
2 0.62181 0.41481 0.01596 0.03333
2 0.66144 0.40556 0.01011 0.02593
2 0.66862 0.3963 0.01596 0.03333
2 0.59947 0.38102 0.00851 0.01944
2 0.47447 0.37639 0.00638 0.01759
2 0.52074 0.38102 0.00638 0.01944
2 0.52553 0.37917 0.00638 0.01759
2 0.45319 0.38056 0.00745 0.01852
2 0.63271 0.38843 0.00904 0.02315
2 0.74947 0.40602 0.01383 0.03056
2 0.75745 0.39352 0.00957 0.02407
2 0.74229 0.38796 0.00904 0.02222
