7.0 0.3056440861440019 0.32155448460984715 0.035830618892508145 0.057003257328990226
7.0 0.4712477390330542 0.5225622749022834 0.08794788273615635 0.1465798045602606
7.0 0.36542626027223346 0.40850241826917333 0.05211726384364821 0.09120521172638436
7.0 0.604739264725541 0.4044872952577178 0.04071661237785016 0.0732899022801303
7.0 0.6583444204702935 0.35816297212749826 0.030944625407166124 0.04723127035830619
7.0 0.7089436920809347 0.3403535014529108 0.024429967426710098 0.03908794788273615
7.0 0.7325342427171412 0.3278791354196235 0.019543973941368076 0.030944625407166124
7.0 0.12271672343199945 0.6008247401876013 0.10912052117263844 0.22149837133550487
7.0 0.7462111311465586 0.318310790415721 0.014657980456026058 0.024429967426710098
2.0 0.9147292479190086 0.3395865650216538 0.016286644951140065 0.02768729641693811
8.0 0.7521165672733452 0.3153437661790538 0.011400651465798045 0.024429967426710098
