7.0 0.45060857252733316 0.5479859494698663 0.026465028355387523 0.03780718336483932
7.0 0.2374479398773287 0.5444935078606193 0.020793950850661626 0.034026465028355386
7.0 0.20965081676287745 0.4954778154303991 0.007561436672967864 0.013232514177693762
7.0 0.47755917342732335 0.5100339785732056 0.011342155009451797 0.022684310018903593
7.0 0.4295944983336371 0.5027419828801727 0.013232514177693762 0.011342155009451797
7.0 0.39995964036052756 0.4969229488166836 0.00945179584120983 0.015122873345935728
7.0 0.35810331540559814 0.5077316040214033 0.00945179584120983 0.01890359168241966
2.0 0.7328178436856561 0.8338599461816203 0.1323251417769376 0.18525519848771266
2.0 0.6091713279411248 0.569957744737142 0.034026465028355386 0.05103969754253308
2.0 0.27321773848249337 0.5823501722846915 0.04158790170132325 0.052930056710775046
2.0 0.07234394919686402 0.555365986603906 0.022684310018903593 0.035916824196597356
2.0 0.2041518420511336 0.5323097776897894 0.020793950850661626 0.02835538752362949
2.0 0.24903106869093683 0.5170258978272263 0.00945179584120983 0.020793950850661626
2.0 0.2982385833903221 0.5272763405243216 0.020793950850661626 0.024574669187145556
2.0 0.5075158778478829 0.4777943309164947 0.011342155009451797 0.017013232514177693
2.0 0.3544446549233045 0.5015703732961875 0.00945179584120983 0.015122873345935728
8.0 0.42823558212198587 0.5272351490408718 0.020793950850661626 0.030245746691871456
8.0 0.08423645538062405 0.5046178651724326 0.013232514177693762 0.017013232514177693
8.0 0.23304426491258748 0.5258325750676395 0.022684310018903593 0.01890359168241966
8.0 0.20193681841891886 0.5039438903998985 0.011342155009451797 0.017013232514177693
8.0 0.4519481777623362 0.4952035719947913 0.007561436672967864 0.013232514177693762
