7 0.54415 0.51065 0.03511 0.0713
7 0.73138 0.46389 0.02447 0.05
7 0.77979 0.44213 0.01809 0.03981
7 0.78697 0.42778 0.01117 0.03333
7 0.75559 0.41574 0.01223 0.02778
7 0.51277 0.38102 0.00532 0.01759
7 0.52527 0.37454 0.00479 0.01389
7 0.53617 0.3875 0.00638 0.01574
7 0.56037 0.37222 0.00372 0.01111
7 0.59415 0.39491 0.00851 0.0213
7 0.61569 0.37037 0.00266 0.00926
7 0.68351 0.40463 0.01064 0.02407
7 0.68005 0.37037 0.00372 0.00926
7 0.74814 0.36991 0.00479 0.01019
7 0.28457 0.62963 0.07021 0.12778
7 0.84096 0.37269 0.00532 0.01389
7 0.91463 0.37454 0.00372 0.01019
2 0.62261 0.38009 0.00585 0.01574
2 0.63032 0.37639 0.00532 0.01389
2 0.66543 0.38519 0.00745 0.01852
2 0.69202 0.37454 0.00532 0.01389
2 0.72713 0.3912 0.00957 0.01944
2 0.75399 0.37454 0.00585 0.01389
2 0.81995 0.39907 0.01223 0.02407
2 0.85532 0.37778 0.00745 0.01667
2 0.9 0.38056 0.00745 0.01667
