7 0.2008 0.61759 0.075 0.14259
7 0.25346 0.38194 0.01543 0.03426
7 0.45186 0.46528 0.03351 0.06759
7 0.38644 0.3787 0.0133 0.03148
7 0.52473 0.39167 0.01543 0.03704
7 0.54176 0.42454 0.02287 0.04907
7 0.22021 0.35 0.01064 0.01852
7 0.38191 0.35139 0.00851 0.01389
7 0.52527 0.35 0.00798 0.01481
7 0.63005 0.34769 0.00798 0.01204
7 0.74707 0.34861 0.01011 0.01389
7 0.83165 0.35787 0.0133 0.01574
7 0.90399 0.36435 0.01543 0.01759
2 0.89894 0.44676 0.03085 0.05648
2 0.8117 0.40046 0.01915 0.03796
2 0.19043 0.3625 0.01383 0.03056
2 0.46117 0.36204 0.01277 0.02593
2 0.57713 0.36991 0.01383 0.02685
2 0.32979 0.36157 0.01277 0.02685
2 0.69016 0.38287 0.01649 0.03241
