7 0.82799 0.33885 0.04596 0.09392
7 0.6398 0.41182 0.04979 0.11284
7 0.55832 0.31689 0.0289 0.06757
7 0.38405 0.29459 0.02507 0.0527
7 0.07765 0.5402 0.0571 0.15743
7 0.2493 0.2598 0.0195 0.03311
7 0.30989 0.27331 0.02089 0.04122
7 0.19342 0.25 0.01915 0.02973
7 0.80275 0.20777 0.01706 0.03311
7 0.67288 0.21216 0.01079 0.02703
2 0.88127 0.25743 0.02855 0.05676
2 0.90877 0.24493 0.02646 0.05338
2 0.69673 0.24459 0.02159 0.04189
2 0.65721 0.2625 0.02263 0.03986
2 0.35289 0.23142 0.0101 0.025
2 0.45474 0.24696 0.01741 0.03176
2 0.52611 0.25372 0.01741 0.03716
2 0.56198 0.23953 0.01323 0.03446
8 0.18054 0.24595 0.01358 0.02973
8 0.34732 0.23007 0.0087 0.02365
8 0.54892 0.23919 0.01497 0.03378
8 0.65843 0.2125 0.01184 0.02635
