7.0 0.4744955134219603 0.4206651381048816 0.022889842632331903 0.02861230329041488
7.0 0.4998490029410317 0.41454731426319136 0.015736766809728183 0.01859799713876967
7.0 0.40216342165069674 0.4376442478587137 0.04291845493562232 0.05293276108726753
7.0 0.512695987112762 0.4110030955402733 0.012875536480686695 0.01430615164520744
7.0 0.519957179173031 0.4093255694361829 0.008583690987124463 0.011444921316165951
7.0 0.5253688958858682 0.4069693112907468 0.00715307582260372 0.008583690987124463
7.0 0.529427130473684 0.405785393010209 0.00715307582260372 0.008583690987124463
2.0 0.5944535021340276 0.48679349500770097 0.020028612303290415 0.02575107296137339
2.0 0.5806620985819247 0.4600375876404475 0.015736766809728183 0.01859799713876967
2.0 0.6289125264933108 0.5634662533800863 0.044349070100143065 0.05436337625178827
2.0 0.5735935493348534 0.44538419338548274 0.011444921316165951 0.012875536480686695
2.0 0.5690533005147398 0.4368846443199226 0.008583690987124463 0.010014306151645207
2.0 0.5662023450015797 0.4301469931889346 0.005722460658082976 0.008583690987124463
2.0 0.563842983073592 0.42604445782150985 0.005722460658082976 0.00715307582260372
2.0 0.5626663002076231 0.4230138055772601 0.004291845493562232 0.004291845493562232
