7.0 0.1782370931073437 0.3521601015026629 0.0214168039538715 0.036243822075782535
7.0 0.2679076435541095 0.3748161094803836 0.019769357495881382 0.03459637561779242
7.0 0.3140093886181021 0.3434905000724967 0.008237232289950576 0.011532125205930808
7.0 0.3488509344346252 0.3532935953156573 0.009884678747940691 0.013179571663920923
7.0 0.3828793404416135 0.3637172021323727 0.011532125205930808 0.013179571663920923
7.0 0.31397127901213756 0.40736430329786405 0.02471169686985173 0.039538714991762765
7.0 0.30822842750668805 0.47320754866949394 0.042833607907743 0.07084019769357495
7.0 0.45777606432399354 0.38682888042455627 0.011532125205930808 0.013179571663920923
7.0 0.530387627976665 0.4142408016705853 0.011532125205930808 0.014827018121911038
2.0 0.17579656583161327 0.33447222746766136 0.014827018121911038 0.026359143327841845
2.0 0.31196184479739064 0.3650103739018455 0.014827018121911038 0.02471169686985173
2.0 0.42494360646851265 0.40100324563261436 0.016474464579901153 0.026359143327841845
2.0 0.5061428069249886 0.4398210863079326 0.019769357495881382 0.032948929159802305
2.0 0.5911573827662439 0.49302308991343236 0.029654036243822075 0.04942339373970346
2.0 0.6736958323669204 0.6031907652705085 0.057660626029654036 0.09884678747940692
