7 0.09854 0.54983 0.02646 0.03351
7 0.20787 0.50451 0.00975 0.01418
7 0.30832 0.50666 0.0087 0.01332
7 0.34279 0.5 0.00731 0.01117
7 0.44011 0.52019 0.01393 0.01976
7 0.48712 0.49506 0.00627 0.00902
7 0.53639 0.49764 0.00592 0.01074
7 0.55205 0.51031 0.0094 0.01546
7 0.61403 0.50107 0.00731 0.0116
7 0.61368 0.50795 0.0087 0.01418
7 0.61142 0.52384 0.01253 0.02105
7 0.67984 0.50902 0.0094 0.01546
7 0.73398 0.53802 0.01811 0.02706
7 0.8078 0.5247 0.01462 0.02105
7 0.38318 0.53866 0.01845 0.02749
2 0.34697 0.70962 0.07068 0.10825
2 0.28186 0.5988 0.03795 0.05498
2 0.2493 0.51783 0.01393 0.02019
2 0.40512 0.50193 0.0087 0.01332
2 0.41017 0.49678 0.00627 0.01074
2 0.42514 0.49399 0.00627 0.00945
2 0.44377 0.50795 0.0101 0.01589
2 0.54318 0.49399 0.00487 0.00859
2 0.59123 0.49699 0.00627 0.01031
2 0.60341 0.50279 0.00766 0.01246
2 0.64607 0.50322 0.00801 0.01332
2 0.74896 0.51589 0.01184 0.01804
2 0.94342 0.56422 0.01497 0.03651
8 0.49791 0.49785 0.00696 0.01117
8 0.52141 0.49313 0.00522 0.00773
8 0.53621 0.5058 0.00905 0.01332
8 0.54056 0.50172 0.00731 0.01203
8 0.5585 0.51224 0.01114 0.01589
8 0.60359 0.49785 0.00662 0.01117
8 0.63388 0.53866 0.01915 0.02749
8 0.68367 0.52169 0.01219 0.01933
8 0.73224 0.50838 0.00905 0.01418
8 0.80623 0.57345 0.0296 0.0421
8 0.93297 0.52083 0.01288 0.01847
