7.0 0.39915346709356275 0.438797865118894 0.013179571663920923 0.023064250411861616
7.0 0.13682365297194193 0.4821746332386489 0.011532125205930808 0.0214168039538715
7.0 0.7513437065682289 0.3423791009464826 0.011532125205930808 0.018121911037891267
7.0 0.5666759541743831 0.3971966211097544 0.011532125205930808 0.018121911037891267
7.0 0.32914669423771303 0.4460897009795387 0.013179571663920923 0.0214168039538715
7.0 0.23411467641894093 0.4619000860683369 0.011532125205930808 0.019769357495881382
7.0 0.39828735079395294 0.49407665639194825 0.029654036243822075 0.047775947281713346
7.0 0.45653562908253753 0.4541439446669635 0.013179571663920923 0.03130148270181219
7.0 0.6478129736542801 0.3699731794597392 0.011532125205930808 0.0214168039538715
2.0 0.7980610258918089 0.33883031985413864 0.014827018121911038 0.0214168039538715
2.0 0.69359216684233 0.4289103839869749 0.026359143327841845 0.04942339373970346
2.0 0.7128300481173496 0.3629399635904816 0.014827018121911038 0.02471169686985173
2.0 0.6497197653656854 0.38433970625722047 0.014827018121911038 0.026359143327841845
2.0 0.15064475520661771 0.4716569275650737 0.011532125205930808 0.019769357495881382
2.0 0.268123249244392 0.44708277769004534 0.011532125205930808 0.018121911037891267
2.0 0.3793924527775132 0.4278210722346076 0.013179571663920923 0.0214168039538715
2.0 0.30170939135830305 0.6762930690022073 0.08237232289950576 0.1301482701812191
2.0 0.4570722859556926 0.4188982770543619 0.009884678747940691 0.0214168039538715
2.0 0.6085218126009847 0.4214416091891202 0.018121911037891267 0.039538714991762765
2.0 0.6078041940391553 0.4040283448867896 0.014827018121911038 0.03130148270181219
8.0 0.5016429002228784 0.38147616767763026 0.006589785831960461 0.011532125205930808
8.0 0.48573307396158066 0.38326258272612 0.006589785831960461 0.011532125205930808
8.0 0.4713953617404116 0.38591348265025277 0.004942339373970346 0.008237232289950576
8.0 0.5136036091968812 0.3773385175846013 0.004942339373970346 0.011532125205930808
8.0 0.5206961248364401 0.37942690093836373 0.006589785831960461 0.014827018121911038
8.0 0.5301528935549941 0.3818060965623636 0.008237232289950576 0.016474464579901153
8.0 0.5379959573597957 0.3885209147338918 0.008237232289950576 0.016474464579901153
8.0 0.5479822616958682 0.395582146210014 0.009884678747940691 0.019769357495881382
9.0 0.5985058462240334 0.4055994714726444 0.02471169686985173 0.054365733113673806
9.0 0.6221686469923735 0.4133496179831293 0.03130148270181219 0.05930807248764415
8.0 0.4641351395543727 0.41220575416777055 0.008237232289950576 0.018121911037891267
9.0 0.44519588807579785 0.45256166204607357 0.02800658978583196 0.05930807248764415
9.0 0.4534895056976775 0.4376222942314617 0.02471169686985173 0.05271828665568369
