7 0.38218 0.47176 0.01543 0.03611
7 0.3992 0.45602 0.01117 0.0287
7 0.35 0.5 0.02128 0.04815
7 0.28697 0.5537 0.03351 0.07222
7 0.10532 0.72778 0.0617 0.15
7 0.41117 0.44259 0.00957 0.02407
7 0.41835 0.43519 0.00798 0.02037
7 0.42473 0.4287 0.00691 0.01667
7 0.43032 0.42546 0.00638 0.01574
2 0.69069 0.54167 0.03245 0.07407
2 0.62128 0.4912 0.02128 0.04907
2 0.58457 0.46806 0.01596 0.03796
2 0.56144 0.45324 0.0133 0.03056
2 0.54628 0.44167 0.01064 0.02593
2 0.90771 0.71296 0.03457 0.15185
2 0.53431 0.43472 0.00904 0.02315
2 0.52527 0.4287 0.00798 0.01852
2 0.51995 0.42454 0.00691 0.01759
