7 0.14681 0.69306 0.06277 0.13981
2 0.89973 0.67315 0.05053 0.13333
8 0.58989 0.45833 0.01702 0.03704
8 0.69468 0.52824 0.03298 0.06759
8 0.62527 0.4838 0.02287 0.04907
8 0.56941 0.4412 0.01223 0.03056
8 0.55691 0.42963 0.01064 0.02593
8 0.39335 0.4412 0.0133 0.03056
8 0.29787 0.53704 0.03191 0.07037
8 0.37473 0.45972 0.01649 0.03796
8 0.54309 0.42037 0.00957 0.02222
8 0.34654 0.48657 0.02074 0.04722
8 0.40612 0.42963 0.01117 0.02593
8 0.53431 0.41343 0.00798 0.01944
8 0.52633 0.40926 0.00691 0.01852
8 0.52128 0.40417 0.00532 0.01574
8 0.51835 0.39907 0.00479 0.01481
8 0.43378 0.39861 0.00585 0.01574
8 0.42952 0.40278 0.00585 0.01667
8 0.425 0.4088 0.00532 0.01759
8 0.42154 0.41343 0.00691 0.01944
8 0.41463 0.41991 0.00798 0.0213
9 0.87846 0.6213 0.05266 0.2037
9 0.4734 0.39028 0.00745 0.02315
9 0.49149 0.38981 0.00745 0.02222
9 0.16197 0.63565 0.06968 0.20463
9 0.19043 0.61806 0.04362 0.18981
9 0.8508 0.60509 0.04947 0.18796
9 0.5117 0.39074 0.00532 0.02222
9 0.45559 0.39028 0.00585 0.02315
9 0.43617 0.39074 0.00532 0.02222
