7.0 0.2061126293613071 0.37298000761581 0.06500691562932227 0.06639004149377593
7.0 0.32008569498141237 0.35344236934907547 0.016597510373443983 0.016597510373443983
7.0 0.3325003249908962 0.3544067711901958 0.012448132780082987 0.012448132780082987
7.0 0.41552552508406876 0.42517688960506356 0.008298755186721992 0.008298755186721992
7.0 0.4507185052556124 0.461742146082692 0.008298755186721992 0.008298755186721992
7.0 0.4888441295791272 0.5141333806891272 0.013831258644536652 0.013831258644536652
7.0 0.5017354642566977 0.5136832053624107 0.009681881051175657 0.009681881051175657
7.0 0.5137168587150376 0.5333769639840524 0.012448132780082987 0.012448132780082987
7.0 0.4475270048323378 0.49245273617545543 0.019363762102351315 0.02074688796680498
7.0 0.4584513464168699 0.5384083794171011 0.034578146611341634 0.035961272475795295
7.0 0.550808968865221 0.5687986432850052 0.012448132780082987 0.012448132780082987
7.0 0.5559728777080553 0.5939965121660424 0.019363762102351315 0.019363762102351315
7.0 0.6382690879275242 0.6669916981861332 0.016597510373443983 0.016597510373443983
7.0 0.6447540629415355 0.6911363233623056 0.02351313969571231 0.02351313969571231
2.0 0.2993302079889667 0.3565421452410069 0.027662517289073305 0.027662517289073305
2.0 0.373873850273413 0.3890375958251139 0.009681881051175657 0.011065006915629323
2.0 0.37623328960469615 0.38687083323402166 0.009681881051175657 0.008298755186721992
2.0 0.382607626750384 0.4042601537272706 0.012448132780082987 0.012448132780082987
2.0 0.42278384691191584 0.45066237617277427 0.013831258644536652 0.015214384508990318
2.0 0.44548380601281734 0.45144798450741824 0.006915629322268326 0.008298755186721992
2.0 0.478917524926731 0.48699240714266906 0.009681881051175657 0.009681881051175657
2.0 0.49844898717869013 0.5126906505577896 0.011065006915629323 0.011065006915629323
2.0 0.5224822803356571 0.5357314456892506 0.011065006915629323 0.011065006915629323
2.0 0.5962288793538696 0.618434914921326 0.012448132780082987 0.013831258644536652
8.0 0.42805918238268137 0.44102834916663297 0.008298755186721992 0.008298755186721992
8.0 0.43237119559859993 0.438387550468288 0.008298755186721992 0.008298755186721992
8.0 0.4609278647894589 0.47646223023937406 0.009681881051175657 0.011065006915629323
8.0 0.4665645364809645 0.4865018504942618 0.013831258644536652 0.013831258644536652
8.0 0.48774897384207827 0.4966899801909316 0.008298755186721992 0.008298755186721992
8.0 0.4968843113823749 0.5241291525436255 0.015214384508990318 0.016597510373443983
8.0 0.5729208260142744 0.5877528296405649 0.012448132780082987 0.012448132780082987
8.0 0.5792591322853033 0.6111409801804215 0.016597510373443983 0.016597510373443983
8.0 0.6069008398512429 0.6610373241432401 0.02627939142461964 0.02627939142461964
8.0 0.6737138753819278 0.6929760005060805 0.012448132780082987 0.013831258644536652
