7.0 0.6960754546952318 0.6185613332479878 0.0318118948824343 0.0318118948824343
7.0 0.5887377642207456 0.5423358124408951 0.042876901798063624 0.04149377593360996
2.0 0.36155578751414186 0.2820650049263818 0.030428769017980636 0.029045643153526972
2.0 0.4360565599955104 0.3865846965809517 0.040110650069156296 0.040110650069156296
8.0 0.5705638700482918 0.47112732686843684 0.022130013831258646 0.02074688796680498
8.0 0.5713657627020402 0.45072283838792265 0.016597510373443983 0.016597510373443983
8.0 0.4693621547695744 0.3937017662390212 0.030428769017980636 0.029045643153526972
8.0 0.48866251442722414 0.38631599038227976 0.02351313969571231 0.02351313969571231
8.0 0.5029686517825409 0.38271939713469627 0.016597510373443983 0.015214384508990318
8.0 0.5128419110518105 0.37973155293254546 0.013831258644536652 0.012448132780082987
8.0 0.5176270051287523 0.3790287875743737 0.009681881051175657 0.011065006915629323
8.0 0.5300641804381276 0.3895427657938607 0.012448132780082987 0.012448132780082987
8.0 0.5433251048540569 0.4042229314219531 0.016597510373443983 0.016597510373443983
8.0 0.5542396999618967 0.4164632075554209 0.015214384508990318 0.015214384508990318
8.0 0.5661982065434906 0.42742958620353866 0.015214384508990318 0.016597510373443983
8.0 0.5691263934824039 0.4361298822423761 0.019363762102351315 0.019363762102351315
8.0 0.5704189467141797 0.49693212028729983 0.03319502074688797 0.03319502074688797
