7 0.1196 0.73024 0.09993 0.12715
7 0.18959 0.54596 0.02751 0.0378
7 0.35655 0.51826 0.01741 0.01503
7 0.33061 0.49807 0.0087 0.01503
7 0.49286 0.53093 0.01706 0.02405
7 0.52768 0.50494 0.00801 0.01332
7 0.65912 0.50107 0.00627 0.00988
7 0.68054 0.50924 0.00801 0.01332
7 0.72824 0.53393 0.01985 0.01546
2 0.22458 0.5116 0.01532 0.0232
2 0.35498 0.58119 0.03795 0.04983
2 0.33531 0.53308 0.01671 0.02577
2 0.43576 0.54661 0.02611 0.02277
2 0.41852 0.50623 0.00975 0.01589
2 0.51358 0.5189 0.01184 0.0189
2 0.64224 0.5043 0.00731 0.01203
2 0.67322 0.51675 0.01149 0.01632
2 0.73294 0.52148 0.01045 0.01718
2 0.83948 0.56486 0.02786 0.02577
8 0.79614 0.58892 0.0289 0.03351
