7.0 0.2984802063849996 0.4113690536850909 0.075 0.08055555555555556
7.0 0.40362058253530797 0.40204245503239566 0.0375 0.041666666666666664
7.0 0.44392302800331024 0.3982514264003715 0.025 0.029166666666666667
7.0 0.5008738861044723 0.43250139551792915 0.022222222222222223 0.02361111111111111
7.0 0.5639922866645043 0.48107903809401065 0.018055555555555554 0.020833333333333332
7.0 0.7098019445268037 0.6156696448111917 0.020833333333333332 0.020833333333333332
7.0 0.6481354884471154 0.5559880741817746 0.016666666666666666 0.018055555555555554
2.0 0.6780098909602894 0.6026347006027302 0.03194444444444444 0.03333333333333333
2.0 0.6221305953678526 0.5493322838290017 0.027777777777777776 0.030555555555555555
2.0 0.5796549056984605 0.5149361485357816 0.029166666666666667 0.03194444444444444
2.0 0.5606004203795839 0.5084093629735067 0.03194444444444444 0.034722222222222224
2.0 0.5587520137277892 0.5251216303702712 0.0375 0.041666666666666664
2.0 0.5896151387975007 0.6276445055235597 0.06527777777777778 0.07222222222222222
8.0 0.4187285776947723 0.33590443232611755 0.009722222222222222 0.009722222222222222
8.0 0.5242546373144761 0.42135775049213814 0.008333333333333333 0.008333333333333333
8.0 0.6068735011672152 0.4840246028967376 0.006944444444444444 0.008333333333333333
8.0 0.6605860178061822 0.524985510855455 0.006944444444444444 0.006944444444444444
8.0 0.7004708891001149 0.5589764464908945 0.009722222222222222 0.009722222222222222
8.0 0.7495557866227515 0.600838329822646 0.006944444444444444 0.006944444444444444
