7.0 0.33969050796194084 0.5824300025318032 0.046546546546546545 0.06456456456456457
7.0 0.3711431667510975 0.512909368537338 0.02702702702702703 0.03753753753753754
7.0 0.37968214702989234 0.4822054389955367 0.01951951951951952 0.028528528528528527
7.0 0.33376883421317943 0.48808630382408663 0.015015015015015015 0.021021021021021023
7.0 0.3060082402455207 0.49469227215809564 0.012012012012012012 0.018018018018018018
7.0 0.2967582683752834 0.4903702253912199 0.010510510510510511 0.015015015015015015
7.0 0.7358839980106382 0.32408731576543875 0.015015015015015015 0.01951951951951952
7.0 0.6722909940289604 0.34133158156467175 0.013513513513513514 0.018018018018018018
7.0 0.59699693501394 0.3629219743072624 0.009009009009009009 0.012012012012012012
7.0 0.5478127537964317 0.37819192517994044 0.009009009009009009 0.010510510510510511
7.0 0.5009445360616299 0.3948228944661095 0.0075075075075075074 0.012012012012012012
7.0 0.45923919372931776 0.4116729465257967 0.0075075075075075074 0.010510510510510511
2.0 0.7329754184648279 0.42276148070503594 0.04954954954954955 0.06456456456456457
2.0 0.7509326767288554 0.33949866287428265 0.024024024024024024 0.03153153153153153
2.0 0.6393262857847335 0.3700059318836157 0.01951951951951952 0.02702702702702703
2.0 0.6108565594408505 0.4076098956177519 0.025525525525525526 0.036036036036036036
2.0 0.5814516761962185 0.38340590029986743 0.015015015015015015 0.01951951951951952
2.0 0.5423107160780637 0.41150778619629225 0.018018018018018018 0.025525525525525526
2.0 0.5380875753903386 0.39286685629451323 0.010510510510510511 0.015015015015015015
2.0 0.4981156742036667 0.40364370067662736 0.009009009009009009 0.013513513513513514
2.0 0.48030374321679886 0.4250434216709382 0.015015015015015015 0.021021021021021023
2.0 0.46946750655723885 0.4140658018094848 0.010510510510510511 0.013513513513513514
2.0 0.4254660761887108 0.4410553215617405 0.013513513513513514 0.018018018018018018
2.0 0.43250221766040586 0.42900074796937854 0.009009009009009009 0.012012012012012012
2.0 0.3909594555566454 0.4511579653467214 0.013513513513513514 0.016516516516516516
2.0 0.39736091365527837 0.44627487999270765 0.012012012012012012 0.015015015015015015
