7.0 0.3525936484853752 0.6355977195962671 0.02244039270687237 0.023842917251051893
7.0 0.45215086518794007 0.5517645102472765 0.016830294530154277 0.0182328190743338
7.0 0.4654800404318227 0.5505313746806143 0.0182328190743338 0.019635343618513323
7.0 0.48938204515761924 0.5083727652197529 0.009817671809256662 0.009817671809256662
7.0 0.5170175416152235 0.49749918623300776 0.012622720897615708 0.014025245441795231
7.0 0.5422527490163966 0.4986592980899906 0.0182328190743338 0.019635343618513323
7.0 0.5730455705050558 0.4497909340982787 0.0070126227208976155 0.0070126227208976155
7.0 0.5922655281834163 0.4506483289931921 0.014025245441795231 0.014025245441795231
7.0 0.5910729403862118 0.44545217935373993 0.011220196353436185 0.012622720897615708
7.0 0.5881763920543157 0.4424046815073927 0.009817671809256662 0.009817671809256662
7.0 0.5859737928718127 0.43773165733048536 0.0070126227208976155 0.0070126227208976155
7.0 0.6054354780969219 0.4212816927417794 0.0070126227208976155 0.0070126227208976155
7.0 0.6292321217848547 0.4040492944948881 0.005610098176718092 0.0070126227208976155
7.0 0.6595095812858072 0.39301768734389575 0.009817671809256662 0.009817671809256662
7.0 0.6720647199807346 0.40550227424401447 0.016830294530154277 0.0182328190743338
7.0 0.6673875450982018 0.37790238841981033 0.004207573632538569 0.005610098176718092
7.0 0.7141449472247495 0.36926103852909403 0.014025245441795231 0.015427769985974754
7.0 0.697427840076638 0.35780594062461357 0.005610098176718092 0.0070126227208976155
7.0 0.7196224683983997 0.34395698884032977 0.0070126227208976155 0.0070126227208976155
7.0 0.7349683710505671 0.33491233268860354 0.005610098176718092 0.0070126227208976155
7.0 0.7494290958445022 0.32723261952991956 0.008415147265077139 0.009817671809256662
2.0 0.40418919143128806 0.8472493629137069 0.14866760168302945 0.1570827489481066
2.0 0.39042969017772655 0.6098585390628948 0.023842917251051893 0.025245441795231416
2.0 0.3860968854365996 0.6049852066016959 0.019635343618513323 0.021037868162692847
2.0 0.48505253026453 0.5228969324422382 0.012622720897615708 0.014025245441795231
2.0 0.5028932529695844 0.49628222818637274 0.0070126227208976155 0.008415147265077139
2.0 0.5516006691294706 0.46123016873417827 0.0070126227208976155 0.0070126227208976155
2.0 0.5931516940999508 0.4394819801711018 0.008415147265077139 0.009817671809256662
2.0 0.643299855255782 0.48494761187896074 0.04207573632538569 0.04628330995792426
2.0 0.6321778902641922 0.4479307793553161 0.02664796633941094 0.028050490883590462
2.0 0.6184186548130206 0.41519761254619697 0.008415147265077139 0.008415147265077139
2.0 0.6757144111281503 0.3799790490585048 0.009817671809256662 0.009817671809256662
2.0 0.7191191076297695 0.3539173014134444 0.011220196353436185 0.012622720897615708
2.0 0.7332029095457397 0.34743950569398285 0.012622720897615708 0.014025245441795231
8.0 0.3969756445391467 0.6233511057061926 0.028050490883590462 0.029453015427769985
8.0 0.41931264766103765 0.5715583812753492 0.014025245441795231 0.015427769985974754
8.0 0.4853618572460012 0.5516704656034468 0.02244039270687237 0.025245441795231416
8.0 0.4570825682609603 0.5356966009999162 0.009817671809256662 0.011220196353436185
8.0 0.517138896660612 0.4902609185885291 0.009817671809256662 0.011220196353436185
8.0 0.5552286946797961 0.4871188814794961 0.0182328190743338 0.0182328190743338
8.0 0.5452890797265205 0.483164641783216 0.012622720897615708 0.014025245441795231
8.0 0.547220300188288 0.46542818770037747 0.008415147265077139 0.008415147265077139
8.0 0.6049783087228082 0.4249855947325257 0.008415147265077139 0.008415147265077139
8.0 0.6241303578257752 0.42400578703476627 0.014025245441795231 0.014025245441795231
8.0 0.6314513367944529 0.4139792253822353 0.011220196353436185 0.012622720897615708
8.0 0.6479802648643369 0.39638310303572183 0.008415147265077139 0.008415147265077139
