7.0 0.441729385052544 0.6225775304548596 0.07192254495159059 0.07053941908713693
7.0 0.415936919731136 0.5521737582110758 0.03734439834024896 0.03734439834024896
7.0 0.3928179563428582 0.5442678258780809 0.02627939142461964 0.02627939142461964
7.0 0.35453353589097736 0.5675357179425585 0.022130013831258646 0.022130013831258646
7.0 0.31714885976202056 0.5970553607218031 0.019363762102351315 0.019363762102351315
7.0 0.2914001601118936 0.6227464928538282 0.017980636237897647 0.017980636237897647
7.0 0.26075096197996867 0.6541704122431129 0.017980636237897647 0.017980636237897647
7.0 0.5313579333877424 0.35772903067006206 0.011065006915629323 0.011065006915629323
2.0 0.30778974119170127 0.5921913074699533 0.016597510373443983 0.015214384508990318
2.0 0.24217961872015029 0.6654361932188091 0.019363762102351315 0.017980636237897647
2.0 0.677608649207311 0.3393390002804718 0.0677731673582296 0.06639004149377593
2.0 0.5589564890376706 0.386302181723921 0.035961272475795295 0.034578146611341634
2.0 0.47743430974312784 0.4400707386499085 0.022130013831258646 0.02074688796680498
2.0 0.42067707864591336 0.4860349381861299 0.02074688796680498 0.019363762102351315
2.0 0.38020591137726356 0.518854053878179 0.017980636237897647 0.017980636237897647
2.0 0.3523927932529684 0.5433947144149659 0.017980636237897647 0.016597510373443983
2.0 0.5288365737881832 0.3589895361366111 0.011065006915629323 0.011065006915629323
8.0 0.5838314011747611 0.3355890490531333 0.03319502074688797 0.034578146611341634
