7 0.31729 0.55787 0.04734 0.09352
7 0.36516 0.46343 0.02287 0.05278
7 0.35106 0.43194 0.01596 0.03796
7 0.29016 0.41481 0.0133 0.03148
7 0.22367 0.40463 0.01117 0.02778
7 0.17234 0.40278 0.01064 0.02778
7 0.11037 0.40139 0.01011 0.025
7 0.67713 0.39537 0.00532 0.01667
2 0.21968 0.39028 0.00957 0.02315
2 0.08085 0.39306 0.0117 0.025
2 0.83697 0.5287 0.04628 0.08519
2 0.6742 0.45139 0.02394 0.04907
2 0.54016 0.41898 0.0133 0.03241
2 0.43803 0.40463 0.01117 0.02778
2 0.36516 0.39444 0.01117 0.02407
2 0.31303 0.38935 0.01011 0.02315
2 0.6734 0.39398 0.00638 0.01574
8 0.75053 0.42824 0.03298 0.03426
