7.0 0.11011 0.85574 0.046875 0.09765625
7.0 0.37846 0.69628 0.04296875 0.07421875
7.0 0.39707 0.65642 0.029296875 0.052734375
7.0 0.32819 0.61115 0.017578125 0.033203125
7.0 0.30319 0.59122 0.013671875 0.0234375
7.0 0.29229 0.58007 0.01171875 0.017578125
7.0 0.28165 0.57399 0.009765625 0.015625
7.0 0.23723 0.57027 0.0078125 0.013671875
7.0 0.16436 0.56892 0.0078125 0.013671875
7.0 0.17766 0.55811 0.005859375 0.009765625
7.0 0.1758 0.55777 0.001953125 0.0078125
7.0 0.17394 0.55676 0.001953125 0.005859375
7.0 0.17261 0.55574 0.00390625 0.0078125
2.0 0.77234 0.65642 0.04296875 0.0546875
2.0 0.6883 0.62736 0.03125 0.041015625
2.0 0.56277 0.59797 0.017578125 0.029296875
2.0 0.49069 0.58682 0.01171875 0.0234375
2.0 0.42101 0.57601 0.01171875 0.017578125
2.0 0.39415 0.57027 0.0078125 0.013671875
2.0 0.29016 0.56486 0.0078125 0.01171875
2.0 0.3359 0.56655 0.005859375 0.013671875
2.0 0.2234 0.5652 0.0078125 0.01171875
2.0 0.13723 0.56554 0.0078125 0.01171875
2.0 0.10053 0.55169 0.00390625 0.0078125
2.0 0.10824 0.55743 0.00390625 0.0078125
2.0 0.1133 0.55912 0.005859375 0.0078125
2.0 0.11649 0.55811 0.00390625 0.0078125
2.0 0.11782 0.55777 0.00390625 0.0078125
