7 0.7242 0.42593 0.0133 0.02963
7 0.6117 0.41944 0.0117 0.02778
7 0.84548 0.43287 0.01436 0.0287
7 0.30984 0.52963 0.0367 0.07778
7 0.41995 0.43009 0.01436 0.03426
7 0.13218 0.67963 0.08457 0.15556
7 0.50452 0.41991 0.0133 0.03056
7 0.38617 0.46065 0.02128 0.04537
2 0.8266 0.45185 0.01915 0.03889
2 0.7242 0.44398 0.01649 0.03611
2 0.72234 0.52685 0.03298 0.08333
2 0.89495 0.70093 0.06011 0.16296
2 0.65053 0.43935 0.01702 0.03981
2 0.63085 0.46389 0.01915 0.04815
2 0.62367 0.44769 0.01649 0.03981
8 0.34282 0.39028 0.00798 0.01204
8 0.52367 0.39352 0.00691 0.00926
8 0.66995 0.38981 0.00585 0.00926
8 0.76941 0.38935 0.00479 0.00833
8 0.84707 0.38981 0.01011 0.00926
