7 0.10724 0.53179 0.01811 0.02491
7 0.42409 0.51933 0.01045 0.01632
7 0.50923 0.52964 0.01358 0.01976
7 0.67166 0.54661 0.01671 0.0262
7 0.70874 0.58312 0.02611 0.04081
7 0.90999 0.59622 0.03377 0.04553
7 0.54666 0.61125 0.039 0.05498
2 0.20352 0.59042 0.03795 0.05112
2 0.2023 0.54553 0.02298 0.03093
2 0.2695 0.52448 0.01323 0.02062
2 0.32086 0.51611 0.01079 0.01589
2 0.52159 0.5174 0.00975 0.01503
2 0.60846 0.52857 0.01288 0.01933
2 0.65442 0.55369 0.01985 0.02921
2 0.75505 0.55735 0.01915 0.0305
8 0.43524 0.52921 0.01393 0.02148
8 0.48572 0.51503 0.00905 0.01375
8 0.50052 0.56615 0.02263 0.03522
8 0.51428 0.54553 0.01811 0.02663
8 0.63492 0.53222 0.01358 0.01976
8 0.57016 0.63552 0.04631 0.06744
