7.0 0.593300200210997 0.5693515999569431 0.03076923076923077 0.021538461538461538
7.0 0.4100577235198797 0.37432563809890496 0.08307692307692308 0.05846153846153846
7.0 0.5286488831421637 0.4812714307019566 0.043076923076923075 0.027692307692307693
7.0 0.4817335337547199 0.1613113552967767 0.018461538461538463 0.013846153846153847
7.0 0.5658298631576882 0.3842779606352077 0.018461538461538463 0.012307692307692308
7.0 0.6330913270501686 0.6367423917894367 0.026153846153846153 0.016923076923076923
7.0 0.5237754504804455 0.2755709646344131 0.021538461538461538 0.015384615384615385
7.0 0.6700465332929425 0.6858322057122415 0.02 0.013846153846153847
7.0 0.6566996122765667 0.6817888829405454 0.023076923076923078 0.015384615384615385
7.0 0.6527273958945575 0.6164685987409183 0.016923076923076923 0.010769230769230769
7.0 0.6309588525910402 0.5543852948431528 0.016923076923076923 0.009230769230769232
7.0 0.5996995125941086 0.4703276201657289 0.018461538461538463 0.012307692307692308
7.0 0.5087222509159086 0.1444873544686703 0.007692307692307693 0.006153846153846154
7.0 0.5261747929875467 0.19631035335168276 0.010769230769230769 0.009230769230769232
7.0 0.5425392712947622 0.24717507515376252 0.009230769230769232 0.006153846153846154
7.0 0.5625111700651552 0.30742775913096915 0.010769230769230769 0.009230769230769232
7.0 0.5826200279722838 0.3691911432878059 0.010769230769230769 0.007692307692307693
7.0 0.6125040936832818 0.4537306936744743 0.009230769230769232 0.009230769230769232
7.0 0.6369792110961995 0.5270616742178535 0.010769230769230769 0.009230769230769232
7.0 0.6669782083246057 0.6164351666083492 0.010769230769230769 0.007692307692307693
7.0 0.6999278639751662 0.7109907786089126 0.013846153846153847 0.010769230769230769
2.0 0.6076423121695249 0.7465410933311413 0.04923076923076923 0.036923076923076927
2.0 0.6944923492869159 0.7299238481530725 0.021538461538461538 0.013846153846153847
2.0 0.5139785539073705 0.21801285921758812 0.02 0.013846153846153847
2.0 0.5775817720211743 0.39152801429801254 0.016923076923076923 0.012307692307692308
2.0 0.6056485751942046 0.4640638104836902 0.016923076923076923 0.010769230769230769
2.0 0.5444078109138146 0.30302281812998055 0.018461538461538463 0.015384615384615385
2.0 0.6513761235234847 0.586801387285626 0.015384615384615385 0.010769230769230769
2.0 0.6755060787150545 0.6602428859161295 0.018461538461538463 0.013846153846153847
2.0 0.6276965655302096 0.5213939776683171 0.015384615384615385 0.009230769230769232
