7 0.19601 0.57083 0.04096 0.09722
7 0.2891 0.49444 0.02819 0.06481
7 0.19069 0.45972 0.02074 0.04352
7 0.19202 0.42963 0.01596 0.03519
7 0.29681 0.41019 0.0117 0.02593
7 0.375 0.39769 0.00851 0.02315
7 0.36516 0.36944 0.00479 0.01111
7 0.37713 0.36759 0.00426 0.01111
7 0.39149 0.3662 0.00532 0.01019
7 0.39867 0.37083 0.00479 0.01204
7 0.39574 0.36019 0.00319 0.00556
7 0.40878 0.36528 0.00372 0.00833
7 0.41622 0.36157 0.00372 0.00833
7 0.43431 0.37222 0.00479 0.01111
7 0.43777 0.36343 0.00319 0.00833
7 0.45053 0.3625 0.00426 0.01019
7 0.44016 0.36019 0.00266 0.00741
7 0.45585 0.36111 0.00426 0.00926
7 0.46729 0.3713 0.00479 0.00926
7 0.46782 0.375 0.00372 0.00926
7 0.46383 0.39074 0.00638 0.01852
7 0.48777 0.35509 0.00319 0.00648
7 0.49415 0.38333 0.00532 0.01481
7 0.51729 0.38148 0.00479 0.01111
7 0.51782 0.37546 0.00479 0.01019
7 0.92207 0.38056 0.00479 0.01111
7 0.8891 0.37685 0.00479 0.01111
7 0.84016 0.37593 0.00691 0.01296
7 0.8008 0.37546 0.00691 0.01389
7 0.74601 0.36991 0.00479 0.01204
7 0.69548 0.36852 0.00479 0.01111
7 0.6367 0.36759 0.00532 0.01111
7 0.57766 0.36574 0.00426 0.01111
2 0.42819 0.35926 0.00319 0.00741
2 0.43191 0.3588 0.00319 0.00648
2 0.44707 0.36759 0.00372 0.01111
2 0.44202 0.35833 0.00319 0.00741
2 0.46223 0.36852 0.00426 0.01111
2 0.46011 0.35926 0.00426 0.00926
2 0.48218 0.35972 0.00372 0.00833
2 0.48484 0.35648 0.00266 0.00556
2 0.49122 0.36481 0.00372 0.00926
2 0.49654 0.37593 0.00372 0.00926
2 0.50931 0.36296 0.00372 0.00926
2 0.50665 0.36019 0.00266 0.00741
2 0.51835 0.36944 0.00372 0.00926
2 0.51782 0.36296 0.00479 0.00926
2 0.53404 0.37083 0.00532 0.01204
2 0.54122 0.36991 0.00479 0.01204
2 0.54229 0.3625 0.00479 0.01019
2 0.5375 0.3625 0.00479 0.01019
2 0.52979 0.35694 0.00319 0.00648
2 0.54761 0.36157 0.00372 0.00833
2 0.5508 0.36019 0.00372 0.00741
2 0.56702 0.37222 0.00638 0.01296
2 0.52979 0.43102 0.01596 0.03611
2 0.52606 0.4125 0.01277 0.02685
2 0.58191 0.45324 0.02128 0.04722
2 0.72181 0.4963 0.03404 0.06852
2 0.90798 0.40833 0.01383 0.02963
2 0.85293 0.39769 0.01117 0.02315
2 0.76463 0.3875 0.00798 0.01944
2 0.72128 0.38148 0.00745 0.01667
2 0.68936 0.37778 0.00638 0.01481
2 0.67793 0.37593 0.00691 0.01481
2 0.65851 0.37407 0.00638 0.01481
2 0.61436 0.39352 0.00851 0.02222
2 0.62261 0.38704 0.00798 0.01852
2 0.62314 0.38148 0.00798 0.01481
2 0.63112 0.37778 0.00691 0.01667
2 0.6234 0.37176 0.00745 0.01389
2 0.60452 0.375 0.00691 0.01481
2 0.58085 0.40231 0.0117 0.025
2 0.58324 0.36991 0.00479 0.01389
