7 0.34468 0.5162 0.0266 0.06389
7 0.23511 0.63657 0.05319 0.11389
7 0.38963 0.46991 0.01755 0.04167
2 0.69947 0.50926 0.02979 0.06296
2 0.86543 0.61528 0.05745 0.11204
2 0.63564 0.46667 0.01809 0.04259
8 0.58059 0.43148 0.01117 0.02778
8 0.4109 0.44676 0.0133 0.03426
8 0.60106 0.44398 0.01277 0.03241
9 0.51117 0.38333 0.00532 0.01852
8 0.42367 0.43241 0.01117 0.02778
9 0.49654 0.38333 0.00479 0.01852
9 0.39069 0.45463 0.02287 0.06852
9 0.63298 0.45185 0.02128 0.06852
9 0.62447 0.45093 0.0117 0.06481
8 0.56835 0.42269 0.00904 0.02315
8 0.56011 0.41481 0.00745 0.02037
8 0.55426 0.4088 0.00638 0.01944
8 0.54761 0.4037 0.00585 0.01667
8 0.54255 0.40046 0.00426 0.01574
8 0.5375 0.39722 0.00479 0.01481
9 0.52793 0.38333 0.00372 0.01852
8 0.53271 0.39074 0.00372 0.01296
8 0.53457 0.39352 0.00319 0.01296
9 0.48191 0.38333 0.00426 0.01852
8 0.43351 0.42269 0.00957 0.02315
8 0.44149 0.41481 0.00745 0.02037
8 0.4484 0.4088 0.00638 0.01759
8 0.45266 0.4037 0.00532 0.01667
8 0.45691 0.4 0.00532 0.01481
9 0.46569 0.3838 0.00479 0.01759
8 0.46436 0.38889 0.00319 0.01111
8 0.46144 0.39259 0.00372 0.01296
