7 0.09681 0.61389 0.04468 0.12963
7 0.10665 0.39815 0.01223 0.02778
7 0.22739 0.40787 0.01223 0.0287
7 0.28112 0.4162 0.01436 0.03241
7 0.32367 0.46713 0.02394 0.05833
7 0.34229 0.42361 0.01436 0.03611
7 0.36223 0.43981 0.02021 0.04444
7 0.89681 0.3963 0.01277 0.01481
2 0.09229 0.38287 0.01011 0.025
2 0.20399 0.38611 0.01011 0.02407
2 0.31782 0.39352 0.01117 0.02593
2 0.42394 0.40417 0.01277 0.03056
2 0.54415 0.41944 0.01383 0.03148
2 0.65 0.43704 0.01915 0.04259
2 0.7391 0.47315 0.02819 0.05926
8 0.76144 0.42269 0.01968 0.03241
8 0.78218 0.43565 0.025 0.03426
