7 0.39096 0.59306 0.05106 0.11204
7 0.60053 0.49167 0.02872 0.06852
7 0.69973 0.44537 0.02074 0.0463
7 0.72128 0.41713 0.01383 0.03426
7 0.70984 0.40231 0.01223 0.02685
7 0.66223 0.39167 0.00957 0.02407
7 0.61037 0.38519 0.00798 0.02037
7 0.5742 0.38241 0.00798 0.01852
7 0.53271 0.38056 0.00691 0.02037
7 0.45745 0.38148 0.00745 0.01852
7 0.40239 0.38194 0.00691 0.01944
7 0.16356 0.38843 0.00904 0.0213
2 0.71835 0.38102 0.00904 0.0213
2 0.67367 0.37731 0.00904 0.01944
2 0.86888 0.40139 0.0133 0.0287
2 0.78165 0.38935 0.01117 0.025
2 0.60027 0.37593 0.00798 0.01852
2 0.50745 0.37593 0.00745 0.01852
2 0.39096 0.37593 0.00745 0.01852
2 0.21197 0.38009 0.00904 0.01944
2 0.1109 0.37963 0.00904 0.02037
9 0.32979 0.37824 0.0117 0.03426
9 0.3133 0.37361 0.00957 0.0287
9 0.30266 0.37824 0.0117 0.03426
9 0.2891 0.37361 0.01011 0.0287
