7.0 0.3775935922521142 0.701533918986418 0.08437067773167359 0.08713692946058091
7.0 0.5492473178022712 0.34669067141692894 0.016597510373443983 0.017980636237897647
7.0 0.6210657929554576 0.2727626059233665 0.016597510373443983 0.016597510373443983
7.0 0.4931447470735811 0.41131845550199797 0.02074688796680498 0.022130013831258646
7.0 0.39715277058599785 0.5281959369781073 0.030428769017980636 0.0318118948824343
7.0 0.29349839733011335 0.5884412371221472 0.022130013831258646 0.022130013831258646
7.0 0.3575602924040333 0.5453107951975692 0.024896265560165973 0.02627939142461964
7.0 0.42510258936229356 0.5471406530279295 0.04564315352697095 0.04702627939142462
2.0 0.6092185192784383 0.30239312405662994 0.02351313969571231 0.02351313969571231
2.0 0.5812968533341614 0.40959017938831177 0.04149377593360996 0.04426002766251729
2.0 0.24333629964111503 0.6146346785125191 0.019363762102351315 0.019363762102351315
2.0 0.3367833017328832 0.5379941307535673 0.02074688796680498 0.02074688796680498
2.0 0.40458392171801827 0.4897344166400695 0.019363762102351315 0.019363762102351315
2.0 0.5691529452523473 0.3530290056708939 0.024896265560165973 0.024896265560165973
2.0 0.7533912351374578 0.3499280889492343 0.07330567081604426 0.07745504840940526
2.0 0.6684165820832942 0.24203931225916153 0.022130013831258646 0.02351313969571231
8.0 0.47292239909419626 0.41982597441759206 0.017980636237897647 0.017980636237897647
8.0 0.46019821879977535 0.41892345522926355 0.013831258644536652 0.015214384508990318
8.0 0.44847730093676746 0.4180133429274119 0.011065006915629323 0.012448132780082987
8.0 0.4377290827582533 0.4193053519938375 0.009681881051175657 0.011065006915629323
8.0 0.4308588489950533 0.42151764572419853 0.009681881051175657 0.009681881051175657
8.0 0.4220583042982452 0.4303279109597477 0.009681881051175657 0.009681881051175657
8.0 0.4115645648738332 0.439776516377296 0.009681881051175657 0.009681881051175657
8.0 0.40062488059322443 0.44874043314837836 0.008298755186721992 0.009681881051175657
8.0 0.40732254921943045 0.4775677803717304 0.016597510373443983 0.017980636237897647
9.0 0.5550921914042966 0.3987748820462715 0.058091286307053944 0.06085753803596127
9.0 0.6038761553675187 0.3910321229170928 0.07607192254495158 0.07883817427385892
9.0 0.41079153380112027 0.5256163044102327 0.05255878284923928 0.05532503457814661
9.0 0.4114274426018826 0.5612262488744084 0.07192254495159059 0.07745504840940526
