7 0.10665 0.39861 0.01223 0.0287
7 0.16543 0.41991 0.01489 0.03611
7 0.14947 0.45324 0.02234 0.04907
7 0.13404 0.50972 0.03511 0.075
7 0.0875 0.65463 0.02606 0.13704
7 0.91489 0.43843 0.02021 0.03056
7 0.75585 0.4125 0.02021 0.0213
7 0.69441 0.40139 0.01649 0.01944
7 0.25293 0.37593 0.01117 0.01296
2 0.16543 0.38148 0.00957 0.02222
2 0.2508 0.39398 0.01011 0.02315
2 0.32101 0.40324 0.01223 0.0287
2 0.36277 0.42083 0.01489 0.03611
2 0.45957 0.46111 0.02234 0.05185
2 0.71702 0.58148 0.04894 0.11296
