7 0.19867 0.50185 0.03245 0.06667
7 0.54574 0.37593 0.00851 0.01852
7 0.4875 0.38843 0.01011 0.025
7 0.39734 0.40787 0.01383 0.03056
7 0.30745 0.43935 0.01809 0.04167
7 0.5875 0.3662 0.00691 0.01759
7 0.8391 0.34954 0.00585 0.01204
7 0.7633 0.34722 0.00638 0.01111
7 0.67766 0.3463 0.00426 0.00926
7 0.5758 0.35833 0.00585 0.01481
7 0.55239 0.35694 0.00585 0.01389
7 0.59867 0.35972 0.00585 0.01389
7 0.60319 0.3625 0.00638 0.01574
7 0.49894 0.35463 0.00426 0.01296
7 0.45931 0.35417 0.00479 0.01204
7 0.40798 0.35417 0.00532 0.01204
2 0.68537 0.51435 0.03777 0.0787
2 0.71835 0.36898 0.00798 0.01759
2 0.61436 0.41111 0.01383 0.03333
2 0.7 0.37824 0.00957 0.02315
2 0.62979 0.44444 0.02128 0.0463
2 0.63617 0.39074 0.0117 0.02593
2 0.69335 0.36111 0.00691 0.01481
2 0.71809 0.36157 0.00745 0.01574
2 0.64335 0.35602 0.00585 0.01389
2 0.59282 0.35231 0.00479 0.01204
2 0.53723 0.35046 0.00426 0.01019
2 0.48484 0.35 0.00479 0.01111
2 0.41356 0.35 0.00479 0.01111
8 0.73511 0.40556 0.01809 0.02778
8 0.79495 0.36435 0.01011 0.01574
8 0.80691 0.36111 0.0117 0.01667
8 0.44734 0.3588 0.0117 0.01389
8 0.15399 0.3713 0.02074 0.02037
