7 0.36995 0.50046 0.02074 0.05093
7 0.39947 0.4713 0.01489 0.03333
7 0.30266 0.56204 0.03511 0.07593
7 0.41835 0.45231 0.01223 0.0287
7 0.42926 0.43935 0.00957 0.02315
7 0.10106 0.75648 0.05319 0.16111
7 0.4383 0.43194 0.00851 0.0213
7 0.44574 0.42639 0.00745 0.01944
7 0.45027 0.4213 0.00585 0.01667
2 0.56702 0.43935 0.01064 0.025
2 0.72979 0.55046 0.03511 0.07685
2 0.60718 0.46852 0.01543 0.03889
2 0.6484 0.49537 0.02234 0.05185
2 0.58351 0.45046 0.01277 0.03056
2 0.55399 0.43148 0.00798 0.02222
2 0.54707 0.42639 0.00798 0.01944
2 0.54069 0.42222 0.00585 0.01667
2 0.53564 0.41898 0.00532 0.01574
9 0.45426 0.41296 0.00638 0.02222
9 0.53537 0.41343 0.00691 0.02315
