7 0.30106 0.54491 0.03511 0.08426
7 0.36835 0.45509 0.02074 0.04722
7 0.3859 0.4213 0.0133 0.02963
7 0.46809 0.40278 0.00957 0.02407
7 0.58298 0.38796 0.00745 0.02037
7 0.62846 0.38194 0.00691 0.01759
7 0.65505 0.37731 0.00479 0.01574
7 0.66463 0.36806 0.00479 0.01204
7 0.6484 0.37269 0.00532 0.01574
7 0.64495 0.37176 0.00479 0.01204
2 0.73005 0.52731 0.04309 0.08611
2 0.62074 0.44213 0.02021 0.04352
2 0.60426 0.41898 0.01277 0.03241
2 0.60984 0.40694 0.00904 0.02685
2 0.68883 0.39444 0.00957 0.02407
2 0.7367 0.38704 0.00745 0.02037
2 0.75346 0.38333 0.00691 0.01852
2 0.74734 0.37824 0.00532 0.01574
2 0.90319 0.40046 0.01064 0.025
2 0.92101 0.41065 0.00798 0.02685
2 0.91516 0.39213 0.00904 0.0213
2 0.92287 0.38565 0.00426 0.01944
2 0.16356 0.38981 0.00904 0.02037
2 0.17394 0.38843 0.00851 0.01944
2 0.7508 0.36343 0.00479 0.01204
2 0.7883 0.3588 0.00426 0.01019
2 0.77181 0.36065 0.00319 0.01019
2 0.79894 0.35694 0.00426 0.01019
2 0.9 0.35556 0.00426 0.00926
