7 0.09349 0.56207 0.02542 0.03308
7 0.21797 0.51611 0.00975 0.01332
7 0.29579 0.51869 0.0094 0.01503
7 0.29875 0.53909 0.01532 0.0232
7 0.45561 0.59192 0.03377 0.04811
7 0.44446 0.55176 0.02403 0.0305
7 0.37796 0.51074 0.00801 0.01203
7 0.51132 0.52749 0.01219 0.01976
7 0.56737 0.50451 0.00662 0.01074
7 0.6008 0.50838 0.00801 0.01246
7 0.61542 0.52384 0.01428 0.01847
7 0.66609 0.51375 0.00905 0.01546
7 0.69168 0.52706 0.01497 0.02062
7 0.75923 0.56508 0.02403 0.03823
2 0.15059 0.53157 0.01428 0.02019
2 0.45874 0.75107 0.06929 0.12328
2 0.40042 0.52212 0.01253 0.01847
2 0.41522 0.51439 0.0094 0.01418
2 0.46309 0.5073 0.00766 0.01203
2 0.50487 0.50365 0.00627 0.01074
2 0.64136 0.51632 0.01114 0.01632
2 0.64224 0.50236 0.00731 0.01074
2 0.67479 0.5073 0.00766 0.01289
2 0.69046 0.51718 0.01184 0.01718
2 0.73834 0.54231 0.01985 0.02878
8 0.30205 0.58183 0.02681 0.04338
8 0.5 0.53007 0.01393 0.02062
8 0.54056 0.51933 0.01079 0.01632
8 0.55641 0.50838 0.00766 0.01246
8 0.57608 0.51396 0.0094 0.01503
8 0.58409 0.55155 0.02194 0.02921
8 0.61925 0.50215 0.00662 0.00945
8 0.68193 0.50881 0.00801 0.01332
8 0.7796 0.52663 0.01462 0.02148
