7.0 0.6301939342198116 0.6538298547543728 0.025 0.023529411764705882
7.0 0.5919819152461877 0.5331160688804235 0.016176470588235296 0.016176470588235296
7.0 0.5744947415615204 0.4782974488247076 0.013235294117647059 0.014705882352941176
7.0 0.5671881221847469 0.44613063881463455 0.013235294117647059 0.011764705882352941
7.0 0.5485406163338549 0.3896432192761013 0.007352941176470588 0.007352941176470588
2.0 0.43767056739121146 0.34324442699395996 0.05 0.03823529411764706
2.0 0.47070824525092364 0.4924491901561607 0.06764705882352941 0.051470588235294115
2.0 0.4115379277972083 0.2352332192210178 0.039705882352941174 0.030882352941176472
2.0 0.45188766882197695 0.1790743248322291 0.014705882352941176 0.011764705882352941
2.0 0.4965449354140059 0.8390069558845634 0.1264705882352941 0.07794117647058824
8.0 0.4378689663754694 0.1902554058967615 0.01764705882352941 0.014705882352941176
8.0 0.4747143072933062 0.2238928724051822 0.010294117647058823 0.008823529411764706
8.0 0.47990434885139943 0.23008789107175975 0.011764705882352941 0.010294117647058823
