7.0 0.226106819052076 0.5974870612565185 0.016666666666666666 0.02
7.0 0.2305195464887083 0.5867366240229818 0.01 0.013333333333333334
7.0 0.25733611989591376 0.5744304821037628 0.008333333333333333 0.013333333333333334
7.0 0.29376022765664545 0.5624909383133371 0.006666666666666667 0.008333333333333333
7.0 0.29425195551969324 0.5876051985771312 0.015 0.02
7.0 0.3737617291736291 0.5870847226006378 0.021666666666666667 0.028333333333333332
7.0 0.3566823130278462 0.5467133598621371 0.006666666666666667 0.01
7.0 0.40700900798690054 0.5346967277116333 0.006666666666666667 0.01
7.0 0.43636193272196083 0.5463511162407142 0.011666666666666667 0.016666666666666666
7.0 0.44500204593706577 0.526937828137197 0.006666666666666667 0.01
7.0 0.47605829936607774 0.5216400131710804 0.008333333333333333 0.01
7.0 0.5097380417970266 0.5158409366508784 0.006666666666666667 0.011666666666666667
7.0 0.6279158943821526 0.4994066620781237 0.011666666666666667 0.013333333333333334
7.0 0.6863218450481647 0.5110207311343937 0.021666666666666667 0.025
7.0 0.7728371336490195 0.4764613493161099 0.016666666666666666 0.021666666666666667
7.0 0.7966591873338854 0.5196338883239847 0.03666666666666667 0.045
7.0 0.878840446084572 0.7321823453796182 0.14 0.16666666666666666
7.0 0.48397133697991385 0.5880641325740488 0.03 0.043333333333333335
2.0 0.14208805858885293 0.6113932931813784 0.013333333333333334 0.016666666666666666
2.0 0.306642449014436 0.5672716633146077 0.011666666666666667 0.015
2.0 0.32001954487241013 0.5839004439625591 0.016666666666666666 0.023333333333333334
2.0 0.43645024431459567 0.5405443794852679 0.011666666666666667 0.015
2.0 0.5410171155209396 0.5194710365094104 0.013333333333333334 0.016666666666666666
2.0 0.5979742383488704 0.5111988551864738 0.016666666666666666 0.018333333333333333
8.0 0.13637176159037617 0.6162424398850876 0.013333333333333334 0.018333333333333333
8.0 0.28128619744316413 0.575373382266159 0.01 0.015
8.0 0.3143840674502069 0.6514629234561807 0.045 0.05333333333333334
8.0 0.41515827787456183 0.55868762065292 0.015 0.021666666666666667
8.0 0.3684912782191427 0.5537542643235819 0.008333333333333333 0.013333333333333334
8.0 0.7191370254800512 0.6696883370052149 0.08 0.11166666666666666
8.0 0.4742141978868372 0.5612128148134099 0.023333333333333334 0.03
