7.0 0.56383 0.40139 0.01171875 0.03125
7.0 0.28457 0.48611 0.03125 0.064453125
7.0 0.63218 0.3787 0.0078125 0.021484375
7.0 0.5867 0.37315 0.0078125 0.017578125
7.0 0.55426 0.36944 0.005859375 0.017578125
7.0 0.61543 0.38565 0.009765625 0.0234375
7.0 0.47633 0.43056 0.017578125 0.0390625
7.0 0.48431 0.36389 0.005859375 0.015625
7.0 0.62101 0.37639 0.005859375 0.01953125
7.0 0.7 0.36019 0.00390625 0.0078125
7.0 0.90266 0.36806 0.0078125 0.01171875
7.0 0.80691 0.36435 0.005859375 0.01171875
7.0 0.52473 0.35417 0.00390625 0.0078125
7.0 0.43431 0.36296 0.005859375 0.013671875
7.0 0.36862 0.36019 0.005859375 0.01171875
7.0 0.30612 0.35741 0.005859375 0.013671875
2.0 0.74601 0.3787 0.009765625 0.021484375
2.0 0.79415 0.38472 0.01171875 0.021484375
2.0 0.7492 0.44167 0.021484375 0.044921875
2.0 0.78989 0.51806 0.03515625 0.07421875
2.0 0.67234 0.37083 0.005859375 0.017578125
2.0 0.8141 0.41389 0.015625 0.033203125
2.0 0.60319 0.36389 0.005859375 0.015625
2.0 0.53112 0.36019 0.005859375 0.01171875
2.0 0.81117 0.39352 0.01171875 0.02734375
2.0 0.46569 0.35787 0.005859375 0.013671875
2.0 0.37793 0.35556 0.00390625 0.013671875
2.0 0.29734 0.35278 0.005859375 0.01171875
8.0 0.89761 0.38935 0.015625 0.01953125
8.0 0.90266 0.38426 0.013671875 0.017578125
8.0 0.41782 0.36852 0.015625 0.015625
