7 0.08963 0.39028 0.01223 0.03426
7 0.13989 0.57222 0.04787 0.10556
7 0.18936 0.39306 0.01489 0.03426
7 0.25106 0.41296 0.01702 0.03889
7 0.28298 0.45972 0.0234 0.05648
7 0.45798 0.38009 0.0117 0.01389
7 0.37527 0.36759 0.01011 0.01296
7 0.28564 0.35972 0.00957 0.01204
7 0.24468 0.35787 0.00957 0.01204
7 0.20133 0.3537 0.00798 0.01111
2 0.22101 0.37593 0.01117 0.02593
2 0.3492 0.38796 0.01223 0.02778
2 0.43989 0.40648 0.01489 0.03333
2 0.52606 0.43333 0.01809 0.04259
2 0.59149 0.48333 0.02872 0.06667
2 0.90426 0.73565 0.04149 0.18426
