7 0.12846 0.68889 0.08138 0.15185
7 0.31383 0.49352 0.02447 0.06111
7 0.47261 0.44444 0.01436 0.03704
7 0.63697 0.4213 0.01223 0.02778
7 0.69521 0.41343 0.00851 0.02315
7 0.72261 0.40556 0.00691 0.02037
7 0.70824 0.4 0.00585 0.01667
7 0.71649 0.38935 0.00426 0.01389
7 0.69947 0.39398 0.00532 0.01574
7 0.75266 0.38519 0.00426 0.01296
7 0.82819 0.37685 0.00426 0.00926
7 0.81011 0.37963 0.00426 0.01111
7 0.8 0.37963 0.00426 0.01111
7 0.77926 0.38241 0.00426 0.01296
2 0.71941 0.50278 0.025 0.05926
2 0.6984 0.4625 0.01915 0.04352
2 0.80346 0.44074 0.01543 0.03519
2 0.85372 0.42546 0.01277 0.0287
2 0.86277 0.41944 0.01064 0.02407
2 0.83989 0.40833 0.00957 0.02037
2 0.80133 0.40278 0.00798 0.01852
2 0.79229 0.39722 0.00585 0.01667
2 0.78883 0.39352 0.00532 0.01667
2 0.81702 0.38843 0.00638 0.01204
2 0.83803 0.38565 0.00479 0.01204
2 0.85266 0.38287 0.00532 0.01204
2 0.8625 0.38241 0.00372 0.00926
2 0.86995 0.38009 0.00372 0.01204
2 0.87367 0.37917 0.00372 0.01019
2 0.87926 0.37963 0.00319 0.00926
2 0.89043 0.37917 0.00426 0.01019
2 0.08005 0.39907 0.01117 0.02778
