7 0.77819 0.54628 0.0117 0.01959
7 0.50319 0.5375 0.01064 0.01689
7 0.37819 0.53345 0.00957 0.01554
7 0.86064 0.55 0.01277 0.02162
7 0.66915 0.54291 0.00957 0.01824
7 0.27048 0.53041 0.00798 0.01486
7 0.17872 0.52939 0.00745 0.01419
7 0.09441 0.68615 0.03989 0.07365
7 0.08271 0.61284 0.01649 0.05135
2 0.56011 0.6125 0.03298 0.04392
2 0.8109 0.69764 0.06223 0.07635
2 0.35293 0.57196 0.02394 0.03311
2 0.24468 0.53243 0.00851 0.01622
2 0.45904 0.53919 0.01064 0.01622
2 0.65346 0.54797 0.01117 0.01892
2 0.79521 0.55878 0.01383 0.02297
2 0.1859 0.54966 0.01436 0.02635
2 0.12952 0.53277 0.01011 0.01824
2 0.34495 0.53615 0.01011 0.01554
