7 0.16156 0.61705 0.04248 0.06486
7 0.13336 0.51675 0.01323 0.0189
7 0.27333 0.51976 0.01184 0.01804
7 0.28882 0.51052 0.0087 0.01418
7 0.43332 0.50494 0.00592 0.00988
7 0.50052 0.50881 0.00731 0.0116
7 0.57921 0.52556 0.01219 0.01761
7 0.59923 0.51375 0.00766 0.01289
7 0.62639 0.52212 0.00975 0.01589
7 0.69986 0.52341 0.01045 0.01589
7 0.71501 0.5436 0.01636 0.02448
7 0.88841 0.54253 0.01567 0.02148
7 0.90494 0.56143 0.02298 0.03007
7 0.54109 0.57474 0.02716 0.03952
7 0.50731 0.54081 0.01741 0.02491
2 0.25035 0.53909 0.02228 0.02835
2 0.35864 0.50644 0.00766 0.01289
2 0.36159 0.50301 0.00592 0.01117
2 0.37709 0.51396 0.00975 0.01589
2 0.45352 0.52234 0.01149 0.0189
2 0.48834 0.50365 0.00592 0.00988
2 0.55327 0.50816 0.00627 0.01117
2 0.59419 0.51546 0.00801 0.01375
2 0.64067 0.51654 0.00836 0.01418
2 0.79492 0.53179 0.01114 0.01976
2 0.89815 0.74141 0.09227 0.11942
8 0.46309 0.50236 0.00557 0.00988
8 0.45891 0.50902 0.00696 0.01203
8 0.52194 0.51396 0.00836 0.01332
8 0.5343 0.51869 0.0094 0.01503
8 0.57103 0.50945 0.00696 0.01117
8 0.5954 0.52835 0.01184 0.01804
8 0.74391 0.52234 0.0094 0.0146
8 0.76306 0.53995 0.01428 0.02062
8 0.82469 0.56529 0.02403 0.03265
