7.0 0.4182669274295252 0.5476924365929627 0.05847953216374269 0.049707602339181284
7.0 0.4796744020420627 0.46858868773040485 0.011695906432748537 0.01023391812865497
7.0 0.4968478973005158 0.48254064850982503 0.008771929824561403 0.007309941520467836
7.0 0.498810466230163 0.4953583626107856 0.008771929824561403 0.008771929824561403
2.0 0.4456308799762224 0.44793223933604875 0.021929824561403508 0.019005847953216373
2.0 0.4722279481975186 0.48193963187299854 0.017543859649122806 0.01608187134502924
2.0 0.4994725683504202 0.5205531870601194 0.01608187134502924 0.013157894736842105
8.0 0.5857508393681209 0.8052812597641094 0.04239766081871345 0.04093567251461988
8.0 0.4943710790080736 0.7000749268223214 0.05847953216374269 0.054093567251461985
8.0 0.4387286779290157 0.48145525582061033 0.03508771929824561 0.03070175438596491
8.0 0.5084434689011562 0.5257469439741203 0.013157894736842105 0.01023391812865497
8.0 0.5005532662001113 0.5484504074374936 0.019005847953216373 0.01608187134502924
