7 0.31569 0.54398 0.05372 0.10093
7 0.12074 0.38426 0.01809 0.03519
7 0.58138 0.41713 0.02021 0.04537
7 0.31941 0.37639 0.01436 0.03056
7 0.56622 0.38796 0.01543 0.03333
7 0.43963 0.37454 0.01223 0.0287
7 0.50133 0.44722 0.03032 0.05926
7 0.13856 0.34306 0.00798 0.01389
7 0.28245 0.34769 0.00957 0.01759
7 0.43191 0.34954 0.00851 0.01389
7 0.56915 0.34954 0.00851 0.01389
7 0.67314 0.34907 0.00798 0.01296
7 0.79122 0.35046 0.01011 0.01204
7 0.875 0.3588 0.01383 0.01389
2 0.72606 0.38194 0.01489 0.03056
2 0.9109 0.44213 0.02819 0.05093
2 0.26011 0.35926 0.01383 0.02778
2 0.61862 0.36944 0.01277 0.02778
2 0.38511 0.35787 0.01064 0.025
2 0.50771 0.36065 0.01117 0.025
2 0.13218 0.36296 0.01223 0.02963
2 0.84176 0.39954 0.01649 0.03426
