7.0 0.2543923085827903 0.31762738873166874 0.027616279069767442 0.03343023255813953
7.0 0.36404219674436633 0.48215050538010096 0.07122093023255814 0.08866279069767442
7.0 0.4805723012935183 0.43480956048382996 0.02616279069767442 0.03343023255813953
7.0 0.37475160435766175 0.37045097824075657 0.02616279069767442 0.03197674418604651
7.0 0.4774554167959109 0.47536660577504697 0.0436046511627907 0.055232558139534885
7.0 0.26292246360304805 0.28562496604496895 0.01308139534883721 0.014534883720930232
7.0 0.3919556184082727 0.35020968710608813 0.011627906976744186 0.01308139534883721
7.0 0.4998335392761663 0.4009249658411078 0.011627906976744186 0.014534883720930232
7.0 0.5759767087039444 0.43547058108400843 0.010174418604651164 0.011627906976744186
7.0 0.6550563800234295 0.4738259768593602 0.011627906976744186 0.011627906976744186
7.0 0.7090480109780822 0.508686018716463 0.011627906976744186 0.01308139534883721
7.0 0.7565657000900187 0.5379255121647609 0.014534883720930232 0.015988372093023256
2.0 0.6974839026016044 0.5453315416408888 0.029069767441860465 0.03488372093023256
2.0 0.34120857685873635 0.3355697761799492 0.02180232558139535 0.024709302325581394
2.0 0.7646552846476873 0.6305973354854706 0.04796511627906977 0.059593023255813955
2.0 0.6109768077708871 0.48578570964719126 0.023255813953488372 0.029069767441860465
2.0 0.5306363299477956 0.43595510362327655 0.0188953488372093 0.02616279069767442
2.0 0.4458224319474389 0.38616708645415765 0.0188953488372093 0.024709302325581394
