7 0.12848 0.62436 0.04248 0.05284
7 0.46971 0.58419 0.02089 0.03522
7 0.37483 0.55842 0.01428 0.0232
7 0.29822 0.5509 0.01288 0.01847
7 0.30937 0.5393 0.0094 0.01418
7 0.34314 0.53136 0.00801 0.01117
7 0.38649 0.52728 0.00627 0.00988
7 0.46135 0.52491 0.00627 0.00945
7 0.52194 0.52384 0.00627 0.00902
7 0.56964 0.5247 0.00627 0.00902
7 0.55675 0.54682 0.01114 0.01804
7 0.60829 0.52663 0.00696 0.01031
7 0.65233 0.52857 0.00731 0.01074
7 0.81563 0.54188 0.01358 0.01847
7 0.62065 0.62844 0.03795 0.05842
7 0.92044 0.57925 0.02751 0.03651
2 0.21274 0.5436 0.00975 0.01589
2 0.40529 0.56143 0.01671 0.02491
2 0.39833 0.5363 0.00905 0.01418
2 0.55763 0.5393 0.01079 0.01589
2 0.69655 0.54274 0.01358 0.01933
2 0.77646 0.54875 0.01602 0.02191
8 0.10864 0.57216 0.0188 0.02749
8 0.20404 0.5479 0.01114 0.01761
8 0.36281 0.66473 0.05153 0.07174
8 0.36734 0.53887 0.00975 0.01418
8 0.47267 0.5363 0.0094 0.01418
8 0.5282 0.55735 0.01602 0.02448
8 0.60672 0.58076 0.02472 0.03522
