8.0 0.6482016127571387 0.3370664757745005 0.08085106382978724 0.07092198581560284
8.0 0.5173792653318072 0.392877969953664 0.03829787234042553 0.032624113475177303
8.0 0.46988618029838 0.4155850187908269 0.02269503546099291 0.019858156028368795
8.0 0.44940692040754215 0.42488244776795425 0.01702127659574468 0.014184397163120567
8.0 0.43776558031651563 0.4308218872364505 0.01276595744680851 0.009929078014184398
8.0 0.42972281811922775 0.43353777710473196 0.009929078014184398 0.00851063829787234
8.0 0.4245405536211847 0.4348554158708339 0.00851063829787234 0.0070921985815602835
8.0 0.39754486467595745 0.47742713049813484 0.009929078014184398 0.00851063829787234
8.0 0.39891564223815484 0.48283956440945364 0.011347517730496455 0.011347517730496455
8.0 0.40069157980913794 0.4907831089050904 0.014184397163120567 0.01276595744680851
8.0 0.4042042555094379 0.4991267935406437 0.01702127659574468 0.014184397163120567
8.0 0.4079964554851811 0.5165342427338191 0.024113475177304965 0.018439716312056736
8.0 0.41979525655660965 0.5560207467275975 0.03546099290780142 0.029787234042553193
8.0 0.4472863169569464 0.6731800156805223 0.07943262411347518 0.06666666666666667
9.0 0.41623905433938124 0.43672453457541316 0.009929078014184398 0.00851063829787234
9.0 0.41058413988985243 0.4464047079547654 0.01276595744680851 0.00851063829787234
9.0 0.40515776662410447 0.45508872045940724 0.014184397163120567 0.011347517730496455
9.0 0.4000431211842611 0.4632738641605909 0.014184397163120567 0.011347517730496455
9.0 0.3943882067347321 0.47295403753994314 0.01276595744680851 0.011347517730496455
