7.0 0.34819724649795514 0.4682895964598774 0.009971509971509971 0.011396011396011397
7.0 0.31488563928513813 0.45029054419800874 0.009971509971509971 0.011396011396011397
7.0 0.2509679904090533 0.41619038839938094 0.01282051282051282 0.017094017094017096
7.0 0.5456678481075805 0.621725793725259 0.024216524216524215 0.027065527065527065
7.0 0.5529406643310608 0.5990718598652447 0.009971509971509971 0.01282051282051282
7.0 0.45841006074297164 0.5756180485350554 0.029914529914529916 0.03418803418803419
7.0 0.2661222168224207 0.5141276210417353 0.05698005698005698 0.06267806267806268
7.0 0.6272678428731389 0.6644339941520678 0.01566951566951567 0.018518518518518517
7.0 0.5812077785195974 0.6209490036308768 0.01282051282051282 0.014245014245014245
7.0 0.6048659646412184 0.6561469254798221 0.018518518518518517 0.021367521367521368
7.0 0.44342141075365665 0.5263739422186634 0.009971509971509971 0.01282051282051282
7.0 0.38885369187564517 0.4921483651910209 0.009971509971509971 0.01282051282051282
7.0 0.6075286546487619 0.6249795223723832 0.007122507122507123 0.008547008547008548
7.0 0.5055040249204109 0.5665443987859127 0.009971509971509971 0.011396011396011397
7.0 0.7148051571235433 0.6957597709971625 0.009971509971509971 0.009971509971509971
7.0 0.6541926081782816 0.655026126266038 0.008547008547008548 0.009971509971509971
7.0 0.48694530328873215 0.5473438887010184 0.007122507122507123 0.008547008547008548
7.0 0.6106275100539001 0.6458075713714028 0.014245014245014245 0.017094017094017096
7.0 0.5388390615843203 0.5811199820881485 0.009971509971509971 0.009971509971509971
7.0 0.43840154396377046 0.5170271702319926 0.005698005698005698 0.007122507122507123
2.0 0.45639751769050124 0.5281295406380142 0.008547008547008548 0.009971509971509971
2.0 0.6284850309410275 0.6424554228609202 0.011396011396011397 0.01282051282051282
2.0 0.5723271055792283 0.602960402330011 0.009971509971509971 0.011396011396011397
2.0 0.2724037598202976 0.41930221956316976 0.009971509971509971 0.01282051282051282
2.0 0.6941560296931735 0.6928398123075737 0.014245014245014245 0.017094017094017096
2.0 0.4255253698020876 0.5075716108574375 0.005698005698005698 0.007122507122507123
2.0 0.3339514746461763 0.45282925324067264 0.008547008547008548 0.009971509971509971
2.0 0.5149886506721745 0.5650619272471618 0.007122507122507123 0.009971509971509971
2.0 0.6948148896519538 0.6834591080170823 0.009971509971509971 0.011396011396011397
2.0 0.6438765693595323 0.6499763099865962 0.008547008547008548 0.011396011396011397
2.0 0.591275295662307 0.6154943087438858 0.008547008547008548 0.008547008547008548
2.0 0.5253318117096536 0.572714709074522 0.009971509971509971 0.011396011396011397
2.0 0.46860798111436364 0.5360449242346385 0.007122507122507123 0.008547008547008548
2.0 0.3956781215556219 0.4902076630057522 0.007122507122507123 0.009971509971509971
