7.0 0.35892797570751067 0.32415458450788476 0.027972027972027972 0.032167832167832165
7.0 0.3807651509349189 0.3682912220301968 0.032167832167832165 0.03636363636363636
7.0 0.32815793077400407 0.42514148051879475 0.06713286713286713 0.07412587412587412
7.0 0.2939209846910882 0.27364926584465776 0.02097902097902098 0.025174825174825177
7.0 0.44272218134141544 0.3403710595446222 0.011188811188811189 0.012587412587412588
7.0 0.4665507570076458 0.3597281797470211 0.011188811188811189 0.012587412587412588
7.0 0.5673501629284288 0.4542771267669507 0.012587412587412588 0.013986013986013986
7.0 0.5183170841398255 0.4051277478284785 0.011188811188811189 0.011188811188811189
7.0 0.6400666796571389 0.5165265348121509 0.013986013986013986 0.015384615384615385
7.0 0.4189664177592629 0.32024367100783574 0.006993006993006993 0.008391608391608392
7.0 0.3746165384287408 0.2847377712061931 0.006993006993006993 0.008391608391608392
2.0 0.40481579850707433 0.33454265993246957 0.019580419580419582 0.022377622377622378
2.0 0.5913730609975028 0.5585972848274228 0.046153846153846156 0.05174825174825175
2.0 0.4835855811676892 0.4052970188766599 0.022377622377622378 0.025174825174825177
2.0 0.5366381981339845 0.46966119669063605 0.026573426573426574 0.02937062937062937
2.0 0.6309615105477475 0.74840908903664 0.1020979020979021 0.11748251748251748
2.0 0.3054037288959316 0.2610852350899002 0.02097902097902098 0.023776223776223775
