7.0 0.5047777118897946 0.6241944999497816 0.08529411764705883 0.06764705882352941
7.0 0.5137668089549737 0.43748155454062 0.05 0.039705882352941174
7.0 0.5052993472064841 0.39707854431297956 0.03529411764705882 0.025
7.0 0.49196739921174926 0.39019713193019434 0.027941176470588237 0.020588235294117647
7.0 0.4729663836185197 0.4078552679415263 0.025 0.01911764705882353
7.0 0.38046866179657435 0.5567241299468975 0.016176470588235296 0.010294117647058823
7.0 0.4053038251694925 0.51748622567348 0.01911764705882353 0.013235294117647059
7.0 0.36723121650976676 0.558726269932261 0.010294117647058823 0.008823529411764706
7.0 0.369268083140072 0.572494991293952 0.013235294117647059 0.008823529411764706
7.0 0.3658212639942906 0.569998779954816 0.013235294117647059 0.008823529411764706
7.0 0.377180989487946 0.532436035444533 0.010294117647058823 0.007352941176470588
7.0 0.3934789859554256 0.4925319917510594 0.010294117647058823 0.007352941176470588
7.0 0.44143672346410484 0.4556771485359275 0.020588235294117647 0.016176470588235296
7.0 0.4130795805792619 0.4488592991786574 0.010294117647058823 0.0058823529411764705
7.0 0.4333213706319879 0.4046132833433058 0.010294117647058823 0.0058823529411764705
7.0 0.5445079869204585 0.1884429477919571 0.011764705882352941 0.008823529411764706
7.0 0.5268764510349457 0.2180050414221256 0.013235294117647059 0.010294117647058823
7.0 0.501037977285339 0.2684807658210764 0.010294117647058823 0.008823529411764706
7.0 0.45996415445963806 0.348315006027049 0.010294117647058823 0.007352941176470588
7.0 0.4817891042796488 0.3048072297152651 0.008823529411764706 0.0058823529411764705
2.0 0.47684099367322 0.36325473186583673 0.01911764705882353 0.013235294117647059
2.0 0.40263459609840846 0.4910523344905185 0.013235294117647059 0.010294117647058823
2.0 0.40192847411745114 0.4843177608698789 0.011764705882352941 0.008823529411764706
2.0 0.4201568194522858 0.46254420321868195 0.014705882352941176 0.011764705882352941
2.0 0.42013074398260747 0.44198688755806537 0.010294117647058823 0.008823529411764706
2.0 0.443667030308476 0.42203214829199015 0.016176470588235296 0.013235294117647059
2.0 0.438028472977871 0.401948186004798 0.010294117647058823 0.0058823529411764705
2.0 0.5682053494190925 0.2118635037755511 0.027941176470588237 0.022058823529411766
2.0 0.5497071438895044 0.2069927684561257 0.01911764705882353 0.013235294117647059
2.0 0.5220587582387272 0.24978720863408174 0.016176470588235296 0.010294117647058823
2.0 0.5247901190931936 0.2802211943783786 0.023529411764705882 0.016176470588235296
2.0 0.5007541795831949 0.28558708614840195 0.013235294117647059 0.011764705882352941
2.0 0.46848955239685963 0.33992017000158836 0.010294117647058823 0.008823529411764706
2.0 0.4832517110567285 0.31321549607236293 0.010294117647058823 0.008823529411764706
