7.0 0.5661779043354181 0.859215872604987 0.10161290322580645 0.08870967741935484
7.0 0.4198770550358179 0.8294114991272772 0.01935483870967742 0.016129032258064516
7.0 0.3997912823003259 0.8469233257124948 0.012903225806451613 0.01129032258064516
7.0 0.3990320685531854 0.8213971610364438 0.01129032258064516 0.00967741935483871
7.0 0.39194293249727996 0.7882160055495413 0.0064516129032258064 0.0064516129032258064
7.0 0.42299842337881416 0.7516599107187956 0.01129032258064516 0.008064516129032258
7.0 0.41828923336296686 0.74781336339063 0.008064516129032258 0.0064516129032258064
7.0 0.48264816456383636 0.7360037570859765 0.03870967741935484 0.02903225806451613
7.0 0.45157781395037033 0.7110735943321318 0.017741935483870968 0.012903225806451613
7.0 0.4409463129966592 0.7075292216786685 0.012903225806451613 0.00967741935483871
7.0 0.4499000457162361 0.6804246558409712 0.014516129032258065 0.01129032258064516
7.0 0.4142509445960019 0.6393822552790221 0.01129032258064516 0.00967741935483871
2.0 0.40779436585092277 0.8272840772434392 0.014516129032258065 0.01129032258064516
2.0 0.40658364780727213 0.8035687973912405 0.01129032258064516 0.00967741935483871
2.0 0.4320038552621069 0.7587904586505195 0.016129032258064516 0.014516129032258065
2.0 0.4239403931916866 0.7178087204322723 0.008064516129032258 0.0064516129032258064
2.0 0.4587261960753069 0.717596442901104 0.024193548387096774 0.01935483870967742
2.0 0.5269530264155053 0.6873379089296047 0.054838709677419356 0.04516129032258064
2.0 0.49560658719254613 0.621733530452184 0.02903225806451613 0.020967741935483872
2.0 0.4745589590721545 0.6511590674021699 0.020967741935483872 0.016129032258064516
2.0 0.4714318706374194 0.6343789538643615 0.016129032258064516 0.012903225806451613
2.0 0.5412571585961916 0.5442194189653153 0.04032258064516129 0.03064516129032258
2.0 0.4104721818744682 0.6625939638810995 0.01129032258064516 0.00967741935483871
2.0 0.41849841321740966 0.689046868661331 0.00967741935483871 0.0064516129032258064
8.0 0.4279725430191195 0.829200082031493 0.024193548387096774 0.020967741935483872
8.0 0.43900579191919087 0.6984494128531511 0.012903225806451613 0.00967741935483871
8.0 0.48560366193175264 0.6398358357728644 0.01935483870967742 0.02258064516129032
8.0 0.592880023604378 0.3459441756434092 0.03870967741935484 0.03064516129032258
8.0 0.5849517457928349 0.27803369431380476 0.027419354838709678 0.024193548387096774
