7 0.13945 0.54704 0.02333 0.02964
7 0.38162 0.56143 0.02159 0.03522
7 0.46309 0.51117 0.00905 0.01289
7 0.54526 0.51632 0.00975 0.01632
7 0.57834 0.5421 0.01532 0.02577
7 0.62291 0.51031 0.00766 0.01289
7 0.83043 0.50988 0.00696 0.01203
7 0.8118 0.53716 0.01149 0.02277
7 0.78203 0.56937 0.02994 0.03823
7 0.88144 0.51632 0.01079 0.0146
7 0.94011 0.53823 0.01811 0.02405
7 0.89937 0.63982 0.04596 0.07002
2 0.41156 0.52663 0.01253 0.02148
2 0.66957 0.52599 0.01323 0.02019
2 0.67131 0.51589 0.00975 0.01546
2 0.71361 0.50988 0.00801 0.01289
2 0.75418 0.50687 0.00627 0.01203
2 0.92201 0.51052 0.00905 0.01246
8 0.66156 0.60717 0.03412 0.05713
8 0.44603 0.85331 0.09401 0.15507
8 0.82364 0.51482 0.00731 0.01418
8 0.82799 0.52749 0.01184 0.0189
8 0.80292 0.54102 0.01811 0.02534
8 0.86125 0.52255 0.01219 0.01675
8 0.89084 0.50859 0.00801 0.01203
