7.0 0.3842876399264056 0.624733323667923 0.013812154696132596 0.012430939226519336
7.0 0.3445233924196976 0.6739485807052747 0.015193370165745856 0.015193370165745856
7.0 0.3987891889416789 0.6549065466879779 0.029005524861878452 0.029005524861878452
7.0 0.4854584467115811 0.5209822412648575 0.009668508287292817 0.008287292817679558
7.0 0.5146815682444285 0.4969196709677903 0.011049723756906077 0.011049723756906077
7.0 0.565461992468601 0.4547301644016314 0.012430939226519336 0.012430939226519336
7.0 0.5622066447413792 0.4704468432137017 0.016574585635359115 0.017955801104972375
7.0 0.6139521720551889 0.4236418436333715 0.019337016574585635 0.017955801104972375
7.0 0.6959759336060605 0.4604007701200176 0.0649171270718232 0.06629834254143646
7.0 0.7502667327987578 0.33866276640386994 0.03867403314917127 0.03867403314917127
7.0 0.5454298526909509 0.5316783837971574 0.03591160220994475 0.03729281767955801
2.0 0.44800444597903044 0.5554359215114896 0.008287292817679558 0.009668508287292817
2.0 0.4318727228330749 0.574998011079679 0.012430939226519336 0.011049723756906077
2.0 0.41783122295897573 0.5969903602414623 0.013812154696132596 0.012430939226519336
2.0 0.42976249742464534 0.5970903709243263 0.019337016574585635 0.020718232044198894
2.0 0.5233574949828763 0.482443124623233 0.008287292817679558 0.008287292817679558
2.0 0.5568960774813032 0.4656563315045183 0.012430939226519336 0.012430939226519336
2.0 0.5523455914109934 0.45989571617155467 0.011049723756906077 0.011049723756906077
2.0 0.5876943672692577 0.4374383173344538 0.013812154696132596 0.015193370165745856
2.0 0.6767488798254654 0.38145733760135575 0.026243093922651933 0.026243093922651933
8.0 0.5533356971713465 0.5998206625665122 0.06767955801104972 0.06767955801104972
8.0 0.5132464149453307 0.5273479212291482 0.020718232044198894 0.020718232044198894
8.0 0.5063456778277179 0.5183569608396787 0.016574585635359115 0.016574585635359115
8.0 0.5140264982716695 0.5044454748533027 0.013812154696132596 0.012430939226519336
8.0 0.5093760015184956 0.4949244578446544 0.006906077348066298 0.006906077348066298
8.0 0.5596713739307779 0.45451014089933073 0.009668508287292817 0.009668508287292817
8.0 0.6209579203898087 0.4520698802374503 0.03314917127071823 0.031767955801104975
8.0 0.656126677018918 0.3818973846059572 0.019337016574585635 0.019337016574585635
