7 0.36596 0.41296 0.01383 0.02963
7 0.26516 0.50046 0.02926 0.06759
7 0.13989 0.40093 0.00957 0.02593
7 0.40293 0.44769 0.01862 0.04537
7 0.76862 0.38981 0.00957 0.02037
7 0.41888 0.42361 0.0133 0.03426
7 0.91277 0.39537 0.00957 0.02222
7 0.2609 0.40694 0.00904 0.02685
7 0.58963 0.38287 0.00904 0.01944
7 0.66144 0.38565 0.00798 0.01944
7 0.53457 0.38194 0.00745 0.01944
2 0.90665 0.45648 0.02287 0.05
2 0.61064 0.39676 0.0117 0.025
2 0.82394 0.41019 0.01383 0.02963
2 0.56995 0.40093 0.01223 0.02778
2 0.66676 0.41204 0.01436 0.03333
2 0.70984 0.4 0.01117 0.02778
2 0.75293 0.45417 0.02181 0.04907
2 0.7125 0.48796 0.02713 0.06296
2 0.80106 0.55741 0.05213 0.1
2 0.86835 0.42315 0.01755 0.03519
2 0.74122 0.43009 0.0133 0.03796
2 0.50293 0.39769 0.01011 0.02685
2 0.50931 0.39352 0.00798 0.02407
2 0.40984 0.39491 0.00904 0.02315
2 0.44016 0.38843 0.00904 0.0213
2 0.33963 0.3912 0.00904 0.02315
2 0.36489 0.37963 0.00745 0.01852
2 0.30399 0.38611 0.01011 0.02222
2 0.38697 0.38426 0.00798 0.02037
