7 0.06163 0.53608 0.02089 0.02663
7 0.12378 0.51783 0.01358 0.01847
7 0.19098 0.51009 0.0094 0.01418
7 0.29614 0.50752 0.00801 0.01246
7 0.37848 0.50773 0.00696 0.01203
7 0.44464 0.51031 0.00766 0.01289
7 0.50261 0.51418 0.00731 0.01289
7 0.57295 0.51933 0.0087 0.0146
7 0.56093 0.561 0.02368 0.03265
7 0.8985 0.55004 0.02054 0.02534
7 0.25592 0.62285 0.04318 0.06701
2 0.50557 0.54016 0.01532 0.02534
2 0.74878 0.55112 0.02054 0.02921
2 0.92409 0.56808 0.02786 0.03479
2 0.22981 0.53093 0.01462 0.02405
2 0.36264 0.64283 0.05327 0.07517
8 0.17914 0.53694 0.01915 0.02577
8 0.35585 0.532 0.01462 0.02191
8 0.62622 0.60717 0.03586 0.05541
