7.0 0.23721233209835757 0.4985655478155256 0.07164634146341463 0.09908536585365854
7.0 0.2961696472355042 0.441576184897426 0.042682926829268296 0.06097560975609756
7.0 0.277763821658869 0.3998847706469932 0.03201219512195122 0.04878048780487805
7.0 0.271934519467815 0.31394116924718457 0.007621951219512195 0.012195121951219513
7.0 0.3371918977171664 0.33614803783722924 0.007621951219512195 0.010670731707317074
7.0 0.8262990320343364 0.5472420830422549 0.01676829268292683 0.024390243902439025
7.0 0.7250693263631137 0.4988607580785453 0.01524390243902439 0.019817073170731708
7.0 0.4117547947287533 0.36252258137835464 0.007621951219512195 0.012195121951219513
7.0 0.46247069305253524 0.38098165877228246 0.006097560975609756 0.009146341463414634
7.0 0.5042522049781716 0.39849789166657096 0.006097560975609756 0.009146341463414634
7.0 0.5584439419695851 0.420140705531736 0.007621951219512195 0.013719512195121951
7.0 0.5899594806570566 0.4343024955174332 0.007621951219512195 0.012195121951219513
7.0 0.6412851966835169 0.45836567237665005 0.010670731707317074 0.01676829268292683
2.0 0.3806162786740427 0.3904089708664881 0.018292682926829267 0.027439024390243903
2.0 0.2896077337683632 0.35036585660252273 0.01676829268292683 0.024390243902439025
2.0 0.22438017568852278 0.32200695458615397 0.018292682926829267 0.022865853658536585
2.0 0.2775720299795401 0.32213933079374935 0.012195121951219513 0.01676829268292683
2.0 0.3383132208676078 0.34155624428429465 0.007621951219512195 0.012195121951219513
2.0 0.7150703742612003 0.573661202082132 0.039634146341463415 0.056402439024390245
2.0 0.7982726386878313 0.579334330324026 0.03353658536585366 0.04573170731707317
2.0 0.6575366846023672 0.4950453309772642 0.019817073170731708 0.03048780487804878
2.0 0.6022589025206142 0.4976089426813537 0.025914634146341462 0.039634146341463415
2.0 0.5844018189659168 0.4538165537602152 0.01676829268292683 0.022865853658536585
2.0 0.5021043544038477 0.4438547333155528 0.021341463414634148 0.03048780487804878
2.0 0.5306585164062347 0.42425543494270584 0.013719512195121951 0.019817073170731708
2.0 0.4873846311844222 0.4023504474982436 0.010670731707317074 0.01676829268292683
2.0 0.4529976504626246 0.38637940653088215 0.010670731707317074 0.01524390243902439
2.0 0.4210684039858707 0.37091253611884273 0.010670731707317074 0.01524390243902439
