7.0 0.4834645801963813 0.5635643033415263 0.0070921985815602835 0.00851063829787234
7.0 0.4817198618486181 0.5669667175914351 0.0070921985815602835 0.009929078014184398
7.0 0.4775082603353623 0.5664212935324962 0.005673758865248227 0.0070921985815602835
7.0 0.48091651803849156 0.571519322503424 0.00851063829787234 0.00851063829787234
7.0 0.4771069550692773 0.5770854900926994 0.011347517730496455 0.01276595744680851
7.0 0.47397462364078385 0.5848318347476988 0.01276595744680851 0.015602836879432624
7.0 0.47017455306447203 0.5958813888252783 0.015602836879432624 0.01702127659574468
7.0 0.46305518388546457 0.6136380210014907 0.02127659574468085 0.024113475177304965
7.0 0.4454360474078333 0.6506898260687546 0.03404255319148936 0.03687943262411347
7.0 0.4004972126140062 0.7508083911708692 0.06666666666666667 0.07375886524822695
7.0 0.29144197992319354 0.6965701326245106 0.009929078014184398 0.011347517730496455
7.0 0.2830172192898214 0.703864099173783 0.009929078014184398 0.01276595744680851
7.0 0.30302960224589753 0.6925150710191974 0.009929078014184398 0.01276595744680851
7.0 0.3148884143955967 0.6943621993421285 0.015602836879432624 0.01702127659574468
7.0 0.3133678163910087 0.6802659911011304 0.00851063829787234 0.011347517730496455
7.0 0.3276571828661316 0.6794382439046146 0.01276595744680851 0.015602836879432624
7.0 0.36420051842212486 0.6438778070737915 0.0070921985815602835 0.009929078014184398
7.0 0.40971728831998155 0.6113851525807171 0.00851063829787234 0.009929078014184398
7.0 0.4490672682542364 0.5850581293622374 0.005673758865248227 0.00851063829787234
7.0 0.4637138946743981 0.5753321349360522 0.0070921985815602835 0.0070921985815602835
2.0 0.766557566978778 0.5223596598522446 0.06808510638297872 0.075177304964539
2.0 0.6418009432333175 0.5282785859495307 0.03546099290780142 0.03971631205673759
2.0 0.596617351752168 0.5296053492596581 0.024113475177304965 0.02695035460992908
2.0 0.5747823413476586 0.5296502564157457 0.01702127659574468 0.019858156028368795
2.0 0.5567030663400244 0.5316901046874285 0.01276595744680851 0.014184397163120567
2.0 0.5468601623650837 0.532342752042833 0.009929078014184398 0.011347517730496455
2.0 0.5417278638872411 0.5317903131534821 0.0070921985815602835 0.009929078014184398
2.0 0.5374476909882117 0.5318615037192919 0.005673758865248227 0.0070921985815602835
2.0 0.5334546490415867 0.5320358763473312 0.0070921985815602835 0.0070921985815602835
2.0 0.52687477053418 0.5349913441525577 0.0070921985815602835 0.0070921985815602835
2.0 0.5075813540574318 0.5467646074081284 0.0070921985815602835 0.0070921985815602835
2.0 0.4905459082504536 0.5574095353890213 0.0070921985815602835 0.0070921985815602835
2.0 0.29165245002577667 0.6932614915408857 0.00851063829787234 0.00851063829787234
2.0 0.3422502910699664 0.6575938314135972 0.0070921985815602835 0.00851063829787234
2.0 0.3867130697233667 0.6263335502137252 0.0070921985815602835 0.00851063829787234
2.0 0.4248945111164142 0.5995891779814492 0.0070921985815602835 0.005673758865248227
2.0 0.4433358020143492 0.5871922852707181 0.0070921985815602835 0.0070921985815602835
2.0 0.4660136002827753 0.5724478576966353 0.005673758865248227 0.005673758865248227
