7 0.71489 0.61588 0.02021 0.03176
7 0.88457 0.62128 0.02021 0.02905
7 0.55266 0.61858 0.0234 0.03851
7 0.34894 0.65676 0.03936 0.05946
7 0.90426 0.60068 0.01383 0.02027
7 0.73457 0.59054 0.0117 0.02027
7 0.45452 0.55777 0.00904 0.01419
7 0.54761 0.56926 0.01011 0.01689
7 0.41463 0.54966 0.00691 0.01419
7 0.87021 0.56824 0.00532 0.00946
7 0.79574 0.56047 0.00532 0.01014
2 0.64947 0.57061 0.00851 0.01554
2 0.83537 0.57905 0.01117 0.01622
2 0.69016 0.57466 0.00904 0.01554
2 0.59654 0.56453 0.00798 0.01284
2 0.5641 0.56014 0.00798 0.01216
2 0.74176 0.57939 0.01117 0.01824
2 0.53191 0.55439 0.00638 0.01149
2 0.52261 0.55169 0.00585 0.01149
2 0.51277 0.54899 0.00532 0.01014
2 0.50426 0.5473 0.00532 0.00946
2 0.49468 0.54459 0.00532 0.00946
2 0.85266 0.56757 0.00532 0.00946
2 0.80612 0.56284 0.00585 0.00946
2 0.75239 0.55777 0.00479 0.00878
2 0.4875 0.54257 0.00479 0.00946
