7.0 0.4519324800205457 0.17360418375998493 0.023703703703703703 0.017777777777777778
7.0 0.4445646453595343 0.18814344870487698 0.02962962962962963 0.02074074074074074
7.0 0.47522153754775404 0.2621656972847092 0.03111111111111111 0.022222222222222223
7.0 0.477407516493679 0.3119820032591428 0.034074074074074076 0.025185185185185185
7.0 0.44500723767666367 0.34539654098564276 0.054814814814814816 0.04
7.0 0.5121377013328304 0.2682473494264435 0.008888888888888889 0.008888888888888889
7.0 0.5234137593144521 0.2979003318107732 0.01037037037037037 0.008888888888888889
7.0 0.5341325259324565 0.3280173147872152 0.011851851851851851 0.011851851851851851
7.0 0.5572227316339975 0.3928210926171916 0.013333333333333334 0.011851851851851851
7.0 0.5741076884878145 0.4575064776812894 0.013333333333333334 0.011851851851851851
2.0 0.4997807901848714 0.28280759433255703 0.022222222222222223 0.016296296296296295
2.0 0.5322258676910614 0.378991538725373 0.023703703703703703 0.017777777777777778
2.0 0.5471771939954896 0.4522762451757015 0.028148148148148148 0.02074074074074074
2.0 0.5549135572125615 0.5300934401583426 0.04 0.03111111111111111
2.0 0.5329703296459875 0.6103060067216758 0.06666666666666667 0.04888888888888889
