7 0.07766 0.41157 0.00638 0.01944
7 0.08856 0.41574 0.00798 0.02037
7 0.90213 0.4162 0.02128 0.0213
7 0.82261 0.40694 0.01755 0.01759
7 0.70612 0.40046 0.01011 0.01204
7 0.59521 0.39769 0.00957 0.01019
7 0.52473 0.39537 0.00904 0.00926
7 0.84521 0.38102 0.00638 0.01574
7 0.75585 0.38102 0.00426 0.01204
7 0.69894 0.38102 0.00532 0.01204
2 0.07899 0.44306 0.00904 0.03241
2 0.12899 0.40093 0.00798 0.01667
2 0.15213 0.40139 0.00745 0.01759
2 0.16197 0.42315 0.01011 0.02593
2 0.17606 0.40324 0.00851 0.01759
2 0.2008 0.40694 0.00691 0.01759
2 0.20532 0.41343 0.00957 0.0213
2 0.30665 0.52361 0.03032 0.06944
2 0.6984 0.59306 0.05532 0.11389
8 0.29441 0.4037 0.01755 0.01852
