7.0 0.22890265298294046 0.2979820722691174 0.01361573373676248 0.019667170953101363
7.0 0.2703283799711535 0.2935315807289837 0.009077155824508321 0.009077155824508321
7.0 0.2733811204130864 0.3269701295616275 0.018154311649016642 0.025718608169440244
7.0 0.30554393032644417 0.3604402271225702 0.0226928895612708 0.03177004538577912
7.0 0.2743633923056338 0.3807378515520144 0.03177004538577912 0.046898638426626324
7.0 0.22726606778530256 0.4229608778118592 0.0529500756429652 0.07413010590015129
7.0 0.39103532669078883 0.35330764245831253 0.01059001512859304 0.012102874432677761
7.0 0.720464135219693 0.5062721650858895 0.019667170953101363 0.0226928895612708
7.0 0.7697568180777322 0.5359466581092772 0.02118003025718608 0.0226928895612708
2.0 0.23756201603886146 0.29208821513831024 0.01361573373676248 0.019667170953101363
2.0 0.3254437548038653 0.3327424830553016 0.01361573373676248 0.018154311649016642
2.0 0.38255829883784576 0.3650378490731376 0.015128593040847202 0.02118003025718608
2.0 0.4294164869024413 0.39415948529987666 0.018154311649016642 0.025718608169440244
2.0 0.4543362668625513 0.4206261132266481 0.024205748865355523 0.03328290468986384
2.0 0.5150846428066814 0.48542981668138746 0.039334341906202726 0.0529500756429652
2.0 0.7208677201121175 0.7311324993631853 0.11043872919818457 0.13918305597579425
