7 0.23955 0.51718 0.00975 0.01375
7 0.32347 0.52062 0.00905 0.01546
7 0.34349 0.54381 0.01497 0.02491
7 0.40303 0.51267 0.00801 0.01246
7 0.13301 0.57002 0.02437 0.03522
7 0.51706 0.55971 0.02507 0.03351
7 0.57521 0.60954 0.03343 0.05498
7 0.56215 0.53179 0.01079 0.02062
7 0.59488 0.50752 0.00662 0.01074
7 0.6344 0.51203 0.00836 0.01289
7 0.66678 0.52878 0.01323 0.01976
7 0.70909 0.51826 0.0101 0.01589
7 0.75244 0.53308 0.01532 0.02234
7 0.87169 0.57582 0.03099 0.04081
2 0.17792 0.53393 0.01532 0.02234
2 0.43924 0.52599 0.01219 0.02019
2 0.44655 0.51675 0.0094 0.01546
2 0.4899 0.50966 0.00766 0.01246
2 0.52942 0.50623 0.00592 0.01074
2 0.67044 0.50644 0.00662 0.01117
2 0.68593 0.52083 0.01045 0.01761
2 0.70944 0.51138 0.0087 0.01332
2 0.73938 0.52234 0.01149 0.01804
2 0.81999 0.55047 0.02228 0.0305
2 0.80136 0.85331 0.12639 0.17225
8 0.11455 0.80198 0.10794 0.15464
8 0.38806 0.59686 0.0296 0.0494
8 0.5524 0.53587 0.01497 0.02277
8 0.582 0.52363 0.01149 0.01718
8 0.58757 0.51203 0.00731 0.01289
8 0.6149 0.51783 0.00975 0.01503
8 0.64641 0.50515 0.00662 0.01031
8 0.66347 0.55971 0.02333 0.03179
8 0.71901 0.51289 0.00905 0.01375
8 0.84366 0.53286 0.01462 0.02277
