7 0.14814 0.56926 0.01436 0.025
7 0.32899 0.62128 0.02606 0.03986
7 0.26649 0.66554 0.04255 0.05946
7 0.21356 0.5777 0.01649 0.02568
7 0.28112 0.59392 0.01968 0.03108
7 0.68856 0.55439 0.01011 0.01554
7 0.35027 0.54493 0.00691 0.01149
7 0.84894 0.5598 0.01064 0.01689
7 0.27314 0.54358 0.00691 0.01284
7 0.9125 0.5625 0.01117 0.01689
7 0.78032 0.55709 0.00957 0.01689
7 0.54867 0.55 0.00798 0.01486
7 0.44202 0.54696 0.00745 0.01284
7 0.14601 0.54189 0.00798 0.01486
2 0.43883 0.57162 0.01383 0.02432
2 0.82527 0.68142 0.04628 0.06284
2 0.71117 0.62939 0.02979 0.03851
2 0.41809 0.54865 0.00957 0.01486
2 0.67021 0.55777 0.00957 0.01689
2 0.58404 0.59595 0.02234 0.03108
2 0.19761 0.55068 0.01117 0.01757
2 0.30984 0.55709 0.01117 0.01959
2 0.33537 0.54696 0.00798 0.01554
2 0.24282 0.54527 0.00798 0.01486
2 0.5125 0.55101 0.00904 0.01419
2 0.11037 0.54426 0.01011 0.01689
2 0.78431 0.56689 0.01117 0.01757
