7.0 0.357192937912045 0.4803242488228755 0.06573426573426573 0.06153846153846154
7.0 0.3829017767717494 0.3976951572992687 0.027972027972027972 0.026573426573426574
7.0 0.44079827220164947 0.42636150142108764 0.011188811188811189 0.009790209790209791
7.0 0.44597848882530244 0.45233816790828896 0.015384615384615385 0.013986013986013986
7.0 0.49675657834022485 0.5282464894098942 0.01818181818181818 0.016783216783216783
7.0 0.5181967207679705 0.5305400564827204 0.011188811188811189 0.009790209790209791
7.0 0.5875643588371514 0.6456428251926527 0.015384615384615385 0.015384615384615385
7.0 0.5796065953718127 0.6116645111455297 0.009790209790209791 0.008391608391608392
7.0 0.5741541344715215 0.5968258287010343 0.008391608391608392 0.006993006993006993
2.0 0.39864983937407955 0.38640399191262365 0.01818181818181818 0.016783216783216783
2.0 0.43463185505705215 0.45241224477824765 0.01818181818181818 0.016783216783216783
2.0 0.4379846479243334 0.4949762259204878 0.03496503496503497 0.032167832167832165
2.0 0.47052025674444653 0.5093982435467103 0.019580419580419582 0.019580419580419582
2.0 0.47363557145241864 0.47600486917002016 0.012587412587412588 0.011188811188811189
2.0 0.5083538612283403 0.5313803470586036 0.015384615384615385 0.012587412587412588
2.0 0.6169924131673192 0.7091724594133839 0.022377622377622378 0.022377622377622378
2.0 0.5955973647685778 0.6433470183472481 0.012587412587412588 0.011188811188811189
2.0 0.5733839993349998 0.6109455316854578 0.012587412587412588 0.012587412587412588
2.0 0.5657631215396071 0.5892116175660451 0.008391608391608392 0.008391608391608392
8.0 0.5896126657743509 0.6934651461379281 0.025174825174825177 0.025174825174825177
8.0 0.290604576886128 0.35858184690700085 0.055944055944055944 0.05314685314685315
