7 0.44603 0.74227 0.08078 0.12457
7 0.64206 0.57818 0.03273 0.04381
7 0.81407 0.54747 0.0188 0.02792
7 0.79997 0.51503 0.0087 0.01375
7 0.85411 0.53608 0.01671 0.0232
7 0.90773 0.53136 0.01323 0.02062
7 0.89659 0.56808 0.02925 0.03651
2 0.20769 0.61942 0.04143 0.06615
2 0.69168 0.56014 0.02611 0.03522
2 0.74356 0.58076 0.0282 0.04381
2 0.81233 0.51052 0.00836 0.01246
2 0.91208 0.51074 0.00662 0.01117
8 0.34175 0.6003 0.03726 0.05455
8 0.71744 0.53759 0.01706 0.02534
8 0.75052 0.52083 0.01149 0.01675
8 0.86751 0.51783 0.0101 0.01503
8 0.90825 0.51246 0.0087 0.01203
8 0.89049 0.64777 0.05815 0.07474
