7.0 0.15825957032536517 0.5244785242840474 0.06323529411764706 0.07352941176470588
7.0 0.29240252955008245 0.5182668630750289 0.03529411764705882 0.039705882352941174
7.0 0.286072160593488 0.49061591374023017 0.023529411764705882 0.027941176470588237
7.0 0.22417933866673265 0.45277409948560754 0.01911764705882353 0.022058823529411766
7.0 0.35716239610312417 0.4836309175082396 0.007352941176470588 0.008823529411764706
7.0 0.36279216682730475 0.4862561227105819 0.0058823529411764705 0.007352941176470588
7.0 0.36732195537620355 0.4869643818511682 0.0058823529411764705 0.008823529411764706
7.0 0.3721052237693471 0.4880733053315681 0.0058823529411764705 0.007352941176470588
7.0 0.3743499773632238 0.4879984999207301 0.0029411764705882353 0.0058823529411764705
2.0 0.5464260263444854 0.6908950419476274 0.060294117647058824 0.06911764705882353
2.0 0.5205490030632557 0.613711955792512 0.029411764705882353 0.03529411764705882
2.0 0.4551227706827688 0.5573826015755369 0.01911764705882353 0.023529411764705882
2.0 0.41065967801367614 0.5290724195029186 0.016176470588235296 0.01911764705882353
2.0 0.3437811848406991 0.4947959693240622 0.013235294117647059 0.01764705882352941
2.0 0.2574658508583316 0.4548289328191323 0.013235294117647059 0.016176470588235296
2.0 0.29419403556013657 0.4480956032594025 0.008823529411764706 0.010294117647058823
2.0 0.29846530209271577 0.4559858560991718 0.0058823529411764705 0.008823529411764706
2.0 0.3060668668668301 0.4614911616247155 0.0058823529411764705 0.007352941176470588
2.0 0.31615036937303276 0.46450669536754047 0.007352941176470588 0.007352941176470588
2.0 0.3244879301208319 0.4669905478449838 0.007352941176470588 0.008823529411764706
2.0 0.3315630574335117 0.46888571794371986 0.007352941176470588 0.008823529411764706
