7.0 0.8397779645130029 0.550570302913369 0.03333333333333333 0.07719298245614035
2.0 0.8829512210772815 0.43635816358678536 0.005263157894736842 0.017543859649122806
7.0 0.5704410244336491 0.37929866634472303 0.005263157894736842 0.01929824561403509
7.0 0.5638092329829864 0.3755250632519166 0.005263157894736842 0.015789473684210527
7.0 0.8543394210500486 0.42939705950008217 0.005263157894736842 0.014035087719298246
7.0 0.6115979070692572 0.38926619876752766 0.005263157894736842 0.021052631578947368
7.0 0.7993349067164112 0.43985628854008296 0.012280701754385965 0.03333333333333333
2.0 0.6892549797939538 0.40224025521393403 0.007017543859649123 0.017543859649122806
7.0 0.9037510878834384 0.43891206609941824 0.005263157894736842 0.014035087719298246
2.0 0.6565711197892115 0.39380177444656106 0.005263157894736842 0.015789473684210527
7.0 0.7016967352769997 0.415080301720477 0.010526315789473684 0.02631578947368421
2.0 0.8201005968461892 0.42470436521219906 0.007017543859649123 0.017543859649122806
2.0 0.7663459857191383 0.4146651620175582 0.005263157894736842 0.017543859649122806
7.0 0.591723546826382 0.3804276458094433 0.005263157894736842 0.012280701754385965
7.0 0.6489821900013125 0.4017298356838063 0.010526315789473684 0.02631578947368421
7.0 0.5522658583218097 0.3746054602678049 0.005263157894736842 0.017543859649122806
7.0 0.800222569799941 0.41980207410317083 0.0035087719298245615 0.014035087719298246
7.0 0.08922766525527068 0.670897217040965 0.05789473684210526 0.18771929824561404
2.0 0.6343381816787651 0.39009452231872754 0.005263157894736842 0.017543859649122806
2.0 0.8667298843036094 0.4427285533177487 0.010526315789473684 0.021052631578947368
2.0 0.7589814095073107 0.41818631312923166 0.007017543859649123 0.02280701754385965
2.0 0.6253603946661788 0.38751705289314786 0.005263157894736842 0.015789473684210527
2.0 0.694297982388793 0.4008956269916335 0.007017543859649123 0.017543859649122806
7.0 0.7484237491411752 0.41049170707457694 0.005263157894736842 0.012280701754385965
7.0 0.6151032690617663 0.5313458385303719 0.03508771929824561 0.08596491228070176
7.0 0.6368113188344181 0.3879366090918985 0.0035087719298245615 0.014035087719298246
