7 0.12639 0.30489 0.01323 0.05109
7 0.09157 0.27772 0.01114 0.03804
2 0.29526 0.36033 0.01811 0.0663
7 0.77385 0.32283 0.00731 0.02826
7 0.57103 0.2875 0.00557 0.02283
7 0.65268 0.30163 0.00662 0.025
2 0.27403 0.48152 0.03134 0.12174
2 0.51201 0.29239 0.00592 0.02609
2 0.69864 0.32717 0.00801 0.03261
2 0.33722 0.31685 0.01288 0.04674
2 0.82486 0.35163 0.01045 0.03804
7 0.48781 0.27609 0.00487 0.02174
2 0.58966 0.30435 0.00662 0.02826
2 0.1539 0.25707 0.00836 0.03152
7 0.41765 0.26413 0.00522 0.01957
2 0.25313 0.28098 0.00975 0.03587
2 0.69412 0.76685 0.03099 0.15978
2 0.30501 0.25 0.00557 0.01957
2 0.05623 0.21576 0.00522 0.01413
2 0.10324 0.2212 0.00453 0.0163
7 0.89885 0.3462 0.0087 0.03152
2 0.17897 0.23478 0.00557 0.01739
2 0.1445 0.23043 0.00487 0.01739
2 0.44342 0.28207 0.00662 0.025
7 0.36194 0.25543 0.00453 0.01739
2 0.37326 0.26739 0.00557 0.02174
7 0.23381 0.23478 0.00383 0.01522
7 0.07695 0.21196 0.00418 0.01304
7 0.19046 0.22772 0.00418 0.0163
7 0.29283 0.2413 0.00487 0.01739
2 0.22963 0.23859 0.00383 0.0163
7 0.15669 0.2212 0.00418 0.01413
