7 0.52107 0.36413 0.01985 0.07174
7 0.89798 0.29022 0.01671 0.06087
7 0.19203 0.35163 0.01219 0.04457
7 0.42235 0.33967 0.01462 0.05543
7 0.60568 0.43913 0.03029 0.11304
2 0.53969 0.29674 0.01253 0.04565
2 0.0712 0.35272 0.01219 0.03804
7 0.31163 0.3375 0.01253 0.04891
2 0.68506 0.3087 0.01497 0.05652
2 0.24861 0.32011 0.01045 0.03587
2 0.39345 0.30217 0.01114 0.03913
8 0.86159 0.26848 0.01567 0.05217
8 0.81511 0.2375 0.00975 0.03587
8 0.78987 0.22174 0.00801 0.02826
8 0.77368 0.21141 0.00557 0.02283
8 0.72319 0.21739 0.00627 0.02174
9 0.59732 0.69185 0.04492 0.28587
8 0.75 0.21413 0.00627 0.02174
9 0.63666 0.57228 0.04909 0.3163
8 0.69011 0.28424 0.00766 0.04674
8 0.69429 0.25 0.00836 0.03261
1 0.81737 0.19674 0.00383 0.01522
1 0.8562 0.18587 0.00348 0.01304
1 0.88614 0.18696 0.00418 0.01522
1 0.71257 0.21196 0.00383 0.01739
1 0.7782 0.20652 0.00348 0.01957
8 0.69638 0.23152 0.00487 0.02609
8 0.69777 0.21957 0.00348 0.01957
7 0.63492 0.70543 0.03935 0.21739
