7 0.39432 0.76413 0.03169 0.16739
7 0.60637 0.40326 0.02403 0.09565
7 0.57695 0.3125 0.01393 0.05543
7 0.42479 0.30543 0.01184 0.04783
7 0.41609 0.23804 0.00418 0.01739
7 0.36438 0.24239 0.00383 0.01522
7 0.29248 0.30815 0.01045 0.04239
7 0.21448 0.30489 0.00975 0.03587
7 0.18402 0.29783 0.00801 0.03261
7 0.18611 0.2837 0.00453 0.02609
7 0.12204 0.28533 0.00592 0.025
7 0.48433 0.23207 0.00348 0.0163
7 0.5437 0.22717 0.00383 0.01739
7 0.61264 0.2212 0.00244 0.0163
7 0.68175 0.21685 0.00348 0.01848
7 0.76741 0.21413 0.00487 0.02174
7 0.85324 0.2125 0.00522 0.02283
2 0.93611 0.34511 0.02681 0.08587
2 0.90686 0.2125 0.00662 0.02717
2 0.77681 0.28152 0.01393 0.05217
2 0.63005 0.27337 0.0094 0.03804
2 0.6788 0.22228 0.00522 0.02065
2 0.61438 0.22717 0.00453 0.01739
2 0.55902 0.23152 0.00453 0.01957
2 0.50575 0.23641 0.00453 0.01848
2 0.45648 0.27554 0.00766 0.03587
2 0.44464 0.2413 0.00418 0.01957
2 0.38283 0.24565 0.00383 0.01739
2 0.33426 0.25109 0.00418 0.01739
2 0.34854 0.27989 0.00766 0.03152
2 0.29979 0.27446 0.00627 0.02717
2 0.28116 0.26848 0.00522 0.02391
2 0.28639 0.25652 0.00453 0.01739
2 0.1102 0.27772 0.00522 0.02065
2 0.74286 0.21902 0.00522 0.02283
2 0.82503 0.21467 0.00662 0.02717
