7 0.20508 0.49511 0.02089 0.07935
7 0.31981 0.58641 0.03795 0.12935
2 0.59958 0.43098 0.00905 0.03804
7 0.77159 0.42663 0.00836 0.0337
2 0.85341 0.48152 0.01811 0.06087
2 0.70091 0.44185 0.00975 0.04022
7 0.90669 0.43913 0.01045 0.03696
2 0.28847 0.44728 0.01497 0.05109
7 0.64328 0.41793 0.00731 0.02935
7 0.38075 0.40761 0.00731 0.02826
8 0.22998 0.37391 0.00453 0.01739
7 0.10689 0.40543 0.00766 0.03261
2 0.36508 0.4212 0.0087 0.0337
2 0.8118 0.45272 0.01219 0.04457
8 0.35167 0.37826 0.00418 0.01739
7 0.25296 0.40598 0.00731 0.02935
8 0.27002 0.37609 0.00383 0.01739
7 0.51097 0.41141 0.00662 0.02717
8 0.62918 0.3875 0.00418 0.0163
8 0.4288 0.38261 0.00453 0.01739
2 0.58217 0.49783 0.02159 0.07391
8 0.17514 0.37283 0.00418 0.01522
8 0.55675 0.38533 0.00348 0.0163
8 0.3031 0.37663 0.00453 0.0163
2 0.11125 0.44674 0.01497 0.05435
2 0.09157 0.41902 0.01045 0.04022
2 0.23816 0.41848 0.00836 0.03696
2 0.43437 0.46196 0.01567 0.05652
2 0.74861 0.62065 0.03969 0.13043
