2.0 0.5225442355310326 0.6049915086891248 0.06408094435075885 0.15177065767284992
2.0 0.4864956129435365 0.43806282564475035 0.03372681281618887 0.08600337268128162
2.0 0.5210705792849833 0.391739886875895 0.025295109612141653 0.06070826306913996
2.0 0.5766165610958961 0.3805716272173867 0.016863406408094434 0.048903878583473864
2.0 0.6365742327061122 0.3859009618776882 0.01517706576728499 0.0387858347386172
2.0 0.7030945662934712 0.39905935458001945 0.013490725126475547 0.03541315345699832
2.0 0.8035978209698056 0.43155362049400375 0.01517706576728499 0.03541315345699832
2.0 0.8692625222967986 0.4564758463584954 0.01517706576728499 0.0387858347386172
7.0 0.17881685187708213 0.3366341410308794 0.03709949409780776 0.08263069139966273
7.0 0.327074001640332 0.31036520568357295 0.021922428330522766 0.050590219224283306
7.0 0.44345591259624234 0.31515801501639723 0.013490725126475547 0.03709949409780776
7.0 0.5445638161953469 0.3329860663837898 0.013490725126475547 0.03204047217537943
7.0 0.6405791148467868 0.3580171008921622 0.01011804384485666 0.026981450252951095
7.0 0.7407038066268293 0.3909180479092071 0.011804384485666104 0.026981450252951095
7.0 0.8424661537709395 0.4284037143859327 0.011804384485666104 0.02866779089376054
