7.0 0.5092747228807272 0.41125417034820655 0.023709902370990237 0.026499302649930265
7.0 0.4778695701987248 0.42111868287025167 0.03207810320781032 0.03765690376569038
7.0 0.4279528992627384 0.44522578354898934 0.0502092050209205 0.058577405857740586
2.0 0.6165467490459171 0.6004583759512744 0.058577405857740586 0.06834030683403068
2.0 0.6047973563905156 0.5148253613251859 0.03486750348675035 0.04184100418410042
7.0 0.5890078736123115 0.43538431569702957 0.01394700139470014 0.016736401673640166
7.0 0.528871534310823 0.4090150147644822 0.01813110181311018 0.02092050209205021
7.0 0.7223223920165234 0.5266076157052765 0.012552301255230125 0.01394700139470014
2.0 0.7766991666939534 0.5748706395359214 0.012552301255230125 0.016736401673640166
2.0 0.6733723688818319 0.49798291767634967 0.012552301255230125 0.015341701534170154
2.0 0.6020800134204588 0.4787648721126335 0.02510460251046025 0.029288702928870293
7.0 0.7685154883583628 0.5623912156563631 0.012552301255230125 0.015341701534170154
2.0 0.6050926516794617 0.46402864566822577 0.019525801952580194 0.022315202231520222
7.0 0.5528771044455928 0.41496218140677676 0.01394700139470014 0.016736401673640166
7.0 0.6721071501680846 0.48974232194939915 0.012552301255230125 0.012552301255230125
2.0 0.8157370099992676 0.6081772435982001 0.016736401673640166 0.019525801952580194
2.0 0.6297982789661345 0.4704944018813017 0.016736401673640166 0.019525801952580194
2.0 0.7237862404796636 0.5335404526761649 0.01394700139470014 0.015341701534170154
7.0 0.6328460561137752 0.4635546714219668 0.011157601115760111 0.01394700139470014
