7 0.3071 0.66522 0.04596 0.17174
2 0.78639 0.6663 0.04979 0.16739
7 0.06233 0.40978 0.01671 0.0587
7 0.26654 0.39022 0.01079 0.04348
7 0.43315 0.40326 0.01184 0.04783
2 0.63249 0.4663 0.01776 0.07609
7 0.45404 0.37446 0.00905 0.0337
2 0.55815 0.37609 0.00836 0.03478
2 0.57852 0.40652 0.01149 0.04783
7 0.41452 0.46141 0.01915 0.07283
7 0.41295 0.33207 0.00487 0.01848
7 0.33653 0.37337 0.0087 0.0337
2 0.51341 0.3337 0.00453 0.01739
2 0.38562 0.32609 0.00453 0.01739
2 0.19412 0.35924 0.0094 0.0337
7 0.33235 0.34239 0.00592 0.02391
2 0.07103 0.37391 0.01114 0.04348
7 0.34836 0.35435 0.00731 0.02826
7 0.4664 0.33967 0.00383 0.02065
2 0.54022 0.34891 0.00592 0.02391
2 0.54648 0.35815 0.00662 0.02717
7 0.36542 0.33261 0.00453 0.01957
2 0.24008 0.33696 0.00662 0.02391
7 0.33653 0.33641 0.00383 0.02065
2 0.44969 0.32826 0.00244 0.01739
2 0.2258 0.3462 0.00731 0.02935
7 0.45944 0.35598 0.00662 0.02717
7 0.46361 0.34674 0.00592 0.02391
2 0.31999 0.32609 0.00557 0.01957
7 0.44882 0.33533 0.00418 0.01848
2 0.25783 0.32989 0.00592 0.02283
2 0.53464 0.34185 0.00522 0.02065
