7 0.25783 0.5712 0.03377 0.12065
7 0.47476 0.41196 0.01219 0.05
7 0.37761 0.44728 0.01567 0.06413
7 0.56981 0.38207 0.0094 0.03587
2 0.82747 0.65217 0.04631 0.17174
2 0.88562 0.34674 0.00592 0.02391
7 0.61943 0.36957 0.00766 0.03043
2 0.73572 0.38315 0.00975 0.03587
2 0.74652 0.36739 0.00836 0.03043
2 0.7016 0.35761 0.00696 0.02391
2 0.67131 0.46141 0.02298 0.07283
7 0.59488 0.35978 0.00592 0.02609
2 0.8515 0.33967 0.00522 0.02065
2 0.6445 0.34457 0.00487 0.01957
2 0.67967 0.33533 0.00348 0.0163
2 0.92914 0.35489 0.00731 0.02717
2 0.82486 0.33478 0.00418 0.01739
2 0.66226 0.34022 0.00487 0.01957
7 0.5618 0.35109 0.00453 0.02174
2 0.80745 0.33207 0.00348 0.01413
2 0.71866 0.4125 0.01462 0.04891
2 0.66678 0.34891 0.00557 0.02174
7 0.57747 0.34185 0.00383 0.0163
