7 0.2749 0.69348 0.05327 0.18696
7 0.50226 0.5163 0.02681 0.09565
7 0.59854 0.45489 0.01741 0.06196
7 0.65581 0.41848 0.01149 0.04565
7 0.68802 0.40109 0.00905 0.03696
7 0.70926 0.39402 0.00905 0.0337
7 0.73834 0.38804 0.00801 0.02826
7 0.70073 0.37935 0.00731 0.02609
7 0.72754 0.36141 0.00522 0.01848
7 0.8078 0.36902 0.00487 0.01848
7 0.60898 0.36848 0.00696 0.02609
2 0.93994 0.59783 0.02194 0.12391
2 0.90512 0.50272 0.02403 0.07717
2 0.87674 0.45435 0.01532 0.05435
2 0.85742 0.42609 0.01149 0.0413
2 0.86194 0.41033 0.00662 0.03587
2 0.8663 0.39946 0.00696 0.03152
2 0.94046 0.39293 0.00766 0.02717
2 0.77455 0.37717 0.00592 0.02391
2 0.83304 0.38696 0.00662 0.02609
2 0.69168 0.36793 0.00522 0.02065
2 0.76306 0.36957 0.00522 0.02174
2 0.81981 0.37609 0.00592 0.02174
2 0.62221 0.36141 0.00487 0.02065
2 0.64398 0.35598 0.00453 0.01848
7 0.5437 0.3587 0.00592 0.02174
2 0.58026 0.3538 0.00453 0.01848
7 0.19133 0.39185 0.01288 0.04674
7 0.32678 0.3788 0.0094 0.03804
7 0.36107 0.36739 0.00836 0.03261
7 0.38231 0.34891 0.00557 0.02174
2 0.69742 0.36304 0.00487 0.01957
7 0.6774 0.35598 0.00383 0.0163
2 0.8851 0.3837 0.00627 0.02174
2 0.19777 0.36576 0.00766 0.0337
2 0.24843 0.35652 0.00662 0.02826
2 0.27611 0.35054 0.00557 0.02283
2 0.30014 0.34837 0.00487 0.01848
7 0.35794 0.35652 0.00487 0.02609
7 0.39276 0.34674 0.00487 0.01957
7 0.42688 0.3462 0.00418 0.0163
7 0.46135 0.3462 0.00348 0.0163
7 0.5047 0.35217 0.00453 0.01957
2 0.51967 0.34565 0.00383 0.01739
2 0.59523 0.35054 0.00383 0.0163
2 0.47928 0.34348 0.00383 0.01739
2 0.32469 0.34565 0.00453 0.01739
2 0.33757 0.3413 0.00383 0.01522
2 0.09871 0.35272 0.00592 0.02065
2 0.16139 0.35054 0.00522 0.02065
2 0.23868 0.34674 0.00522 0.01957
2 0.27141 0.34565 0.00522 0.01739
2 0.29596 0.34348 0.00418 0.01522
2 0.0672 0.37228 0.01114 0.04022
7 0.62535 0.34891 0.00348 0.01522
