7.0 0.37647002623747405 0.6562939231032733 0.075 0.17
7.0 0.4163092048120174 0.4968997291783477 0.043333333333333335 0.10333333333333333
7.0 0.42184204858079494 0.43346031883550107 0.03 0.075
7.0 0.40506929232745664 0.3970368431013678 0.021666666666666667 0.055
7.0 0.3856585867064819 0.38049424624307926 0.018333333333333333 0.045
7.0 0.3581889385575319 0.3730724088189189 0.015 0.04
7.0 0.33610061254082546 0.3707505340702345 0.015 0.035
7.0 0.3113836774437377 0.3689483022163272 0.013333333333333334 0.03166666666666667
7.0 0.2801785224574027 0.36650347479071277 0.011666666666666667 0.02666666666666667
7.0 0.2751753380611713 0.35708780160963527 0.01 0.021666666666666667
7.0 0.3017208374165014 0.34106156782587554 0.006666666666666667 0.02
7.0 0.34282321387210585 0.3212582214160837 0.008333333333333333 0.02
7.0 0.39205657521520887 0.30129133865850205 0.005 0.016666666666666666
7.0 0.44768860342572897 0.28150634111452927 0.006666666666666667 0.015
7.0 0.5060638653732219 0.26259638690783277 0.006666666666666667 0.015
7.0 0.5630433835737412 0.24585282251255208 0.006666666666666667 0.015
7.0 0.621425945217901 0.22930595875199827 0.006666666666666667 0.016666666666666666
7.0 0.6776767033974287 0.21270405095488512 0.005 0.015
7.0 0.7510784227155867 0.1932377586826714 0.008333333333333333 0.02
7.0 0.7896242324503332 0.182911278253995 0.008333333333333333 0.02
7.0 0.8260743919992336 0.17110575929501604 0.008333333333333333 0.021666666666666667
2.0 0.8098033588768023 0.3708009824808162 0.043333333333333335 0.1
2.0 0.6946693825339142 0.33129494363610623 0.03 0.06666666666666667
2.0 0.6068460129726418 0.3162365677754109 0.02 0.05333333333333334
2.0 0.5452446206566643 0.3130934530195398 0.016666666666666666 0.041666666666666664
2.0 0.49007156144747294 0.31578563192831316 0.015 0.03666666666666667
2.0 0.45605551879233547 0.3190943221457525 0.011666666666666667 0.03166666666666667
2.0 0.3757485864003339 0.3271414557466641 0.01 0.021666666666666667
2.0 0.36636905993079544 0.32329678296843295 0.006666666666666667 0.021666666666666667
2.0 0.3708249502372065 0.31817974460847986 0.006666666666666667 0.02
2.0 0.3898905660054741 0.30879720323946724 0.008333333333333333 0.018333333333333333
2.0 0.4197091664540507 0.3228472856306583 0.013333333333333334 0.02666666666666667
2.0 0.4214640601160091 0.2960532203546873 0.008333333333333333 0.018333333333333333
2.0 0.45924711026157516 0.28256295365211515 0.008333333333333333 0.018333333333333333
2.0 0.4944700759369743 0.27146540167067473 0.008333333333333333 0.016666666666666666
2.0 0.5480361202010176 0.2558547740474351 0.008333333333333333 0.018333333333333333
2.0 0.6129524503993398 0.2370990250294182 0.006666666666666667 0.018333333333333333
2.0 0.6757075721694488 0.2197022216798591 0.008333333333333333 0.02
2.0 0.7584685471039052 0.196999707399414 0.01 0.023333333333333334
2.0 0.821278145472357 0.17912289021879294 0.008333333333333333 0.021666666666666667
9.0 0.667676612545208 0.2165342633674168 0.01 0.028333333333333332
9.0 0.6809995474567762 0.21347512250764913 0.01 0.028333333333333332
9.0 0.6715110677905524 0.21059047739154188 0.008333333333333333 0.025
9.0 0.6831461564916557 0.2073899959469059 0.008333333333333333 0.02666666666666667
