7 0.90773 0.39783 0.03273 0.11304
7 0.51445 0.6337 0.06024 0.22174
1 0.78935 0.21141 0.00836 0.02717
1 0.77368 0.20326 0.00557 0.02391
1 0.65982 0.21739 0.00766 0.03043
1 0.62552 0.21087 0.00662 0.02609
1 0.52072 0.23315 0.00801 0.03152
1 0.51306 0.22065 0.00592 0.02391
1 0.44708 0.22011 0.00696 0.025
1 0.42444 0.23261 0.00766 0.02826
1 0.38736 0.2587 0.01079 0.03696
1 0.37813 0.22011 0.00487 0.02065
1 0.3555 0.23261 0.00557 0.02609
1 0.3165 0.25217 0.00905 0.03261
1 0.27664 0.22935 0.00522 0.02174
1 0.24495 0.3038 0.01428 0.05109
1 0.21083 0.25435 0.00801 0.03043
1 0.05641 0.39728 0.01532 0.08152
1 0.07347 0.3038 0.01393 0.04674
