7.0 0.5857799206609764 0.4844669827105448 0.020114942528735632 0.03017241379310345
7.0 0.5005843935480961 0.49392325457335456 0.040229885057471264 0.05603448275862069
2.0 0.6602089141018813 0.5316701399783608 0.01867816091954023 0.02586206896551724
2.0 0.664821775003522 0.5616465609569442 0.02586206896551724 0.03735632183908046
7.0 0.5364398949635691 0.46991871998749124 0.027298850574712645 0.03735632183908046
2.0 0.6717797720412871 0.6029907360803302 0.035919540229885055 0.05028735632183908
2.0 0.6904737783398297 0.528327402012124 0.010057471264367816 0.015804597701149427
7.0 0.5600259198519291 0.44824731972829934 0.017241379310344827 0.02442528735632184
2.0 0.7045447667559164 0.5457323037842462 0.014367816091954023 0.020114942528735632
2.0 0.7329837732504526 0.5765770112337331 0.01867816091954023 0.02442528735632184
2.0 0.7897288086909992 0.6276875257302955 0.021551724137931036 0.03017241379310345
2.0 0.6327435390653847 0.4990689548825361 0.015804597701149427 0.021551724137931036
7.0 0.32389491639032136 0.6140263441521437 0.10488505747126436 0.14224137931034483
2.0 0.7005785720957216 0.6852319099559498 0.0603448275862069 0.07902298850574713
