7.0 0.49938452520418225 0.5293309662287405 0.06944444444444445 0.06111111111111111
7.0 0.521758214811113 0.40097956302359145 0.027777777777777776 0.025
7.0 0.5572493181443284 0.47243511242142744 0.03333333333333333 0.029166666666666667
2.0 0.6931249525517476 0.6826012997686323 0.043055555555555555 0.03888888888888889
2.0 0.6663056329873498 0.5764072491792896 0.02361111111111111 0.019444444444444445
7.0 0.1841109444465265 0.41696666562586066 0.09722222222222222 0.08472222222222223
2.0 0.6510396283544055 0.5833524441558887 0.030555555555555555 0.027777777777777776
2.0 0.5996686198977498 0.4928857274476245 0.027777777777777776 0.02361111111111111
7.0 0.7225507023325276 0.6415702517682245 0.022222222222222223 0.019444444444444445
2.0 0.5722972845861721 0.4111856531638318 0.013888888888888888 0.0125
7.0 0.5080352953865703 0.3324388874679186 0.015277777777777777 0.013888888888888888
2.0 0.7090918211086248 0.647052067062169 0.02638888888888889 0.02361111111111111
2.0 0.623638659299012 0.47889214409126724 0.015277777777777777 0.0125
2.0 0.548930138629009 0.39952772485797333 0.019444444444444445 0.015277777777777777
2.0 0.6143935692590665 0.4730009460508994 0.015277777777777777 0.013888888888888888
7.0 0.6583997839388971 0.531027787003474 0.013888888888888888 0.0125
2.0 0.5635702269650015 0.43418334040112644 0.02361111111111111 0.020833333333333332
2.0 0.6140650299341048 0.48425649053639813 0.016666666666666666 0.015277777777777777
2.0 0.5831595234093996 0.40924315299454855 0.008333333333333333 0.006944444444444444
7.0 0.5533606747631105 0.3706027937459374 0.011111111111111112 0.009722222222222222
7.0 0.5939473851524345 0.568726250691648 0.044444444444444446 0.03888888888888889
7.0 0.5352795080064442 0.36055715080236594 0.013888888888888888 0.0125
2.0 0.5875287362186012 0.4238592100727872 0.011111111111111112 0.009722222222222222
2.0 0.6223808553696746 0.46382448337704874 0.008333333333333333 0.008333333333333333
7.0 0.6870234799471688 0.5847935656865169 0.019444444444444445 0.016666666666666666
2.0 0.634024557697734 0.522418856835887 0.020833333333333332 0.018055555555555554
2.0 0.5974337724547479 0.42380817268510956 0.009722222222222222 0.008333333333333333
2.0 0.5609838589135046 0.37080741324055 0.009722222222222222 0.008333333333333333
7.0 0.5561573307705244 0.38204524115382915 0.011111111111111112 0.009722222222222222
7.0 0.6657442178147202 0.5327300243639257 0.0125 0.011111111111111112
2.0 0.6310082933207448 0.4818458651201698 0.013888888888888888 0.0125
7.0 0.49492680455531485 0.34512189963802786 0.02361111111111111 0.020833333333333332
2.0 0.5712343704124463 0.3902229418528235 0.008333333333333333 0.005555555555555556
7.0 0.5377102872807416 0.3432986095561654 0.008333333333333333 0.006944444444444444
7.0 0.6615709834076586 0.5208193079518909 0.011111111111111112 0.011111111111111112
2.0 0.594039217144879 0.41285904487605085 0.006944444444444444 0.005555555555555556
7.0 0.6592853048385823 0.541940725220961 0.016666666666666666 0.016666666666666666
2.0 0.6112907855381144 0.4446038503144087 0.008333333333333333 0.008333333333333333
7.0 0.49422202600789433 0.3270534768208495 0.019444444444444445 0.018055555555555554
2.0 0.5885620956603025 0.4091688726633701 0.008333333333333333 0.006944444444444444
2.0 0.5513308026275442 0.39328306906710836 0.0125 0.011111111111111112
2.0 0.5694847812874536 0.37762148653348393 0.006944444444444444 0.005555555555555556
7.0 0.5451006837236315 0.35610868068373774 0.009722222222222222 0.008333333333333333
7.0 0.5616196145985332 0.38510690834664374 0.011111111111111112 0.008333333333333333
2.0 0.590654982755033 0.4240361114566734 0.011111111111111112 0.008333333333333333
2.0 0.5635503860384178 0.3782819835712242 0.009722222222222222 0.008333333333333333
7.0 0.60945358842263 0.4355778997113021 0.008333333333333333 0.006944444444444444
