2.0 0.4345382193492104 0.45576916723709104 0.04864091559370529 0.06437768240343347
7.0 0.2932686612732438 0.2992786814761656 0.027181688125894134 0.0357653791130186
7.0 0.259880176936986 0.30252519839951775 0.032904148783977114 0.045779685264663805
7.0 0.7830678497221064 0.6197612010044865 0.032904148783977114 0.045779685264663805
2.0 0.4114650173450966 0.3868287477191129 0.027181688125894134 0.04005722460658083
2.0 0.47803419680756576 0.389866201893691 0.01859799713876967 0.024320457796852647
7.0 0.5878036387927076 0.4601348010423486 0.020028612303290415 0.027181688125894134
7.0 0.5520338601032737 0.42339619842696985 0.01859799713876967 0.022889842632331903
2.0 0.4277948296444447 0.34707412519866454 0.012875536480686695 0.017167381974248927
2.0 0.5766308541009549 0.4904591067547267 0.030042918454935622 0.04148783977110158
7.0 0.6536783505102953 0.5179336780201147 0.024320457796852647 0.032904148783977114
7.0 0.538824631879604 0.40749802823255776 0.012875536480686695 0.017167381974248927
2.0 0.5096107262352576 0.42648437763972263 0.02145922746781116 0.031473533619456366
2.0 0.37031249530776306 0.3267595961608202 0.01859799713876967 0.02575107296137339
2.0 0.38673275448845285 0.3238236512410657 0.011444921316165951 0.015736766809728183
7.0 0.5121657343145996 0.3888925074520099 0.010014306151645207 0.012875536480686695
7.0 0.46430395026306737 0.3626381299999102 0.008583690987124463 0.012875536480686695
7.0 0.41014949429903547 0.3327506767252068 0.011444921316165951 0.015736766809728183
2.0 0.4679413953716781 0.3739319389029689 0.015736766809728183 0.02145922746781116
2.0 0.40306554916543064 0.3562419460667149 0.020028612303290415 0.02861230329041488
2.0 0.6612475653175862 0.5701162317123584 0.03862660944206009 0.05293276108726753
2.0 0.5398958730289034 0.5933612679688615 0.07010014306151645 0.0944206008583691
2.0 0.46724368094705404 0.3680061095839465 0.01430615164520744 0.020028612303290415
2.0 0.31362092076357573 0.2931067900701993 0.01859799713876967 0.024320457796852647
