8.0 0.5371666599421878 0.337693553914327 0.08726752503576538 0.06437768240343347
8.0 0.45466919896993374 0.1501785409467489 0.017167381974248927 0.012875536480686695
8.0 0.4512084536682254 0.14184551734093362 0.01430615164520744 0.011444921316165951
8.0 0.44829287126297035 0.1357471852448386 0.012875536480686695 0.008583690987124463
8.0 0.44637292385717237 0.1311033040886679 0.011444921316165951 0.008583690987124463
8.0 0.45275136796552856 0.1160855005136048 0.011444921316165951 0.008583690987124463
8.0 0.4605383329764814 0.10100128605584202 0.010014306151645207 0.00715307582260372
9.0 0.46045664787804125 0.18076279740886497 0.044349070100143065 0.031473533619456366
9.0 0.45826815946940735 0.17419617453011682 0.04005722460658083 0.027181688125894134
7.0 0.4677946604744814 0.17999232868227444 0.02575107296137339 0.015736766809728183
7.0 0.4659692123640462 0.20942064977358243 0.032904148783977114 0.02575107296137339
7.0 0.45486161993381463 0.18327541542853384 0.022889842632331903 0.015736766809728183
7.0 0.43580519555051084 0.206730637137391 0.020028612303290415 0.01430615164520744
7.0 0.4133644121910559 0.24162919977146144 0.01859799713876967 0.012875536480686695
7.0 0.3894803473893939 0.2837886864605808 0.017167381974248927 0.012875536480686695
7.0 0.3666807770345509 0.3280544374727199 0.01430615164520744 0.011444921316165951
7.0 0.3451639008666215 0.37806782459342375 0.015736766809728183 0.011444921316165951
7.0 0.32545183822311413 0.42573160645373015 0.017167381974248927 0.012875536480686695
7.0 0.3134270814505268 0.4609009559322233 0.017167381974248927 0.011444921316165951
7.0 0.3420860948080112 0.48450958512572717 0.032904148783977114 0.022889842632331903
7.0 0.30467618200540336 0.49516090545034225 0.020028612303290415 0.01430615164520744
7.0 0.3142248898548557 0.5192304703256265 0.02575107296137339 0.01859799713876967
7.0 0.3032216956557101 0.5175888192348234 0.022889842632331903 0.015736766809728183
7.0 0.38751689201301026 0.40501541367765276 0.03862660944206009 0.02861230329041488
7.0 0.43347514435947165 0.3015347017524612 0.03719599427753934 0.027181688125894134
2.0 0.49633750026542917 0.2531563394856452 0.05150214592274678 0.03719599427753934
2.0 0.40183081469571125 0.4574551325645004 0.05436337625178827 0.04005722460658083
2.0 0.3178259346858737 0.5862407741414319 0.044349070100143065 0.031473533619456366
2.0 0.2809509612026083 0.614277426491845 0.031473533619456366 0.022889842632331903
2.0 0.27400587720962294 0.5912797120408295 0.02575107296137339 0.01859799713876967
2.0 0.2797785023777796 0.5470453521282052 0.02145922746781116 0.015736766809728183
2.0 0.29482340499985776 0.49551133713575957 0.015736766809728183 0.011444921316165951
2.0 0.31100430050548805 0.447576534480148 0.01430615164520744 0.010014306151645207
2.0 0.3362065876473211 0.3848219456163145 0.01430615164520744 0.010014306151645207
2.0 0.36543642518864095 0.32144931752008193 0.015736766809728183 0.011444921316165951
2.0 0.39425747070139433 0.26357512425314994 0.015736766809728183 0.011444921316165951
2.0 0.4257737183198664 0.2057937912699718 0.017167381974248927 0.012875536480686695
2.0 0.45617799794410674 0.1547288296152878 0.01859799713876967 0.012875536480686695
