2.0 0.7536971422863152 0.3824918878011923 0.12535211267605634 0.1028169014084507
7.0 0.49752298049014676 0.40625708422624895 0.0323943661971831 0.02535211267605634
7.0 0.535234247568177 0.3349243954079442 0.029577464788732393 0.02112676056338028
2.0 0.6290742211271175 0.24906077235648066 0.03943661971830986 0.0323943661971831
7.0 0.5698879589967613 0.2786477325647729 0.023943661971830985 0.01971830985915493
2.0 0.6147615583191612 0.3529812513635546 0.06056338028169014 0.04788732394366197
2.0 0.6059311929119905 0.3015935582296101 0.04084507042253521 0.03380281690140845
7.0 0.4628756122727403 0.5038813326831924 0.04647887323943662 0.038028169014084505
7.0 0.4495962197093255 0.6763459725259755 0.09436619718309859 0.07605633802816901
7.0 0.6366080518277208 0.20144773791999687 0.018309859154929577 0.015492957746478873
