7.0 0.5715220447020833 0.3889451491797033 0.0970873786407767 0.08876560332871013
1.0 0.265561278530656 0.4983979625552324 0.015256588072122053 0.013869625520110958
1.0 0.2995802709514375 0.440444718263084 0.012482662968099861 0.011095700416088766
1.0 0.19096444784112954 0.5909005149734528 0.009708737864077669 0.009708737864077669
1.0 0.22551364974936383 0.5353203336867106 0.009708737864077669 0.009708737864077669
1.0 0.3062882609834762 0.44026108690104443 0.013869625520110958 0.013869625520110958
1.0 0.26579654001958575 0.4789058452484368 0.012482662968099861 0.011095700416088766
1.0 0.24415616981158678 0.5161079854944524 0.011095700416088766 0.009708737864077669
1.0 0.2450741045342943 0.5138098471479108 0.009708737864077669 0.009708737864077669
1.0 0.1604834923827152 0.6134168267363108 0.008321775312066574 0.006934812760055479
1.0 0.16717179096279386 0.6072467785990769 0.009708737864077669 0.008321775312066574
1.0 0.16692896496258916 0.6099445400431719 0.008321775312066574 0.006934812760055479
1.0 0.1713209278599553 0.6149183674442714 0.008321775312066574 0.006934812760055479
1.0 0.16726756803374668 0.6197489735792326 0.011095700416088766 0.009708737864077669
1.0 0.16006392153512608 0.6253290031068369 0.009708737864077669 0.008321775312066574
1.0 0.1641112042811476 0.627112092868762 0.009708737864077669 0.009708737864077669
