8.0 0.6878199065544301 0.6934006065677031 0.07177033492822966 0.03508771929824561
8.0 0.774588685706432 0.7634654604385073 0.046251993620414676 0.022328548644338118
8.0 0.7599601517895774 0.7105747553985673 0.0430622009569378 0.02073365231259968
2.0 0.768593790295511 0.4958817521296165 0.007974481658692184 0.003189792663476874
1.0 0.7951029130666819 0.7439858897388775 0.030303030303030304 0.012759170653907496
2.0 0.7917049127618966 0.5581237080225884 0.006379585326953748 0.003189792663476874
2.0 0.758647492765133 0.46734339928085544 0.007974481658692184 0.003189792663476874
8.0 0.8043719475993014 0.5916732599053153 0.009569377990430622 0.003189792663476874
2.0 0.7799514577644645 0.5262484052455157 0.006379585326953748 0.003189792663476874
8.0 0.4002249170564161 0.6249016868316029 0.19138755980861244 0.09728867623604466
2.0 0.8174146269056077 0.6283600133054597 0.009569377990430622 0.004784688995215311
7.0 0.7217990980140131 0.3761078953614782 0.007974481658692184 0.003189792663476874
2.0 0.722701248628616 0.3726283096833434 0.006379585326953748 0.003189792663476874
2.0 0.7300869971661925 0.3933142903737055 0.007974481658692184 0.003189792663476874
7.0 0.7314179357131452 0.40001669792657935 0.006379585326953748 0.003189792663476874
7.0 0.7409146168880469 0.4251417824188943 0.007974481658692184 0.003189792663476874
2.0 0.739096030195623 0.4166509977067934 0.006379585326953748 0.003189792663476874
2.0 0.748864925150378 0.4411198215739243 0.006379585326953748 0.003189792663476874
7.0 0.7515669475167519 0.4529076331064252 0.009569377990430622 0.004784688995215311
7.0 0.7618788775150567 0.4828105449023852 0.006379585326953748 0.003189792663476874
7.0 0.7740302226289117 0.5144355165358834 0.006379585326953748 0.003189792663476874
7.0 0.7869112855020687 0.5488153824181701 0.007974481658692184 0.003189792663476874
8.0 0.8001658684671245 0.5845576937651822 0.007974481658692184 0.004784688995215311
7.0 0.8145258027658545 0.6244252324496804 0.009569377990430622 0.003189792663476874
8.0 0.8294732851922353 0.6664855305984639 0.006379585326953748 0.003189792663476874
7.0 0.846288224312245 0.7104040916747874 0.009569377990430622 0.004784688995215311
2.0 0.8453466028941937 0.708593639479131 0.006379585326953748 0.001594896331738437
8.0 0.7064738576362573 0.33090250807130517 0.009569377990430622 0.004784688995215311
8.0 0.7078952395758075 0.3345034509086619 0.011164274322169059 0.004784688995215311
8.0 0.698665719005577 0.3154866037007783 0.006379585326953748 0.001594896331738437
8.0 0.7003191476634537 0.31651455262875855 0.006379585326953748 0.001594896331738437
8.0 0.7144176954990111 0.3502638529223797 0.007974481658692184 0.004784688995215311
2.0 0.7148974560205102 0.3520543435640802 0.004784688995215311 0.001594896331738437
