7.0 0.608163394889354 0.31007766245465024 0.08298755186721991 0.07883817427385892
7.0 0.32649878678735755 0.5359414344185736 0.04702627939142462 0.04426002766251729
7.0 0.4167080653000939 0.48773681605184505 0.06500691562932227 0.06224066390041494
7.0 0.3275501105278892 0.4366266194162134 0.02351313969571231 0.022130013831258646
7.0 0.576596823668714 0.14190516568770925 0.02627939142461964 0.024896265560165973
7.0 0.3558805376584394 0.3898813877666257 0.022130013831258646 0.02074688796680498
2.0 0.22642547550573533 0.6235072975027193 0.034578146611341634 0.034578146611341634
7.0 0.30101288416726935 0.5209481279549877 0.03319502074688797 0.0318118948824343
7.0 0.5217027552429481 0.19286992045448992 0.022130013831258646 0.022130013831258646
2.0 0.5389423534212614 0.16140320333119165 0.02074688796680498 0.02074688796680498
7.0 0.4222115775716839 0.3006929597122752 0.017980636237897647 0.016597510373443983
2.0 0.4711442752903719 0.23354702602334418 0.017980636237897647 0.017980636237897647
2.0 0.41327263854442037 0.3001132448477363 0.015214384508990318 0.015214384508990318
7.0 0.30680311286837514 0.48200973176573236 0.027662517289073305 0.02627939142461964
2.0 0.25339826028177637 0.5454888229272088 0.024896265560165973 0.02351313969571231
7.0 0.38951578771580897 0.34252501488260745 0.019363762102351315 0.017980636237897647
7.0 0.4685593375467538 0.24647420214598614 0.02074688796680498 0.019363762102351315
2.0 0.372935718836799 0.3518423204843249 0.017980636237897647 0.016597510373443983
2.0 0.3298903554537831 0.4126748610462273 0.017980636237897647 0.017980636237897647
2.0 0.2902753736615174 0.47603816601089183 0.02074688796680498 0.02074688796680498
2.0 0.34988620803509146 0.7772322217223899 0.11203319502074689 0.1078838174273859
