2 0.86177 0.30272 0.01602 0.05761
7 0.84575 0.24239 0.00696 0.03043
7 0.76654 0.25707 0.00731 0.03152
7 0.94603 0.22772 0.00836 0.02935
7 0.60306 0.39674 0.02298 0.08696
7 0.67653 0.27989 0.00905 0.03804
7 0.6196 0.31902 0.01288 0.05109
2 0.91191 0.27011 0.01253 0.04457
7 0.3985 0.68859 0.06093 0.21413
7 0.05362 0.33261 0.00487 0.02391
7 0.24304 0.29511 0.00487 0.02065
7 0.1727 0.24457 0.00209 0.01087
2 0.2984 0.25435 0.00279 0.01304
2 0.25104 0.27337 0.00348 0.0163
2 0.19673 0.24511 0.00279 0.01196
7 0.08043 0.25978 0.00209 0.01087
7 0.35324 0.2587 0.00313 0.01522
2 0.1398 0.30163 0.00522 0.02065
7 0.1297 0.25272 0.00244 0.00978
7 0.34802 0.23315 0.00244 0.00978
2 0.28847 0.2375 0.00174 0.00978
7 0.3743 0.23804 0.00209 0.01087
2 0.20648 0.28859 0.00418 0.01848
7 0.29091 0.23261 0.00174 0.0087
7 0.36159 0.23533 0.00244 0.00978
2 0.09784 0.26196 0.00279 0.01304
7 0.33043 0.23207 0.00209 0.00978
7 0.29997 0.27717 0.00453 0.01739
7 0.22093 0.23696 0.00174 0.0087
2 0.24547 0.23967 0.00209 0.00978
2 0.72946 0.20598 0.00209 0.00978
2 0.75644 0.19891 0.00174 0.0087
2 0.30989 0.23913 0.00209 0.01087
7 0.36769 0.25 0.00279 0.01304
2 0.68297 0.20978 0.00174 0.0087
2 0.77907 0.19728 0.00174 0.00978
7 0.16539 0.31413 0.00487 0.02174
7 0.33322 0.26739 0.00348 0.01522
7 0.68088 0.20163 0.00174 0.00761
2 0.14815 0.2538 0.00244 0.01196
2 0.27681 0.26359 0.00348 0.01413
7 0.254 0.2337 0.00174 0.0087
2 0.80188 0.19565 0.00209 0.0087
2 0.77577 0.20109 0.00209 0.01087
2 0.65721 0.2038 0.00174 0.00761
2 0.30937 0.2462 0.00244 0.01196
7 0.20317 0.23967 0.00174 0.00761
7 0.7977 0.19511 0.00209 0.00978
7 0.37239 0.24457 0.00174 0.0087
2 0.69603 0.20272 0.00139 0.00761
7 0.70091 0.20163 0.00139 0.00761
