2 0.7507 0.56793 0.02855 0.10543
7 0.89972 0.44185 0.01253 0.04457
2 0.60481 0.47663 0.0188 0.06848
7 0.33844 0.42772 0.01184 0.04891
7 0.32173 0.4 0.00905 0.03913
7 0.37308 0.47935 0.01776 0.07174
7 0.33095 0.60707 0.03935 0.13587
2 0.63841 0.41087 0.0094 0.03478
7 0.371 0.38859 0.00731 0.02935
2 0.50087 0.40054 0.0087 0.0337
2 0.59558 0.3837 0.00592 0.02391
2 0.7843 0.37337 0.00383 0.02065
2 0.7977 0.39348 0.00557 0.02609
7 0.44446 0.37609 0.00592 0.02609
7 0.68854 0.36685 0.00522 0.01848
2 0.72354 0.38152 0.00487 0.02174
2 0.89049 0.39076 0.00522 0.02065
2 0.62343 0.39837 0.00731 0.02935
2 0.53343 0.39239 0.00696 0.02826
7 0.49913 0.36957 0.00522 0.02391
2 0.79248 0.45761 0.01393 0.0587
2 0.69237 0.43152 0.01079 0.04348
2 0.76515 0.37663 0.00522 0.02283
2 0.74304 0.39457 0.00696 0.02609
7 0.57678 0.36957 0.00522 0.02174
7 0.64694 0.37011 0.00418 0.02065
2 0.92183 0.37935 0.00522 0.01957
2 0.66435 0.3837 0.00487 0.02391
2 0.48381 0.41576 0.0101 0.04022
7 0.91435 0.40435 0.00557 0.02609
7 0.73712 0.36413 0.00348 0.01739
2 0.68315 0.39457 0.00627 0.03043
2 0.92671 0.38913 0.00522 0.02174
7 0.93158 0.375 0.00383 0.01739
7 0.79248 0.42283 0.00836 0.03696
2 0.80223 0.3712 0.00418 0.01848
2 0.87117 0.3712 0.00348 0.01848
7 0.72145 0.36467 0.00279 0.01413
2 0.82469 0.3663 0.00313 0.01522
7 0.76288 0.36141 0.00348 0.0163
2 0.54109 0.44402 0.01253 0.05326
7 0.76845 0.4087 0.00836 0.03478
7 0.85237 0.40598 0.00696 0.03587
2 0.85028 0.39402 0.00487 0.025
7 0.84471 0.36467 0.00418 0.0163
7 0.88736 0.36576 0.00383 0.01848
2 0.77228 0.34457 0.00279 0.01087
2 0.7829 0.34457 0.00244 0.01087
2 0.78552 0.3462 0.00279 0.01196
2 0.83113 0.3462 0.00139 0.00761
7 0.81337 0.34457 0.00279 0.01304
7 0.81111 0.34783 0.00244 0.0087
7 0.79927 0.3462 0.00244 0.00978
8 0.86699 0.35163 0.00209 0.00978
2 0.88231 0.35217 0.00279 0.01304
8 0.8038 0.34837 0.00244 0.00978
