2.0 0.3217079701670211 0.6403198086044213 0.06638418079096045 0.052259887005649715
7.0 0.17642843759323598 0.6201297427071258 0.015536723163841809 0.012711864406779662
2.0 0.20024528538009448 0.6007693368511478 0.01694915254237288 0.014124293785310734
2.0 0.5425892865231962 0.19484590268192065 0.012711864406779662 0.00847457627118644
7.0 0.18993794730696467 0.5993269220206423 0.015536723163841809 0.012711864406779662
2.0 0.39569795593987955 0.3430977042264373 0.00847457627118644 0.007062146892655367
2.0 0.5137636931093841 0.22551739928772127 0.012711864406779662 0.009887005649717515
7.0 0.5510218988547102 0.1818608183991914 0.011299435028248588 0.00847457627118644
2.0 0.5629840957487124 0.17281481650975972 0.009887005649717515 0.00847457627118644
2.0 0.21980393325984549 0.5699346560433936 0.012711864406779662 0.011299435028248588
7.0 0.19666634257779814 0.5882358198267298 0.011299435028248588 0.009887005649717515
7.0 0.1639902438586278 0.6371185910022482 0.018361581920903956 0.012711864406779662
2.0 0.23144319396389762 0.5527287704786591 0.014124293785310734 0.011299435028248588
2.0 0.4662301168271125 0.5649868026296738 0.09322033898305085 0.07203389830508475
2.0 0.3872923284158476 0.3509956504515528 0.00847457627118644 0.005649717514124294
2.0 0.4651465027140879 0.2780081208634925 0.011299435028248588 0.00847457627118644
2.0 0.40389877457029233 0.3355151360408837 0.00847457627118644 0.007062146892655367
2.0 0.37320961441036493 0.36617497913867897 0.00847457627118644 0.005649717514124294
7.0 0.43433132215231196 0.30453343746294304 0.007062146892655367 0.005649717514124294
7.0 0.2713651895297437 0.486925707321374 0.011299435028248588 0.00847457627118644
7.0 0.3979869108438901 0.3381257365142004 0.007062146892655367 0.005649717514124294
2.0 0.3171938597465198 0.4300717684696406 0.007062146892655367 0.005649717514124294
2.0 0.4085654368640064 0.3319406829785769 0.009887005649717515 0.007062146892655367
7.0 0.4684634407187642 0.2714531979911471 0.011299435028248588 0.00847457627118644
7.0 0.2617503938866553 0.498849899618325 0.009887005649717515 0.00847457627118644
7.0 0.29711140541576886 0.45305587867935443 0.00847457627118644 0.007062146892655367
2.0 0.335862954365857 0.4078167551090002 0.007062146892655367 0.007062146892655367
2.0 0.3140908187425584 0.43556703679106 0.009887005649717515 0.00847457627118644
2.0 0.16879865732390142 0.6441473125269714 0.01977401129943503 0.015536723163841809
7.0 0.21124597326906938 0.5600225680437294 0.009887005649717515 0.007062146892655367
7.0 0.1993158552157504 0.5783933388482072 0.011299435028248588 0.00847457627118644
7.0 0.5217715345842648 0.21390340896291032 0.011299435028248588 0.00847457627118644
7.0 0.2006352733659988 0.5828544844158349 0.012711864406779662 0.00847457627118644
7.0 0.2916248902463158 0.46150437116223253 0.00847457627118644 0.007062146892655367
2.0 0.24268409091848275 0.5245978548467495 0.009887005649717515 0.00847457627118644
7.0 0.49659977343289624 0.24184306978771808 0.012711864406779662 0.009887005649717515
2.0 0.3599600782067976 0.380084604375529 0.007062146892655367 0.005649717514124294
7.0 0.3426898075307413 0.39873833150356663 0.00847457627118644 0.007062146892655367
7.0 0.380370040501709 0.35731318032457354 0.009887005649717515 0.007062146892655367
2.0 0.30252760289928504 0.4519255414853428 0.011299435028248588 0.00847457627118644
7.0 0.28808466894731805 0.4655085476529098 0.009887005649717515 0.007062146892655367
2.0 0.4894708484819198 0.25282065154939015 0.011299435028248588 0.00847457627118644
2.0 0.2848043815575354 0.47344104192375686 0.009887005649717515 0.00847457627118644
2.0 0.41328784147457853 0.328997398473678 0.007062146892655367 0.005649717514124294
2.0 0.34778124068108873 0.3937927844833416 0.007062146892655367 0.005649717514124294
2.0 0.32531531218484616 0.4197301188545141 0.00847457627118644 0.005649717514124294
7.0 0.4825422160916772 0.2562799342663201 0.011299435028248588 0.00847457627118644
2.0 0.23353465537949075 0.5365224596219845 0.011299435028248588 0.00847457627118644
7.0 0.2444367903321441 0.5197346439776154 0.009887005649717515 0.00847457627118644
7.0 0.28152351646743695 0.4741645502271244 0.009887005649717515 0.00847457627118644
7.0 0.44435905691394634 0.295584951386893 0.009887005649717515 0.00847457627118644
7.0 0.41380442756264746 0.32242605850418943 0.00847457627118644 0.005649717514124294
2.0 0.4202710211801013 0.3225728256090001 0.009887005649717515 0.00847457627118644
7.0 0.3104863843208691 0.4360717939733698 0.007062146892655367 0.005649717514124294
2.0 0.3106642084070062 0.4408435539914218 0.00847457627118644 0.005649717514124294
7.0 0.45596618333599037 0.2842044154288371 0.009887005649717515 0.00847457627118644
7.0 0.4388601323060902 0.3011712580811106 0.009887005649717515 0.00847457627118644
2.0 0.44252637400693673 0.30130160808877815 0.00847457627118644 0.007062146892655367
7.0 0.4260168925584537 0.31084366493881227 0.007062146892655367 0.00423728813559322
2.0 0.23047826858529175 0.5433931730121759 0.009887005649717515 0.007062146892655367
2.0 0.26960855148351276 0.49179498315280745 0.012711864406779662 0.011299435028248588
7.0 0.3607466017989505 0.3774394558564807 0.005649717514124294 0.005649717514124294
2.0 0.23627137187372235 0.5402484433782396 0.012711864406779662 0.00847457627118644
2.0 0.7514828338468855 0.4735628410886606 0.10451977401129943 0.08050847457627118
2.0 0.23546060710507907 0.5443782062874467 0.012711864406779662 0.00847457627118644
7.0 0.19774887299374388 0.5836875745188733 0.009887005649717515 0.007062146892655367
7.0 0.2280729986877901 0.5398738104523799 0.012711864406779662 0.00847457627118644
