7.0 0.16902120694901082 0.31451550093181624 0.011965811965811967 0.023931623931623933
7.0 0.12613959043298792 0.3184185197284389 0.011965811965811967 0.02564102564102564
7.0 0.3189760464692832 0.29798689268914 0.008547008547008548 0.017094017094017096
2.0 0.1845038259927956 0.3255500919675359 0.011965811965811967 0.02735042735042735
2.0 0.23255828868753292 0.5081631067015084 0.044444444444444446 0.1111111111111111
7.0 0.2905360249997841 0.3024913495724044 0.008547008547008548 0.020512820512820513
7.0 0.22379977634567963 0.3096940643345308 0.008547008547008548 0.022222222222222223
2.0 0.37366481046313116 0.30233333380482735 0.008547008547008548 0.020512820512820513
2.0 0.1055068638954986 0.33131858310279116 0.011965811965811967 0.03076923076923077
7.0 0.3330529688017676 0.2952788206291836 0.006837606837606838 0.017094017094017096
2.0 0.5085030965710193 0.2828999349378833 0.006837606837606838 0.015384615384615385
7.0 0.8173849255250435 0.28310453640220096 0.005128205128205128 0.015384615384615385
2.0 0.7500571608117979 0.279802903152049 0.005128205128205128 0.011965811965811967
2.0 0.33024248768880626 0.3106551351127697 0.010256410256410256 0.023931623931623933
2.0 0.5428117660163891 0.28132061198788355 0.005128205128205128 0.013675213675213675
7.0 0.5144488237575072 0.27859095563481595 0.005128205128205128 0.010256410256410256
2.0 0.761940930515902 0.28176647416366574 0.005128205128205128 0.013675213675213675
7.0 0.8442328193971607 0.2851082784231654 0.005128205128205128 0.013675213675213675
2.0 0.39781335163767556 0.29898708722107714 0.006837606837606838 0.020512820512820513
2.0 0.6842407940621626 0.27625302674808516 0.003418803418803419 0.010256410256410256
7.0 0.828957497425834 0.2851173963037259 0.005128205128205128 0.017094017094017096
2.0 0.7317037418823554 0.27788928825594017 0.005128205128205128 0.010256410256410256
2.0 0.7886377880610091 0.2857258868345634 0.005128205128205128 0.015384615384615385
2.0 0.5721508033621276 0.27667376497821805 0.0017094017094017094 0.010256410256410256
7.0 0.33599681365232514 0.29047941835690705 0.005128205128205128 0.017094017094017096
2.0 0.8416645491498608 0.2893696889272708 0.008547008547008548 0.017094017094017096
2.0 0.5589815412893081 0.27923807777594273 0.005128205128205128 0.011965811965811967
2.0 0.4781856352880394 0.2843344804449358 0.006837606837606838 0.015384615384615385
2.0 0.7141799680689375 0.2772975127334391 0.003418803418803419 0.011965811965811967
2.0 0.565384532427379 0.2787113114362081 0.005128205128205128 0.013675213675213675
7.0 0.48142430132655256 0.28044539627347703 0.005128205128205128 0.013675213675213675
2.0 0.40640039403636324 0.2947382712812388 0.005128205128205128 0.018803418803418803
7.0 0.3410444371140662 0.2872696978993051 0.005128205128205128 0.013675213675213675
2.0 0.42477376684254275 0.2850848164185942 0.006837606837606838 0.017094017094017096
2.0 0.6084870367964953 0.27525181403543275 0.003418803418803419 0.010256410256410256
2.0 0.7714959519469506 0.2836292373055709 0.006837606837606838 0.013675213675213675
7.0 0.46208748828112844 0.2811066523779293 0.005128205128205128 0.011965811965811967
7.0 0.4284642221064992 0.28209005028642453 0.005128205128205128 0.013675213675213675
7.0 0.3648917940045531 0.2839800154530575 0.005128205128205128 0.011965811965811967
2.0 0.39993845326142696 0.2890183436604235 0.006837606837606838 0.015384615384615385
7.0 0.3400565042049679 0.292725188576315 0.006837606837606838 0.017094017094017096
2.0 0.5884784588240272 0.2755320994238128 0.003418803418803419 0.011965811965811967
2.0 0.4097143625455693 0.29132462819817595 0.005128205128205128 0.018803418803418803
2.0 0.6330189085877607 0.27522098371004455 0.005128205128205128 0.010256410256410256
7.0 0.5202430576326471 0.2771858713173208 0.003418803418803419 0.011965811965811967
2.0 0.605389488297995 0.6764208008282866 0.08205128205128205 0.19829059829059828
7.0 0.39581208083998615 0.2814841173353607 0.005128205128205128 0.011965811965811967
2.0 0.2683896429928912 0.3194857888795071 0.010256410256410256 0.02735042735042735
7.0 0.26600871578316576 0.3044532061027718 0.010256410256410256 0.022222222222222223
7.0 0.5014406115309535 0.2792068730302019 0.003418803418803419 0.013675213675213675
7.0 0.5311584169187661 0.2759444160739193 0.005128205128205128 0.013675213675213675
7.0 0.5860721267929553 0.2739903373632156 0.003418803418803419 0.010256410256410256
7.0 0.6210521041810311 0.27374020946492683 0.005128205128205128 0.011965811965811967
2.0 0.6573865370939439 0.27521616696544116 0.005128205128205128 0.010256410256410256
7.0 0.6588970229060618 0.2740110550925651 0.0017094017094017094 0.011965811965811967
7.0 0.697337034951613 0.2741787859644542 0.003418803418803419 0.010256410256410256
7.0 0.7355434329518669 0.2758367599171369 0.005128205128205128 0.011965811965811967
7.0 0.7982032306154075 0.27987772651590986 0.005128205128205128 0.011965811965811967
7.0 0.7692461071874979 0.27820805363765566 0.003418803418803419 0.010256410256410256
2.0 0.40573813808117604 0.28568950838554374 0.005128205128205128 0.013675213675213675
