2 0.34227 0.45272 0.01741 0.05978
7 0.06981 0.47446 0.01706 0.06196
7 0.2359 0.4125 0.0101 0.03587
2 0.82747 0.40435 0.0101 0.03478
7 0.32712 0.39239 0.00731 0.02826
7 0.09297 0.40761 0.00696 0.02609
7 0.92775 0.38913 0.01079 0.03043
7 0.68872 0.36739 0.00557 0.01957
7 0.13875 0.39402 0.00662 0.02717
7 0.76602 0.36848 0.00696 0.02174
7 0.85672 0.37663 0.00731 0.025
7 0.40251 0.38315 0.00627 0.025
2 0.59767 0.38043 0.00731 0.02609
2 0.61908 0.62826 0.01811 0.11957
7 0.15494 0.43859 0.01184 0.04457
2 0.88997 0.42554 0.01393 0.04457
7 0.5484 0.37065 0.00557 0.02391
2 0.70752 0.37609 0.00627 0.02609
2 0.0679 0.39891 0.00487 0.01957
2 0.78604 0.3875 0.00801 0.02935
7 0.62013 0.36848 0.00557 0.01957
2 0.31894 0.42554 0.01323 0.04457
7 0.16748 0.38804 0.00487 0.01957
2 0.37953 0.40489 0.00905 0.03587
7 0.05797 0.53804 0.01845 0.09348
7 0.08426 0.38587 0.00487 0.01739
8 0.94882 0.3462 0.00418 0.0163
2 0.43419 0.51902 0.02646 0.09022
2 0.48207 0.38913 0.00662 0.03043
8 0.29387 0.35978 0.00418 0.01087
8 0.16713 0.36467 0.00348 0.00978
8 0.14119 0.36793 0.00383 0.01196
8 0.11804 0.36902 0.00209 0.01196
8 0.12169 0.36359 0.00313 0.00978
8 0.0914 0.3712 0.00244 0.01196
8 0.08896 0.37011 0.00244 0.01196
8 0.0618 0.37391 0.00313 0.01304
8 0.05884 0.37228 0.00279 0.01413
8 0.1156 0.36793 0.00209 0.01196
