7.0 0.6401109813267903 0.5717665451019471 0.04190751445086705 0.057803468208092484
7.0 0.5431648646771288 0.5598386448837782 0.05346820809248555 0.07658959537572255
7.0 0.31706712572788864 0.5521095588347368 0.0968208092485549 0.13439306358381503
7.0 0.793094681526257 0.5943592812700507 0.023121387283236993 0.031791907514450865
7.0 0.7586956598888253 0.5874570216184177 0.024566473988439308 0.03468208092485549
7.0 0.3810820488728588 0.35160722076180867 0.024566473988439308 0.03468208092485549
7.0 0.8149683853080143 0.6023445624413616 0.02023121387283237 0.02745664739884393
7.0 0.7144415290322176 0.5142852864660776 0.01300578034682081 0.015895953757225433
2.0 0.5232325163869462 0.39758445299617223 0.010115606936416185 0.014450867052023121
7.0 0.8096763695105715 0.5854109379875904 0.014450867052023121 0.02023121387283237
7.0 0.5729349417379339 0.4481536430920029 0.015895953757225433 0.023121387283236993
2.0 0.7567781389447514 0.5304191026774732 0.010115606936416185 0.014450867052023121
7.0 0.7547947898027242 0.5448502395485755 0.014450867052023121 0.02023121387283237
7.0 0.6725720900485126 0.4810873905556104 0.008670520231213872 0.014450867052023121
7.0 0.6923318661042763 0.4952390232867974 0.010115606936416185 0.015895953757225433
2.0 0.6557305923424774 0.4680349296587272 0.008670520231213872 0.01300578034682081
2.0 0.5545923653144625 0.4165380613068043 0.008670520231213872 0.01300578034682081
2.0 0.726744770601385 0.5089865071670364 0.008670520231213872 0.01300578034682081
7.0 0.5965072099161014 0.45294438924989033 0.014450867052023121 0.02167630057803468
2.0 0.777386815342982 0.5523040708878826 0.010115606936416185 0.015895953757225433
2.0 0.7894333213779662 0.5546116340419716 0.010115606936416185 0.015895953757225433
2.0 0.5382587539722818 0.4124118878238588 0.01300578034682081 0.01878612716763006
2.0 0.7058137068324508 0.4978572631463863 0.008670520231213872 0.01300578034682081
7.0 0.4163977338469665 0.3389609946272754 0.010115606936416185 0.014450867052023121
2.0 0.7360844203906154 0.5207819499205172 0.011560693641618497 0.015895953757225433
2.0 0.6702489435639584 0.473936077072476 0.0072254335260115606 0.011560693641618497
7.0 0.6161614359771187 0.4510933137396572 0.008670520231213872 0.014450867052023121
7.0 0.7494132715932246 0.5201261746600591 0.0072254335260115606 0.011560693641618497
7.0 0.4993215297633058 0.4126578710831299 0.02167630057803468 0.030346820809248554
7.0 0.4914205960263631 0.37976474632426593 0.008670520231213872 0.01300578034682081
2.0 0.5086913012992572 0.4007882720906863 0.011560693641618497 0.02023121387283237
2.0 0.5839700431136352 0.43124506138697033 0.0072254335260115606 0.011560693641618497
7.0 0.816993574333427 0.569726564474872 0.010115606936416185 0.014450867052023121
7.0 0.7041755633760292 0.5780515521269448 0.031791907514450865 0.04335260115606936
2.0 0.6800328617934082 0.4818700638225318 0.008670520231213872 0.011560693641618497
2.0 0.545875132890364 0.41372142347181246 0.011560693641618497 0.014450867052023121
2.0 0.3587566343949184 0.319239818992695 0.017341040462427744 0.023121387283236993
2.0 0.3728824861530238 0.31900781644463355 0.01300578034682081 0.01878612716763006
7.0 0.6459142568331673 0.465094772344466 0.008670520231213872 0.011560693641618497
7.0 0.625218373556019 0.4540905760094411 0.008670520231213872 0.014450867052023121
7.0 0.4584732787792927 0.35996706613566326 0.010115606936416185 0.014450867052023121
2.0 0.6451872761826177 0.46015804786419406 0.005780346820809248 0.010115606936416185
8.0 0.4503157789406958 0.34788679537460626 0.004335260115606936 0.0072254335260115606
2.0 0.4466705735057417 0.36735038216685906 0.015895953757225433 0.024566473988439308
2.0 0.45950542120417304 0.36461354372106913 0.010115606936416185 0.015895953757225433
8.0 0.4694176611068517 0.35804344628483753 0.0072254335260115606 0.010115606936416185
8.0 0.4837895169718041 0.36477170931274605 0.005780346820809248 0.008670520231213872
2.0 0.8233392875981472 0.5835752763752937 0.01300578034682081 0.01878612716763006
2.0 0.8281904163144681 0.5829619981216068 0.010115606936416185 0.017341040462427744
7.0 0.5168963179134767 0.3919445353556025 0.008670520231213872 0.011560693641618497
2.0 0.5688055547616128 0.4227294556154191 0.010115606936416185 0.014450867052023121
8.0 0.5129372382468189 0.3807307116236172 0.0072254335260115606 0.008670520231213872
7.0 0.7794488046596032 0.5429258137485647 0.008670520231213872 0.011560693641618497
7.0 0.7308278038728452 0.5070598167439804 0.008670520231213872 0.011560693641618497
2.0 0.6939452575346537 0.4869881349947666 0.008670520231213872 0.01300578034682081
7.0 0.7067930935711588 0.4924535580173902 0.0072254335260115606 0.011560693641618497
7.0 0.6763876027931303 0.4758341675079561 0.004335260115606936 0.008670520231213872
7.0 0.6426830523386623 0.45746063585294505 0.008670520231213872 0.011560693641618497
2.0 0.6246046150829361 0.4505799454032279 0.0072254335260115606 0.01300578034682081
2.0 0.6172873180723553 0.44486249299650155 0.008670520231213872 0.011560693641618497
2.0 0.5921867392421176 0.4319771624898075 0.0072254335260115606 0.011560693641618497
2.0 0.567055090578232 0.4186144278620169 0.0072254335260115606 0.01300578034682081
7.0 0.6067461666355081 0.4383526547800374 0.005780346820809248 0.008670520231213872
7.0 0.600435088938984 0.4463766401287183 0.014450867052023121 0.02023121387283237
8.0 0.6054066977132846 0.4326293805114286 0.005780346820809248 0.0072254335260115606
8.0 0.5628695279342393 0.40864607356929816 0.005780346820809248 0.0072254335260115606
2.0 0.5442335614384254 0.4082984024363311 0.008670520231213872 0.011560693641618497
8.0 0.5403509958457512 0.39667275767067733 0.005780346820809248 0.008670520231213872
2.0 0.49328648573262446 0.3825752543424118 0.010115606936416185 0.01300578034682081
8.0 0.4956925482724738 0.37201405160664 0.004335260115606936 0.0072254335260115606
2.0 0.4175798451751983 0.34277382380708304 0.011560693641618497 0.015895953757225433
7.0 0.3702939452422374 0.3139946711023536 0.010115606936416185 0.014450867052023121
7.0 0.2965707460145638 0.2811639296153673 0.023121387283236993 0.03468208092485549
2.0 0.25493297535341997 0.2521952713693477 0.01300578034682081 0.023121387283236993
