7 0.67758 0.53098 0.02716 0.09891
7 0.83426 0.49837 0.02228 0.07283
7 0.54213 0.38207 0.01114 0.03804
7 0.4288 0.36739 0.0094 0.03478
7 0.77037 0.39457 0.0087 0.03261
7 0.2876 0.34293 0.00975 0.0337
7 0.6875 0.39293 0.0094 0.0337
2 0.68141 0.37772 0.00557 0.025
2 0.60655 0.37228 0.00696 0.02935
2 0.4852 0.36196 0.00731 0.02609
7 0.86995 0.38098 0.00522 0.0163
7 0.3515 0.6288 0.04561 0.1663
7 0.25557 0.3375 0.00836 0.02935
2 0.39049 0.34837 0.00801 0.03152
2 0.71031 0.37554 0.00766 0.02717
7 0.8421 0.3788 0.00662 0.02283
7 0.24425 0.33587 0.00731 0.02826
8 0.09889 0.31196 0.00766 0.01957
8 0.15982 0.31685 0.00696 0.01848
8 0.2157 0.3212 0.00662 0.01848
7 0.26619 0.33533 0.00662 0.02065
8 0.28064 0.32609 0.00696 0.01739
8 0.32939 0.32989 0.00627 0.0163
7 0.34105 0.3538 0.01079 0.03152
2 0.33757 0.34348 0.00522 0.02174
7 0.33478 0.34076 0.00453 0.01848
8 0.3743 0.33478 0.00627 0.01522
7 0.3985 0.34511 0.00592 0.02065
2 0.40634 0.34674 0.00627 0.01957
7 0.45891 0.35 0.00627 0.01957
2 0.47859 0.35326 0.00522 0.01957
2 0.5336 0.35707 0.00522 0.02065
2 0.57817 0.36033 0.00592 0.0163
7 0.58757 0.35924 0.00592 0.0163
8 0.57103 0.34783 0.00418 0.01304
8 0.59802 0.35 0.00453 0.01087
2 0.62831 0.36359 0.00453 0.01848
7 0.64119 0.36196 0.00522 0.01739
7 0.67636 0.3625 0.00453 0.0163
8 0.66086 0.3538 0.00418 0.01196
2 0.68715 0.3663 0.00522 0.01957
2 0.72772 0.37228 0.00627 0.02283
2 0.73886 0.3712 0.00696 0.02065
8 0.61804 0.34946 0.00487 0.01196
2 0.75487 0.36957 0.00696 0.02391
7 0.76027 0.36576 0.00522 0.01848
2 0.78847 0.37283 0.00592 0.01957
7 0.81633 0.39293 0.00801 0.02717
7 0.94046 0.38804 0.00627 0.02174
2 0.87674 0.37989 0.00487 0.0163
2 0.88127 0.37717 0.00418 0.01522
