2.0 0.5893333434889574 0.5123920446383746 0.057660626029654036 0.02471169686985173
2.0 0.6119030010500138 0.5634396413395241 0.047775947281713346 0.018121911037891267
7.0 0.6581080578073393 0.5294471552881928 0.026359143327841845 0.011532125205930808
2.0 0.6487527762439196 0.6662534034244975 0.032948929159802305 0.013179571663920923
2.0 0.6740458624272687 0.6044286307820979 0.019769357495881382 0.008237232289950576
2.0 0.5378439484620546 0.48399665257724506 0.08072487644151564 0.03459637561779242
2.0 0.668451956745937 0.6266327978270013 0.02471169686985173 0.008237232289950576
7.0 0.6444570542276894 0.5005199176089822 0.03130148270181219 0.013179571663920923
7.0 0.6688698412995634 0.5139486691540436 0.023064250411861616 0.009884678747940691
2.0 0.6596808205743595 0.6471150099994125 0.03130148270181219 0.011532125205930808
2.0 0.6774882965716874 0.5765246890013805 0.018121911037891267 0.009884678747940691
7.0 0.6335114922545217 0.43799012447008684 0.03459637561779242 0.014827018121911038
7.0 0.6034640233456382 0.3164665065627422 0.047775947281713346 0.019769357495881382
2.0 0.680445380624191 0.5485686909591323 0.018121911037891267 0.006589785831960461
7.0 0.6917742436298328 0.3967867014279739 0.011532125205930808 0.0032948929159802307
7.0 0.5365706096611298 0.17815502284259038 0.07248764415156507 0.032948929159802305
7.0 0.6771117461018952 0.4601030373972236 0.016474464579901153 0.006589785831960461
2.0 0.6341302035587364 0.6459404620819985 0.036243822075782535 0.016474464579901153
2.0 0.6831371350062266 0.5193238452076334 0.016474464579901153 0.006589785831960461
7.0 0.6516047061153296 0.5209212365349736 0.02800658978583196 0.013179571663920923
2.0 0.6929447773587405 0.45523715683246546 0.011532125205930808 0.006589785831960461
7.0 0.6750454723173671 0.4812555652858819 0.018121911037891267 0.008237232289950576
7.0 0.6994524299639451 0.726188469788174 0.009884678747940691 0.004942339373970346
7.0 0.6729332592875368 0.49776986298145176 0.0214168039538715 0.006589785831960461
7.0 0.698753685118801 0.7030625247158594 0.009884678747940691 0.004942339373970346
2.0 0.696625346078543 0.7150788524607922 0.013179571663920923 0.006589785831960461
2.0 0.4201639885463939 0.5477464653660554 0.13344316309719934 0.05601317957166392
2.0 0.701220326936059 0.8248951799684305 0.011532125205930808 0.004942339373970346
7.0 0.6987382254440448 0.5927212050220899 0.011532125205930808 0.004942339373970346
7.0 0.7010019836645741 0.7599300254977486 0.009884678747940691 0.006589785831960461
7.0 0.6859729388672088 0.36949370836747236 0.011532125205930808 0.0032948929159802307
7.0 0.6934045561680194 0.42871743095442694 0.009884678747940691 0.0032948929159802307
2.0 0.6855127979705312 0.47317540025635707 0.013179571663920923 0.006589785831960461
2.0 0.6943924482465694 0.47969575527306474 0.011532125205930808 0.006589785831960461
7.0 0.6784732793693422 0.4422478357308722 0.014827018121911038 0.008237232289950576
2.0 0.7049770987785099 0.8138865867849938 0.009884678747940691 0.004942339373970346
2.0 0.684333906353442 0.4985027330085623 0.016474464579901153 0.006589785831960461
7.0 0.6643010095052818 0.5233275872792993 0.023064250411861616 0.011532125205930808
2.0 0.6915114787616409 0.4352682777400064 0.013179571663920923 0.006589785831960461
2.0 0.6954875337435736 0.5046863365097303 0.009884678747940691 0.004942339373970346
7.0 0.6802244016041364 0.4196532061249148 0.014827018121911038 0.008237232289950576
7.0 0.6975725692870993 0.5519821089352446 0.011532125205930808 0.004942339373970346
7.0 0.6976074383259137 0.5102376004005958 0.011532125205930808 0.004942339373970346
7.0 0.7028823137145028 0.7731983859028335 0.011532125205930808 0.004942339373970346
2.0 0.6999082897998699 0.812109660874426 0.011532125205930808 0.006589785831960461
2.0 0.6971369525193767 0.750550119918219 0.013179571663920923 0.004942339373970346
2.0 0.6980747128469449 0.788026283782448 0.013179571663920923 0.0032948929159802307
7.0 0.7066807828500177 0.7932595448096035 0.009884678747940691 0.0032948929159802307
2.0 0.6955575453535277 0.5425021666660438 0.011532125205930808 0.0032948929159802307
7.0 0.7000841031959781 0.7467675313354242 0.011532125205930808 0.006589785831960461
7.0 0.6961150723090526 0.4679208855171005 0.011532125205930808 0.004942339373970346
7.0 0.6838209082803084 0.38586124893779244 0.013179571663920923 0.006589785831960461
7.0 0.7042053444874432 0.7661564472036765 0.009884678747940691 0.004942339373970346
7.0 0.6889839085192387 0.37485557053090035 0.013179571663920923 0.004942339373970346
2.0 0.695897454334196 0.5859692974028939 0.013179571663920923 0.004942339373970346
2.0 0.6973060142309722 0.6786039262752603 0.013179571663920923 0.004942339373970346
7.0 0.6997939451482821 0.6792737482643704 0.011532125205930808 0.004942339373970346
2.0 0.6867739473431625 0.4394314234973749 0.013179571663920923 0.004942339373970346
7.0 0.7013195740002891 0.7702278068738707 0.009884678747940691 0.004942339373970346
2.0 0.7033158549054741 0.8259502276283575 0.009884678747940691 0.0032948929159802307
2.0 0.706257568960126 0.8265235950340503 0.009884678747940691 0.0032948929159802307
7.0 0.7074537812573541 0.8277697981411132 0.008237232289950576 0.0032948929159802307
9.0 0.6996968633377076 0.6214919537921425 0.019769357495881382 0.006589785831960461
7.0 0.7061346116186425 0.7708514021545391 0.006589785831960461 0.0032948929159802307
9.0 0.701575439667938 0.6347520635947304 0.019769357495881382 0.008237232289950576
2.0 0.6970232929340715 0.6265616363644894 0.011532125205930808 0.0032948929159802307
9.0 0.7001530852610308 0.6302511788675484 0.019769357495881382 0.008237232289950576
2.0 0.6879814080788562 0.42746423723742843 0.013179571663920923 0.006589785831960461
9.0 0.701455931926726 0.627576954198773 0.019769357495881382 0.004942339373970346
2.0 0.6894368283583204 0.42550781498590323 0.013179571663920923 0.006589785831960461
