7.0 0.6484798805865448 0.4893464950746354 0.041935483870967745 0.08548387096774193
7.0 0.7675090306272513 0.43191523521488523 0.03064516129032258 0.06129032258064516
7.0 0.5101976442218851 0.3970887065093432 0.016129032258064516 0.03387096774193549
7.0 0.41645620167323016 0.40796711036303396 0.012903225806451613 0.03064516129032258
7.0 0.6955782441787195 0.3615067240592017 0.012903225806451613 0.027419354838709678
7.0 0.2984293290092499 0.41657691738772534 0.014516129032258065 0.03064516129032258
7.0 0.6288488227632664 0.37674845412144836 0.014516129032258065 0.027419354838709678
2.0 0.6209303851848681 0.36577770323425896 0.00967741935483871 0.020967741935483872
2.0 0.5598600217837154 0.3763743396037245 0.012903225806451613 0.025806451612903226
2.0 0.46056338562686944 0.3923485497804276 0.01129032258064516 0.024193548387096774
7.0 0.7726543359352009 0.330723218482815 0.0064516129032258064 0.016129032258064516
7.0 0.4067421933842595 0.6328718377628069 0.06935483870967742 0.14193548387096774
7.0 0.271679634656134 0.41862496076104455 0.012903225806451613 0.025806451612903226
2.0 0.38195947188499657 0.400380429057561 0.012903225806451613 0.027419354838709678
2.0 0.6436517533454618 0.358257259391276 0.01129032258064516 0.024193548387096774
7.0 0.7499032643818022 0.3345403272181289 0.008064516129032258 0.017741935483870968
7.0 0.262283542528116 0.4195803972095469 0.01129032258064516 0.024193548387096774
8.0 0.1410332391100891 0.4294619938477786 0.00967741935483871 0.017741935483870968
8.0 0.19083194190976197 0.42120760004347557 0.008064516129032258 0.016129032258064516
8.0 0.2364763169746693 0.41352940928894955 0.01129032258064516 0.017741935483870968
7.0 0.2797556667383841 0.4147645201872846 0.00967741935483871 0.016129032258064516
8.0 0.2894881384219741 0.40447389502933434 0.00967741935483871 0.016129032258064516
8.0 0.3293095328863734 0.39777943833719703 0.008064516129032258 0.014516129032258065
7.0 0.3434291721676461 0.41460851623144596 0.016129032258064516 0.027419354838709678
2.0 0.3385789936158802 0.4070345797578612 0.00967741935483871 0.017741935483870968
7.0 0.3358000288614308 0.40541249580493416 0.0064516129032258064 0.017741935483870968
8.0 0.3662717866249333 0.3927255307408996 0.008064516129032258 0.014516129032258065
7.0 0.38772641145687026 0.39616802465897466 0.008064516129032258 0.017741935483870968
2.0 0.3943340614667438 0.39590782491483306 0.008064516129032258 0.017741935483870968
7.0 0.4371084504917629 0.3880175167990015 0.00967741935483871 0.016129032258064516
2.0 0.45352885639443463 0.38669799466202776 0.00967741935483871 0.017741935483870968
2.0 0.4983682393722326 0.3787609237893971 0.00967741935483871 0.01935483870967742
2.0 0.5347324166314025 0.3724688609709465 0.008064516129032258 0.012903225806451613
7.0 0.5420466545345072 0.36971753139342683 0.008064516129032258 0.014516129032258065
8.0 0.5265140443532244 0.36387933901471975 0.004838709677419355 0.01129032258064516
8.0 0.5485740203351726 0.36022602888416705 0.004838709677419355 0.008064516129032258
2.0 0.5755597038325451 0.36506401986419446 0.008064516129032258 0.014516129032258065
7.0 0.5855545022962209 0.3611847642881192 0.008064516129032258 0.016129032258064516
7.0 0.6138432773294084 0.35459116769370264 0.0064516129032258064 0.012903225806451613
8.0 0.5996854002721738 0.3507166626620174 0.0064516129032258064 0.00967741935483871
2.0 0.6232482169648534 0.35548038493763834 0.008064516129032258 0.017741935483870968
2.0 0.6569506917422083 0.35216691676826706 0.00967741935483871 0.020967741935483872
2.0 0.6656611485110068 0.3490759816032743 0.00967741935483871 0.017741935483870968
8.0 0.5645076937216369 0.35579373073327625 0.0064516129032258064 0.00967741935483871
2.0 0.6781639423280711 0.3445714125545988 0.01129032258064516 0.01935483870967742
7.0 0.6817296709471415 0.3404397336253809 0.008064516129032258 0.017741935483870968
2.0 0.7057381167033203 0.34047094360018193 0.008064516129032258 0.016129032258064516
7.0 0.7320772704875599 0.35101071141374857 0.012903225806451613 0.02258064516129032
7.0 0.8305627913613929 0.32229369587638484 0.00967741935483871 0.01935483870967742
2.0 0.7778772422496973 0.32849331643356594 0.008064516129032258 0.012903225806451613
2.0 0.7809636212609998 0.32540883803353515 0.004838709677419355 0.012903225806451613
