7 0.63196 0.32391 0.01045 0.04565
7 0.49617 0.33859 0.01393 0.05761
2 0.76445 0.36685 0.01358 0.05543
7 0.77646 0.32935 0.00975 0.03913
7 0.35411 0.39185 0.02159 0.08804
7 0.94011 0.35054 0.01184 0.03804
8 0.082 0.27609 0.01358 0.05
2 0.65077 0.46685 0.02577 0.10543
8 0.1445 0.22935 0.00627 0.02826
8 0.09958 0.24511 0.00905 0.03587
8 0.17984 0.22989 0.00662 0.02717
2 0.68471 0.39239 0.02124 0.07174
8 0.25139 0.27826 0.01114 0.04348
8 0.30519 0.33804 0.01845 0.06957
8 0.22458 0.24891 0.00766 0.03261
8 0.10985 0.22663 0.00662 0.02935
8 0.20839 0.23152 0.00592 0.02826
2 0.87448 0.36848 0.01288 0.04783
2 0.78917 0.73696 0.06581 0.21957
1 0.20839 0.21793 0.00244 0.0163
1 0.21518 0.22717 0.00279 0.02174
1 0.2594 0.22283 0.00348 0.01957
1 0.29875 0.21793 0.00279 0.01413
1 0.32608 0.22391 0.00313 0.01739
1 0.39833 0.22391 0.00279 0.01522
1 0.40581 0.22935 0.00313 0.01522
1 0.48625 0.23859 0.00174 0.01413
1 0.49878 0.23587 0.00174 0.01522
1 0.56389 0.24946 0.00244 0.0163
1 0.63057 0.26304 0.00279 0.01957
1 0.70857 0.28098 0.00348 0.02065
1 0.74687 0.28261 0.00348 0.01739
1 0.67462 0.2663 0.00244 0.01739
1 0.59802 0.25109 0.00244 0.01522
1 0.13562 0.21957 0.00383 0.02174
