7 0.53377 0.4962 0.02437 0.0837
7 0.29631 0.63261 0.04387 0.15435
7 0.0618 0.44293 0.01915 0.06413
7 0.26793 0.43152 0.01567 0.05217
2 0.13788 0.4087 0.01323 0.04783
2 0.56267 0.40054 0.01045 0.03587
7 0.41905 0.41902 0.01288 0.05109
7 0.61212 0.45109 0.01602 0.0587
2 0.31285 0.39728 0.01149 0.03804
2 0.68332 0.425 0.01219 0.03913
7 0.52838 0.42174 0.01288 0.04565
2 0.88353 0.50217 0.02124 0.06739
2 0.77942 0.45435 0.01428 0.05
2 0.44708 0.39293 0.01184 0.03804
2 0.90303 0.56902 0.03099 0.10326
