7 0.88682 0.44392 0.00455 0.00811
2 0.87386 0.44595 0.00409 0.00946
7 0.82318 0.44527 0.00364 0.00811
2 0.81932 0.44662 0.005 0.00946
7 0.77614 0.44628 0.00409 0.00743
2 0.7675 0.44865 0.00409 0.00946
7 0.72273 0.44797 0.00364 0.00811
2 0.70795 0.45068 0.00409 0.00946
7 0.665 0.44966 0.00364 0.00743
2 0.62364 0.45405 0.00455 0.00946
7 0.59818 0.45169 0.00364 0.00878
2 0.53477 0.45709 0.005 0.01014
7 0.52159 0.45439 0.005 0.00878
7 0.44523 0.45709 0.00409 0.00878
2 0.44023 0.46047 0.005 0.01014
7 0.36773 0.46014 0.00455 0.00946
2 0.36636 0.46419 0.00545 0.01081
7 0.26591 0.46385 0.00545 0.01014
2 0.24545 0.46791 0.00727 0.01284
7 0.16023 0.46791 0.00591 0.01014
2 0.1225 0.47331 0.00864 0.01284
2 0.18091 0.54189 0.02455 0.04054
2 0.52568 0.54392 0.02591 0.04595
