7.0 0.4359293680335696 0.4419156494654772 0.1453287197231834 0.0847750865051903
7.0 0.6543322992434506 0.6541634099647495 0.06401384083044982 0.039792387543252594
7.0 0.7173581953960912 0.6316821805207905 0.039792387543252594 0.02768166089965398
7.0 0.7302246292576982 0.5060636098030908 0.02768166089965398 0.015570934256055362
7.0 0.7245013657260979 0.392208575355965 0.02249134948096886 0.01384083044982699
7.0 0.7191900528583453 0.28561280669017297 0.02249134948096886 0.010380622837370242
7.0 0.7171698345291795 0.21535499765829844 0.020761245674740483 0.012110726643598616
7.0 0.71281642405607 0.13708818458877656 0.020761245674740483 0.012110726643598616
2.0 0.7547746369155841 0.8248457455282776 0.03633217993079585 0.025951557093425604
2.0 0.7539027503490037 0.6444365490988126 0.02249134948096886 0.015570934256055362
2.0 0.7512481446435564 0.5352311082365041 0.020761245674740483 0.012110726643598616
2.0 0.7440753848595494 0.43906762469373534 0.020761245674740483 0.012110726643598616
2.0 0.7373959882121284 0.3485149962240304 0.020761245674740483 0.012110726643598616
2.0 0.7322703185601084 0.27767387877560634 0.01730103806228374 0.00865051903114187
2.0 0.7260427512101958 0.20109274575929068 0.01903114186851211 0.010380622837370242
2.0 0.7166960699256754 0.10015392164166101 0.01903114186851211 0.012110726643598616
