7.0 0.639165046475837 0.7390649537679826 0.012012012012012012 0.009009009009009009
7.0 0.6036740942673595 0.6636991586832117 0.013513513513513514 0.012012012012012012
7.0 0.5759492394563196 0.6089506271981903 0.013513513513513514 0.010510510510510511
7.0 0.5561046519237944 0.5764563936539534 0.016516516516516516 0.012012012012012012
7.0 0.5261762950264293 0.5321996203079156 0.018018018018018018 0.013513513513513514
7.0 0.49451508095914065 0.4933607950752461 0.024024024024024024 0.01951951951951952
7.0 0.4181560809225219 0.415287209220354 0.042042042042042045 0.03303303303303303
2.0 0.49214866991996375 0.720449282916411 0.07057057057057058 0.05555555555555555
2.0 0.6264636259395424 0.7270416750058754 0.015015015015015015 0.012012012012012012
2.0 0.5982344021424535 0.6738152605023775 0.016516516516516516 0.013513513513513514
2.0 0.5788533617725317 0.6514980395750698 0.01951951951951952 0.015015015015015015
2.0 0.5459357388732448 0.6566885958982723 0.03453453453453453 0.028528528528528527
