7 0.91182 0.45709 0.00636 0.01149
7 0.84364 0.45574 0.00455 0.01014
2 0.84682 0.46014 0.00727 0.01216
7 0.78409 0.45541 0.00545 0.00946
7 0.70727 0.45676 0.00455 0.00946
7 0.6475 0.45878 0.005 0.00946
7 0.61182 0.46149 0.00545 0.01081
7 0.5675 0.46689 0.00591 0.01216
7 0.53545 0.47297 0.00727 0.01486
7 0.49114 0.48412 0.00955 0.01959
7 0.43659 0.51284 0.01591 0.03108
7 0.37159 0.56216 0.02682 0.05135
7 0.0775 0.46892 0.00409 0.00676
7 0.11545 0.46824 0.00455 0.00811
7 0.12773 0.46892 0.00455 0.00946
7 0.13318 0.47061 0.00545 0.01014
7 0.12545 0.47432 0.00727 0.01216
7 0.10659 0.47939 0.00864 0.01419
7 0.09045 0.48615 0.01182 0.01689
2 0.75795 0.4598 0.00591 0.01284
2 0.70273 0.4625 0.00636 0.01284
2 0.67114 0.46689 0.00682 0.01486
2 0.64773 0.47872 0.00818 0.01824
2 0.64 0.49358 0.01182 0.02365
2 0.68545 0.53716 0.02455 0.04324
