9.0 0.33485061251074505 0.6398003730388928 0.07580645161290323 0.11290322580645161
9.0 0.7544993094246955 0.5253912074967075 0.08064516129032258 0.11612903225806452
2.0 0.6530720568393668 0.49950397740348723 0.03064516129032258 0.043548387096774194
2.0 0.6160148171426648 0.47424030241096543 0.016129032258064516 0.024193548387096774
2.0 0.5961010822013135 0.4633921505739113 0.01129032258064516 0.017741935483870968
2.0 0.5991943697334905 0.45255254361576636 0.00967741935483871 0.012903225806451613
2.0 0.6114396886646526 0.4434652331482392 0.00967741935483871 0.012903225806451613
2.0 0.646141152359036 0.43135777172957984 0.0064516129032258064 0.01129032258064516
2.0 0.7047665398188462 0.41358328676279715 0.00967741935483871 0.01129032258064516
7.0 0.41039182714786165 0.5657557942455966 0.02903225806451613 0.03870967741935484
7.0 0.450246929473913 0.518439043263828 0.017741935483870968 0.024193548387096774
7.0 0.48236516983961925 0.49289866642332 0.012903225806451613 0.016129032258064516
7.0 0.5160417209084924 0.4735741971890641 0.008064516129032258 0.01129032258064516
7.0 0.5431468950642371 0.46049253898521225 0.0064516129032258064 0.01129032258064516
7.0 0.5807395074668484 0.44680463497512823 0.004838709677419355 0.00967741935483871
7.0 0.6306289835890674 0.43119974646131987 0.0064516129032258064 0.00967741935483871
7.0 0.6830375588373685 0.41641362454664493 0.0064516129032258064 0.00967741935483871
7.0 0.7346470492655437 0.4015288562697913 0.008064516129032258 0.00967741935483871
2.0 0.7577859106857614 0.3989257352331862 0.008064516129032258 0.00967741935483871
2.0 0.8245754007770648 0.38054553766780536 0.00967741935483871 0.012903225806451613
7.0 0.8068353172687166 0.38152173335305184 0.008064516129032258 0.01129032258064516
