2 0.24091 0.46284 0.06909 0.12162
2 0.21705 0.20405 0.00955 0.01892
2 0.35795 0.18919 0.00773 0.01486
2 0.4425 0.18041 0.00682 0.01486
2 0.88568 0.20405 0.02045 0.03649
2 0.72886 0.18311 0.01136 0.02297
2 0.73886 0.19122 0.01227 0.02432
2 0.68659 0.16689 0.00682 0.01486
2 0.63455 0.16622 0.00636 0.01351
2 0.56727 0.16959 0.00636 0.01351
7 0.16159 0.20304 0.00773 0.01554
7 0.285 0.19088 0.00727 0.01419
7 0.37409 0.18243 0.00636 0.01216
7 0.4475 0.17534 0.00591 0.01149
7 0.57773 0.16554 0.00545 0.01216
7 0.64659 0.16284 0.005 0.01216
7 0.69841 0.16115 0.00591 0.01284
7 0.75614 0.16047 0.00682 0.01419
7 0.82136 0.16081 0.00727 0.01486
7 0.85523 0.16284 0.00864 0.01622
7 0.87545 0.16622 0.00909 0.01757
7 0.89886 0.16993 0.01045 0.02095
7 0.92568 0.17466 0.01409 0.025
2 0.50636 0.17399 0.00636 0.01284
2 0.73977 0.17331 0.00955 0.02095
2 0.73955 0.16892 0.00909 0.01757
7 0.50386 0.17095 0.00409 0.01216
