2 0.66182 0.53986 0.02455 0.04459
2 0.62318 0.49831 0.01455 0.02905
2 0.60318 0.47939 0.01091 0.01959
2 0.61023 0.46757 0.00682 0.01486
2 0.62682 0.46047 0.00545 0.01419
2 0.67068 0.45676 0.00591 0.01081
7 0.34864 0.55135 0.02182 0.04459
7 0.41227 0.50473 0.01455 0.02568
7 0.46091 0.48243 0.00909 0.01757
7 0.50705 0.46926 0.00773 0.01419
7 0.54227 0.46182 0.00636 0.01149
7 0.59091 0.45541 0.00545 0.01081
9 0.21818 0.62905 0.07 0.13919
9 0.77568 0.60372 0.07045 0.13716
7 0.65386 0.45135 0.00591 0.01081
2 0.74386 0.45236 0.00682 0.01149
2 0.80795 0.44865 0.00591 0.01351
2 0.88795 0.44662 0.00773 0.01486
7 0.8675 0.44257 0.00682 0.01216
7 0.78091 0.44662 0.00455 0.00946
7 0.71864 0.44865 0.00455 0.01081
