7 0.17636 0.50184 0.05727 0.10515
7 0.37 0.31324 0.02364 0.04706
7 0.43182 0.25331 0.01182 0.03015
7 0.46114 0.22574 0.00864 0.02059
7 0.47773 0.20662 0.00636 0.01765
7 0.32273 0.2 0.00545 0.01471
8 0.22818 0.27868 0.01909 0.04412
2 0.73568 0.46324 0.05409 0.11029
2 0.63636 0.28971 0.02182 0.05
2 0.60273 0.23456 0.01273 0.03235
2 0.58818 0.2125 0.00909 0.02353
2 0.58045 0.19963 0.00636 0.01691
2 0.75591 0.17647 0.01 0.02059
9 0.48841 0.19081 0.00864 0.02279
9 0.57386 0.18824 0.00682 0.02059
2 0.23909 0.28125 0.01364 0.04191
8 0.49818 0.18934 0.00455 0.0125
8 0.50477 0.18382 0.00409 0.01324
2 0.41909 0.1886 0.00636 0.01397
7 0.4425 0.17169 0.00409 0.01103
8 0.51023 0.18088 0.00409 0.01029
8 0.51432 0.17794 0.00318 0.00882
8 0.57 0.18456 0.00273 0.01471
8 0.5675 0.18015 0.00227 0.01176
8 0.565 0.17721 0.00273 0.01029
8 0.56227 0.17353 0.00273 0.01029
8 0.57341 0.17243 0.00409 0.01103
8 0.54636 0.17537 0.00364 0.00956
8 0.52955 0.1761 0.00364 0.01103
