9.0 0.4435158524221446 0.6257171831326748 0.1028169014084507 0.09014084507042254
9.0 0.44989953130709587 0.44575696182757774 0.038028169014084505 0.0323943661971831
9.0 0.4816994615924928 0.396445123644685 0.036619718309859155 0.030985915492957747
7.0 0.5502757843979943 0.6556797922502873 0.10422535211267606 0.09577464788732394
7.0 0.46368337209132654 0.4980154819327826 0.038028169014084505 0.035211267605633804
7.0 0.519775817362342 0.38629070498216384 0.030985915492957747 0.029577464788732393
2.0 0.46074910381563716 0.5564638028096702 0.05211267605633803 0.04929577464788732
8.0 0.4865429949796801 0.439454936912964 0.0323943661971831 0.030985915492957747
8.0 0.5246801848027882 0.42360063346200894 0.04225352112676056 0.038028169014084505
8.0 0.5489729926174657 0.48019016108015683 0.057746478873239436 0.05211267605633803
