7 0.31955 0.34375 0.03091 0.05956
7 0.19977 0.21103 0.00864 0.01912
7 0.41 0.25221 0.01364 0.03529
2 0.87795 0.74485 0.105 0.21176
2 0.65182 0.32096 0.02909 0.06397
2 0.61091 0.24191 0.01455 0.03676
9 0.44591 0.20846 0.01091 0.03897
9 0.45182 0.20515 0.00818 0.03824
9 0.59205 0.20331 0.01136 0.04191
8 0.47159 0.19706 0.00682 0.01912
8 0.48614 0.18566 0.00591 0.01544
8 0.49659 0.17721 0.005 0.01324
8 0.50386 0.17096 0.00409 0.01103
8 0.58364 0.19154 0.00636 0.01985
8 0.57773 0.18088 0.00545 0.01765
8 0.5725 0.1739 0.005 0.01397
8 0.52455 0.16912 0.00545 0.01176
8 0.54659 0.16801 0.005 0.0125
8 0.56841 0.16691 0.00409 0.01324
8 0.58227 0.16691 0.00545 0.01324
2 0.36477 0.1886 0.00682 0.01544
