7.0 0.487001817279915 0.5639816601981381 0.03442879499217527 0.048513302034428794
7.0 0.4607726882911852 0.4918926697954242 0.014084507042253521 0.01564945226917058
7.0 0.49468055015198936 0.4894521759510547 0.014084507042253521 0.02190923317683881
7.0 0.7934397904998741 0.3698093123465828 0.009389671361502348 0.012519561815336464
7.0 0.7354599412701069 0.3869657846179652 0.010954616588419406 0.014084507042253521
2.0 0.7598701690374998 0.418848855121528 0.023474178403755867 0.03129890453834116
2.0 0.7522452991680963 0.3857970756438555 0.009389671361502348 0.014084507042253521
2.0 0.8152022463686924 0.36938118074487536 0.014084507042253521 0.01564945226917058
7.0 0.45893552533978915 0.4865139012874772 0.009389671361502348 0.012519561815336464
7.0 0.4752099583281841 0.47558948358489944 0.00782472613458529 0.010954616588419406
2.0 0.6494315225999379 0.4412938144970503 0.014084507042253521 0.018779342723004695
2.0 0.6782340755283837 0.4084245774828142 0.00782472613458529 0.010954616588419406
7.0 0.671089444061029 0.4075004404122866 0.004694835680751174 0.006259780907668232
2.0 0.5764177426698753 0.455975060594053 0.012519561815336464 0.017214397496087636
