7 0.49182 0.48682 0.08636 0.16014
7 0.72364 0.27061 0.03818 0.06419
7 0.65023 0.20236 0.02045 0.04122
7 0.61091 0.16824 0.01364 0.02703
7 0.59705 0.15236 0.01227 0.0223
7 0.56818 0.14088 0.00909 0.01824
7 0.47364 0.13074 0.00727 0.01689
7 0.39455 0.12399 0.00818 0.01689
7 0.30659 0.11723 0.00773 0.01689
7 0.21909 0.1098 0.00909 0.01554
2 0.51886 0.1277 0.00864 0.01622
2 0.42932 0.12128 0.00591 0.01419
2 0.36886 0.11757 0.00682 0.01351
2 0.77614 0.17365 0.01318 0.02703
2 0.7125 0.15507 0.01045 0.02365
2 0.90159 0.20676 0.02136 0.03784
7 0.1225 0.11723 0.01136 0.0223
7 0.1075 0.10676 0.01136 0.01892
2 0.255 0.10541 0.00636 0.01351
2 0.23682 0.10101 0.00636 0.01284
2 0.29591 0.1098 0.00636 0.01419
7 0.15114 0.10169 0.00864 0.01419
2 0.65545 0.14223 0.00909 0.01959
2 0.58205 0.13514 0.00682 0.01757
2 0.21818 0.09865 0.00636 0.00811
7 0.14023 0.09865 0.00773 0.00811
9 0.09591 0.10203 0.01273 0.01486
2 0.20955 0.0973 0.00636 0.00541
7 0.0825 0.0973 0.00955 0.00541
