7 0.26477 0.6777 0.09318 0.15405
7 0.90841 0.57027 0.05591 0.0973
7 0.79341 0.37264 0.00682 0.01149
7 0.73909 0.36655 0.00636 0.01014
2 0.77795 0.36757 0.00591 0.00946
2 0.80409 0.37128 0.00727 0.01149
2 0.87955 0.37703 0.00727 0.01216
7 0.88523 0.38074 0.00773 0.01419
7 0.70977 0.36284 0.005 0.00946
7 0.71795 0.36182 0.00409 0.00878
7 0.73545 0.36318 0.00455 0.00743
7 0.75864 0.36318 0.00455 0.00743
7 0.79864 0.3652 0.00364 0.00743
7 0.86318 0.36926 0.00455 0.00878
2 0.83614 0.36892 0.005 0.00946
2 0.79091 0.36689 0.00364 0.00946
2 0.8825 0.37196 0.005 0.01014
