7.0 0.14517430554197186 0.40351982034451556 0.013675213675213675 0.018803418803418803
7.0 0.28510351382487 0.3867448408140742 0.013675213675213675 0.020512820512820513
7.0 0.3089811471131014 0.39254198835935994 0.015384615384615385 0.02564102564102564
7.0 0.4148467283968918 0.38834861748234306 0.018803418803418803 0.03076923076923077
7.0 0.6094058935678092 0.35663848843973406 0.020512820512820513 0.03418803418803419
7.0 0.8060504521053122 0.404225107409568 0.0547008547008547 0.0735042735042735
7.0 0.45193736570881576 0.6288517665904776 0.0735042735042735 0.13846153846153847
2.0 0.11203252182980573 0.4027876307736993 0.010256410256410256 0.013675213675213675
2.0 0.3028760297298022 0.36417826194255515 0.010256410256410256 0.013675213675213675
2.0 0.3647471831904668 0.3555751004165392 0.006837606837606838 0.015384615384615385
2.0 0.41254989602387154 0.35219525781984184 0.010256410256410256 0.013675213675213675
2.0 0.4658829998524357 0.34943703575776586 0.010256410256410256 0.013675213675213675
2.0 0.5739829741520973 0.33260810252606016 0.015384615384615385 0.020512820512820513
2.0 0.8075536823425593 0.28783397385043763 0.018803418803418803 0.02564102564102564
9.0 0.7064131367933758 0.3002642630901085 0.023931623931623933 0.039316239316239315
9.0 0.7773378973102361 0.31447148521583285 0.039316239316239315 0.06153846153846154
