7 0.3475 0.65642 0.06773 0.13986
7 0.76295 0.5375 0.04227 0.08581
7 0.91795 0.39932 0.01409 0.02297
7 0.73114 0.39291 0.01045 0.0223
7 0.54977 0.38446 0.01227 0.02297
7 0.41659 0.37939 0.01136 0.02365
7 0.23114 0.37061 0.01227 0.02095
7 0.11591 0.35946 0.01273 0.02027
2 0.89705 0.38514 0.00864 0.01757
2 0.78727 0.38074 0.00818 0.01689
2 0.6425 0.37601 0.00955 0.01824
2 0.49818 0.37128 0.00909 0.01824
2 0.35705 0.36588 0.00864 0.01689
2 0.26977 0.35912 0.00864 0.01689
2 0.16614 0.35 0.00773 0.01486
2 0.13205 0.34493 0.00773 0.01419
2 0.155 0.34291 0.00727 0.01149
7 0.12682 0.33818 0.00545 0.01014
7 0.17841 0.33818 0.00591 0.01014
7 0.22568 0.33986 0.00591 0.00946
7 0.28227 0.34155 0.00455 0.00878
2 0.21773 0.34223 0.00636 0.01149
2 0.28705 0.34392 0.00591 0.00946
2 0.33568 0.34561 0.005 0.01014
2 0.52932 0.35135 0.00409 0.00946
7 0.52114 0.34865 0.00409 0.00811
7 0.58636 0.35135 0.00364 0.00811
2 0.60182 0.35405 0.00545 0.01081
2 0.68068 0.35709 0.005 0.00878
7 0.65568 0.35439 0.005 0.00743
7 0.71136 0.35709 0.00364 0.00743
2 0.73182 0.35946 0.00455 0.00946
2 0.80205 0.36182 0.00409 0.00878
7 0.77114 0.36014 0.00409 0.00811
7 0.83409 0.36149 0.00364 0.00811
7 0.89364 0.36284 0.00455 0.00811
2 0.87364 0.36318 0.00545 0.01014
7 0.34977 0.34392 0.005 0.00946
