2.0 0.45751347444215185 0.7793912789816594 0.14939024390243902 0.1173780487804878
2.0 0.19343663997102375 0.7085662648822557 0.022865853658536585 0.018292682926829267
2.0 0.2432819740856179 0.5315227060116836 0.018292682926829267 0.013719512195121951
2.0 0.27228012346257113 0.4241019022659115 0.01676829268292683 0.012195121951219513
2.0 0.3101654899719134 0.2876312229604131 0.01676829268292683 0.012195121951219513
2.0 0.3455079997334552 0.15892286300098396 0.01676829268292683 0.013719512195121951
7.0 0.1946671834924349 0.6805170226824391 0.01676829268292683 0.013719512195121951
7.0 0.23545844861878562 0.5352865746929054 0.01676829268292683 0.012195121951219513
7.0 0.26555750706756415 0.42561692598200057 0.013719512195121951 0.009146341463414634
7.0 0.29657794969498713 0.3164736665743832 0.013719512195121951 0.010670731707317074
7.0 0.32680268733172296 0.20798765289684798 0.013719512195121951 0.009146341463414634
7.0 0.35171952681773205 0.10869946445270416 0.01524390243902439 0.012195121951219513
