7.0 0.30743 0.10999999999999999 0.1171875 0.083984375
7.0 0.45574000000000003 0.52136 0.04296875 0.021484375
7.0 0.48784000000000005 0.63455 0.03125 0.017578125
7.0 0.50304 0.62045 0.0234375 0.01171875
7.0 0.51892 0.5320499999999999 0.01953125 0.0078125
7.0 0.52939 0.49068 0.015625 0.0078125
7.0 0.54088 0.5088599999999999 0.009765625 0.00390625
7.0 0.54155 0.56159 0.009765625 0.00390625
7.0 0.53311 0.9224999999999999 0.009765625 0.0078125
7.0 0.5364900000000001 0.84659 0.01171875 0.005859375
2.0 0.53108 0.86568 0.013671875 0.0078125
2.0 0.49527 0.85364 0.02734375 0.017578125
2.0 0.51149 0.72045 0.017578125 0.009765625
2.0 0.5361500000000001 0.7688599999999999 0.01171875 0.005859375
2.0 0.5243200000000001 0.6331799999999999 0.015625 0.0078125
2.0 0.53108 0.5859099999999999 0.013671875 0.005859375
7.0 0.5354700000000001 0.4875 0.013671875 0.00390625
2.0 0.5364900000000001 0.5870499999999998 0.01171875 0.00390625
2.0 0.5375000000000001 0.63591 0.01171875 0.00390625
7.0 0.54257 0.62114 0.009765625 0.001953125
7.0 0.54223 0.6838599999999999 0.009765625 0.001953125
2.0 0.5371600000000001 0.69523 0.009765625 0.005859375
7.0 0.5402 0.7627299999999999 0.01171875 0.00390625
