9.0 0.3685217033673871 0.3772247988741115 0.025806451612903226 0.043548387096774194
2.0 0.46513488704753536 0.396998157971321 0.017741935483870968 0.025806451612903226
2.0 0.704437947916027 0.42791338037238497 0.01935483870967742 0.027419354838709678
2.0 0.8788856802010716 0.44897342161504084 0.014516129032258065 0.024193548387096774
7.0 0.7005380206769523 0.5382121839178219 0.06451612903225806 0.08064516129032258
7.0 0.6015922526292727 0.45948967340779623 0.03064516129032258 0.04516129032258064
2.0 0.7443508512827632 0.3671309123525212 0.01129032258064516 0.016129032258064516
2.0 0.7528316359471927 0.3649303964173632 0.01129032258064516 0.017741935483870968
2.0 0.7570397967696428 0.3651200104927879 0.00967741935483871 0.016129032258064516
7.0 0.7610654726676227 0.3807879598549344 0.008064516129032258 0.016129032258064516
