7.0 0.3251655898833923 0.4153657724543706 0.0997229916897507 0.09695290858725762
7.0 0.5897148580645696 0.6919371039914382 0.08725761772853186 0.08448753462603878
7.0 0.7584875567550868 0.682325394150989 0.0110803324099723 0.009695290858725761
7.0 0.6932258675261963 0.6006784711410956 0.013850415512465374 0.012465373961218837
7.0 0.6455896249087336 0.5415015539517705 0.013850415512465374 0.012465373961218837
7.0 0.5773399404316812 0.45348806740404973 0.012465373961218837 0.012465373961218837
7.0 0.5296098337141102 0.39054969349593965 0.013850415512465374 0.012465373961218837
7.0 0.4991238540667958 0.34999936801131415 0.012465373961218837 0.0110803324099723
2.0 0.7110251320887814 0.6127555060348356 0.0110803324099723 0.0110803324099723
2.0 0.6567438886975745 0.5473936194372632 0.009695290858725761 0.008310249307479225
2.0 0.6033271725899948 0.47937277929050776 0.0110803324099723 0.0110803324099723
2.0 0.5678404021964929 0.43270219245644775 0.0110803324099723 0.0110803324099723
2.0 0.5218787254285344 0.3714306548288583 0.0110803324099723 0.0110803324099723
7.0 0.47622730942088687 0.31672045923313585 0.0110803324099723 0.0110803324099723
7.0 0.4640463721026752 0.29869771479234203 0.009695290858725761 0.009695290858725761
7.0 0.4856583272071491 0.31771169786373815 0.006925207756232687 0.006925207756232687
7.0 0.5011223326233397 0.33586851080751556 0.006925207756232687 0.006925207756232687
7.0 0.5157340805500155 0.3541366335444674 0.006925207756232687 0.006925207756232687
7.0 0.5359895193712864 0.3781728697666498 0.006925207756232687 0.00554016620498615
2.0 0.501330240905776 0.34231210978243487 0.008310249307479225 0.008310249307479225
2.0 0.5194819851523095 0.3602748438039487 0.008310249307479225 0.006925207756232687
2.0 0.5425791604582685 0.3886718437836933 0.006925207756232687 0.006925207756232687
2.0 0.5607825498812725 0.41107167742808537 0.006925207756232687 0.006925207756232687
2.0 0.6008278415326045 0.4593327646773501 0.006925207756232687 0.006925207756232687
2.0 0.6373416252418452 0.5042555269802157 0.006925207756232687 0.006925207756232687
7.0 0.6302388272828817 0.4946254630575233 0.006925207756232687 0.00554016620498615
7.0 0.6566433250647388 0.5271946119899301 0.004155124653739612 0.004155124653739612
7.0 0.6843827099889079 0.5620235831380911 0.006925207756232687 0.006925207756232687
2.0 0.6653818446734922 0.5405330976332724 0.006925207756232687 0.00554016620498615
2.0 0.697452600365902 0.5803447408731778 0.00554016620498615 0.00554016620498615
2.0 0.718753954923697 0.6066758853992025 0.00554016620498615 0.00554016620498615
2.0 0.7489046699458863 0.64281954496368 0.006925207756232687 0.006925207756232687
7.0 0.7328610343561576 0.6221692045686683 0.004155124653739612 0.004155124653739612
7.0 0.7072979187523114 0.5905787642200055 0.00554016620498615 0.00554016620498615
7.0 0.7602942328157152 0.6555542285972914 0.00554016620498615 0.00554016620498615
2.0 0.5012897093441001 0.3455514523139386 0.009695290858725761 0.009695290858725761
7.0 0.46648805802264326 0.2978530747115815 0.009695290858725761 0.008310249307479225
7.0 0.5976103088611154 0.4538046775311435 0.006925207756232687 0.006925207756232687
