9 0.90909 0.31453 0.03455 0.06149
9 0.81523 0.28885 0.01773 0.04122
2 0.12364 0.28142 0.01 0.01554
2 0.23636 0.27939 0.00818 0.01554
2 0.34 0.27838 0.00636 0.01486
2 0.41477 0.28176 0.00682 0.01486
2 0.47341 0.28682 0.00773 0.01419
2 0.53977 0.29324 0.00955 0.01757
2 0.66568 0.29764 0.00955 0.0223
2 0.92818 0.29459 0.01364 0.02568
7 0.69568 0.50338 0.05591 0.10811
7 0.72477 0.32703 0.02045 0.03378
7 0.51023 0.32297 0.01409 0.03108
7 0.3775 0.30777 0.01227 0.025
7 0.33909 0.29764 0.01091 0.02095
7 0.27636 0.28885 0.00909 0.01689
