2 0.63818 0.61419 0.04909 0.08108
2 0.44841 0.51723 0.01864 0.03311
2 0.39682 0.49257 0.01 0.02162
2 0.39114 0.47905 0.00773 0.01622
2 0.40341 0.47095 0.00682 0.01351
2 0.43045 0.4625 0.00545 0.01149
2 0.45818 0.45777 0.00636 0.01014
2 0.49886 0.45372 0.005 0.00878
7 0.12273 0.57297 0.03364 0.0473
7 0.21568 0.51689 0.01682 0.02703
7 0.24682 0.49966 0.01182 0.01959
7 0.28432 0.48345 0.00773 0.01554
7 0.32205 0.47399 0.00682 0.01284
7 0.35068 0.46858 0.005 0.01014
7 0.38909 0.46216 0.00455 0.00946
7 0.42045 0.45845 0.00455 0.00878
7 0.4675 0.45372 0.00409 0.00743
7 0.52159 0.44932 0.00409 0.00811
7 0.55886 0.4473 0.00409 0.00811
7 0.59432 0.44628 0.00409 0.00878
2 0.55341 0.45 0.005 0.01081
2 0.60659 0.44865 0.005 0.00946
2 0.64386 0.44831 0.00591 0.01149
7 0.63909 0.44493 0.00455 0.00878
7 0.69705 0.44392 0.005 0.00946
2 0.75068 0.44764 0.00682 0.01284
7 0.80341 0.44189 0.00591 0.01216
2 0.91773 0.44662 0.01182 0.01622
