2 0.31591 0.33142 0.01818 0.03716
2 0.47773 0.32027 0.01636 0.03243
2 0.62409 0.30743 0.01455 0.02973
2 0.73409 0.29966 0.01455 0.02635
2 0.74614 0.28986 0.01227 0.02297
2 0.7425 0.27939 0.00773 0.01824
2 0.75455 0.27331 0.00818 0.01419
2 0.75227 0.26622 0.00545 0.01216
2 0.7725 0.26216 0.00682 0.01351
2 0.82682 0.25946 0.00818 0.01216
2 0.90773 0.25777 0.00727 0.01284
7 0.60182 0.36689 0.03091 0.0527
7 0.88318 0.3402 0.03182 0.04392
7 0.92023 0.28277 0.015 0.02095
7 0.87682 0.27365 0.01182 0.01757
7 0.88023 0.26284 0.00773 0.01351
7 0.86614 0.26791 0.00955 0.01554
7 0.61909 0.53784 0.07182 0.12568
7 0.51455 0.57872 0.07727 0.14392
7 0.35 0.38716 0.03455 0.05946
