7 0.32852 0.51141 0.02263 0.09674
7 0.19864 0.44402 0.01636 0.0663
2 0.84523 0.60652 0.04352 0.1413
7 0.09506 0.40543 0.01323 0.05
2 0.68263 0.46793 0.02194 0.075
2 0.27054 0.37935 0.00836 0.03696
7 0.1875 0.7788 0.0296 0.13587
2 0.32416 0.4 0.01045 0.04565
2 0.49321 0.43043 0.01358 0.05652
7 0.08844 0.3837 0.00905 0.03913
7 0.14746 0.36902 0.00801 0.03152
2 0.06041 0.33804 0.00383 0.01739
7 0.08513 0.34457 0.00453 0.01957
7 0.25696 0.35054 0.00487 0.02283
2 0.15825 0.33424 0.00313 0.0163
7 0.22806 0.3587 0.00627 0.02609
7 0.06598 0.35054 0.00522 0.02283
7 0.24182 0.34457 0.00522 0.01957
2 0.27002 0.33804 0.00313 0.01522
2 0.29439 0.36685 0.00662 0.02935
7 0.19533 0.33641 0.00279 0.01848
2 0.32869 0.35924 0.00557 0.025
2 0.29596 0.34076 0.00418 0.01848
7 0.14485 0.3375 0.00348 0.0163
2 0.32538 0.35163 0.00313 0.02065
7 0.10376 0.34076 0.00418 0.0163
2 0.30954 0.3462 0.00418 0.01848
7 0.22371 0.34076 0.00383 0.01848
2 0.19864 0.33424 0.00244 0.0163
