7 0.09523 0.25815 0.00522 0.02283
7 0.06755 0.26141 0.00696 0.02717
2 0.20978 0.35815 0.01706 0.06413
2 0.16504 0.29565 0.00766 0.03478
2 0.18054 0.27663 0.00801 0.02717
2 0.28238 0.45326 0.02855 0.10435
2 0.17862 0.3212 0.01323 0.04674
2 0.93907 0.33424 0.00766 0.02935
7 0.15494 0.25652 0.00627 0.02174
7 0.79283 0.30707 0.00627 0.02065
7 0.50104 0.27174 0.00487 0.01522
2 0.82364 0.31739 0.00731 0.02609
7 0.63893 0.28859 0.00487 0.02065
7 0.71274 0.29783 0.00487 0.02174
2 0.71831 0.3038 0.00557 0.02283
2 0.4899 0.72989 0.06337 0.23152
7 0.56407 0.27989 0.00557 0.02065
2 0.418 0.2712 0.00592 0.02065
7 0.43994 0.26848 0.00522 0.01957
2 0.51358 0.28043 0.00487 0.01957
7 0.38179 0.26413 0.00453 0.01739
2 0.60898 0.29293 0.00627 0.02283
7 0.87448 0.31685 0.00731 0.02283
2 0.32625 0.26522 0.00487 0.02174
2 0.2406 0.26685 0.00627 0.025
