7 0.90825 0.40217 0.01288 0.05
2 0.54039 0.37011 0.01462 0.06196
2 0.34976 0.34239 0.01428 0.06304
7 0.25783 0.40598 0.02124 0.09457
7 0.63458 0.45924 0.02124 0.09457
2 0.68228 0.37337 0.01219 0.05326
7 0.85742 0.36359 0.0094 0.03587
2 0.4281 0.26413 0.00522 0.02391
2 0.73172 0.34076 0.00662 0.0337
7 0.77925 0.33207 0.00696 0.02935
7 0.87396 0.44185 0.01671 0.06848
2 0.73625 0.36033 0.0101 0.04239
2 0.57451 0.28913 0.00557 0.02391
2 0.21762 0.30707 0.01323 0.05326
7 0.14554 0.23804 0.00696 0.02826
2 0.35324 0.25652 0.00592 0.02391
7 0.60655 0.28696 0.00487 0.02174
7 0.41957 0.25652 0.00418 0.01957
2 0.63806 0.30489 0.00592 0.02717
7 0.2305 0.23913 0.00627 0.02609
7 0.32295 0.24565 0.00453 0.02174
8 0.05641 0.19783 0.00348 0.01739
7 0.69325 0.30761 0.00487 0.02391
2 0.69429 0.32283 0.00627 0.03043
9 0.16731 0.26033 0.0101 0.0663
8 0.12256 0.20489 0.00279 0.0163
2 0.28534 0.25272 0.00662 0.02717
2 0.22406 0.25326 0.00731 0.03043
8 0.10306 0.20272 0.00348 0.0163
8 0.08008 0.20054 0.00348 0.0163
7 0.51515 0.27065 0.00383 0.01957
2 0.50366 0.27609 0.00522 0.02174
8 0.05118 0.20326 0.00348 0.01957
2 0.18245 0.26141 0.00627 0.03587
8 0.14049 0.23152 0.00522 0.02609
8 0.13283 0.21957 0.00453 0.02174
8 0.12709 0.21141 0.00348 0.01848
8 0.39258 0.61467 0.03935 0.18152
2 0.168 0.27772 0.00731 0.04239
1 0.2796 0.21576 0.00209 0.01196
1 0.12953 0.20163 0.00209 0.01848
1 0.16504 0.20489 0.00209 0.01196
1 0.20038 0.20489 0.00174 0.00978
1 0.21779 0.20815 0.00174 0.01196
1 0.33844 0.22283 0.00139 0.0087
1 0.35463 0.22446 0.00174 0.00978
1 0.38997 0.23261 0.00139 0.0087
1 0.42201 0.2337 0.00139 0.01087
1 0.42549 0.24076 0.00139 0.01196
1 0.46379 0.24891 0.00139 0.01304
1 0.46483 0.24457 0.00139 0.01304
1 0.50279 0.25272 0.00139 0.01196
9 0.17723 0.26957 0.01253 0.07391
1 0.07399 0.1962 0.00244 0.01413
