8.0 0.4409605568693162 0.11340552402273166 0.01859799713876967 0.01430615164520744
8.0 0.4260986562787266 0.2776874056780068 0.04005722460658083 0.02861230329041488
8.0 0.4543477573490561 0.36968671047478907 0.06723891273247497 0.05007153075822604
8.0 0.4033827805653522 0.20317654811136202 0.01859799713876967 0.01430615164520744
8.0 0.4085346874411534 0.21734079451928603 0.02145922746781116 0.017167381974248927
8.0 0.45161936209818476 0.10689792323465966 0.022889842632331903 0.017167381974248927
8.0 0.4017214489417303 0.1941147169746717 0.015736766809728183 0.011444921316165951
9.0 0.5489753538316703 0.7909611544958138 0.12589413447782546 0.08869814020028613
8.0 0.41527983422252945 0.23831159149501252 0.027181688125894134 0.02145922746781116
8.0 0.3991244931459171 0.18746450740237958 0.01430615164520744 0.010014306151645207
8.0 0.43335001625383174 0.117841615968856 0.012875536480686695 0.010014306151645207
8.0 0.4280921331036676 0.12217279995839073 0.00715307582260372 0.005722460658082976
8.0 0.39677582269680495 0.18198105041685791 0.012875536480686695 0.008583690987124463
8.0 0.4249496091965866 0.12521329314676563 0.00715307582260372 0.005722460658082976
2.0 0.17721808033563588 0.6904493341225789 0.010014306151645207 0.00715307582260372
2.0 0.17908965332140556 0.6800440694709379 0.008583690987124463 0.005722460658082976
2.0 0.18330537138196293 0.667160772372199 0.008583690987124463 0.00715307582260372
2.0 0.18659999643874123 0.6646479052260323 0.010014306151645207 0.00715307582260372
2.0 0.19006470247172116 0.651483253193406 0.010014306151645207 0.005722460658082976
2.0 0.19682544639160673 0.639773301227202 0.010014306151645207 0.005722460658082976
2.0 0.19721398276403823 0.6335188772620942 0.00715307582260372 0.005722460658082976
2.0 0.20280480997532765 0.6174627482869612 0.00715307582260372 0.004291845493562232
2.0 0.20558217718281738 0.6078764704055035 0.008583690987124463 0.00715307582260372
2.0 0.2079046537713429 0.6006748816100099 0.00715307582260372 0.004291845493562232
2.0 0.2136977745973 0.5922376974270983 0.008583690987124463 0.005722460658082976
2.0 0.21353748569845732 0.5837549253715371 0.00715307582260372 0.005722460658082976
2.0 0.21820001348719784 0.5700977311222689 0.005722460658082976 0.002861230329041488
2.0 0.22565262160689797 0.5627708944375157 0.008583690987124463 0.005722460658082976
2.0 0.2228814909603104 0.5627948967450067 0.00715307582260372 0.005722460658082976
2.0 0.2224103317014196 0.5588352317530525 0.00715307582260372 0.005722460658082976
2.0 0.2273815871638788 0.5541947790208204 0.00715307582260372 0.005722460658082976
2.0 0.22855817193312875 0.552962596881726 0.00715307582260372 0.005722460658082976
2.0 0.2329025046121788 0.543841196534598 0.00715307582260372 0.005722460658082976
2.0 0.23305685530656983 0.5403949119449509 0.00715307582260372 0.005722460658082976
2.0 0.23426910137237814 0.5382952401676955 0.00715307582260372 0.005722460658082976
2.0 0.2349243344177667 0.5260120742866334 0.005722460658082976 0.004291845493562232
2.0 0.23614466137435608 0.5223016105739432 0.00715307582260372 0.005722460658082976
7.0 0.1765365465712963 0.6804815162738379 0.00715307582260372 0.005722460658082976
7.0 0.1848024270905338 0.6733281963954393 0.008583690987124463 0.005722460658082976
7.0 0.18579437343023333 0.6588796800583 0.008583690987124463 0.005722460658082976
7.0 0.19050741832533155 0.6467317830362004 0.005722460658082976 0.004291845493562232
7.0 0.19330870356377738 0.6378951508712831 0.005722460658082976 0.004291845493562232
7.0 0.19800376863237112 0.6369266647778515 0.008583690987124463 0.005722460658082976
7.0 0.19727214926142542 0.6294334661278851 0.00715307582260372 0.004291845493562232
7.0 0.20023187906883505 0.6211281223799973 0.005722460658082976 0.005722460658082976
7.0 0.20587064920040113 0.6161372227867328 0.008583690987124463 0.005722460658082976
7.0 0.20343213797355178 0.61001830163147 0.00715307582260372 0.005722460658082976
7.0 0.21039325060479833 0.604319183566498 0.00715307582260372 0.005722460658082976
7.0 0.20641169193734477 0.5984850305934462 0.005722460658082976 0.004291845493562232
7.0 0.22010596808269958 0.5803326582649962 0.010014306151645207 0.00715307582260372
7.0 0.22351421880487019 0.553729652359993 0.005722460658082976 0.004291845493562232
7.0 0.23067621222065712 0.5516819118746539 0.008583690987124463 0.005722460658082976
7.0 0.23452945462606856 0.5322628358769199 0.008583690987124463 0.005722460658082976
7.0 0.23171190074769613 0.534755113963919 0.005722460658082976 0.004291845493562232
7.0 0.24098374670186587 0.5234715424581546 0.008583690987124463 0.005722460658082976
7.0 0.23892387291172473 0.5206668163310174 0.00715307582260372 0.004291845493562232
7.0 0.2393304959690251 0.5127989193860296 0.005722460658082976 0.004291845493562232
7.0 0.24086136864427546 0.510147370132577 0.005722460658082976 0.004291845493562232
7.0 0.24497335997516392 0.5117855927994416 0.005722460658082976 0.004291845493562232
7.0 0.2418014113324266 0.5061313000520107 0.004291845493562232 0.004291845493562232
7.0 0.24320410088893593 0.5037017704728904 0.005722460658082976 0.005722460658082976
2.0 0.21086438357875253 0.5923695378621221 0.005722460658082976 0.004291845493562232
