2.0 0.3948337358867187 0.44440626853273707 0.14615384615384616 0.08153846153846153
2.0 0.5294009036784815 0.25796373707380205 0.06615384615384616 0.03538461538461538
2.0 0.5675553654005021 0.1965324735713893 0.04153846153846154 0.023076923076923078
2.0 0.587073190592565 0.16906826349822815 0.03230769230769231 0.016923076923076923
2.0 0.5981223368035722 0.15380889182288168 0.026153846153846153 0.012307692307692308
2.0 0.6054219521818636 0.14607202311932257 0.018461538461538463 0.009230769230769232
2.0 0.609707015693386 0.13879832288941715 0.018461538461538463 0.009230769230769232
2.0 0.6129550403359155 0.13245652875392944 0.015384615384615385 0.009230769230769232
9.0 0.6198363437042758 0.1287791708989874 0.021538461538461538 0.010769230769230769
8.0 0.6183647775377006 0.12581192952005932 0.010769230769230769 0.004615384615384616
