7.0 0.3914938599166566 0.12562233183028831 0.034026465028355386 0.00945179584120983
2.0 0.40232396627847833 0.49355781719085917 0.07372400756143667 0.020793950850661626
7.0 0.4155369074191733 0.9141732415721622 0.11720226843100189 0.034026465028355386
7.0 0.33811909685489006 0.6892483316204459 0.06427221172022685 0.017013232514177693
7.0 0.32699923932772873 0.540657524964492 0.043478260869565216 0.013232514177693762
2.0 0.3778058767241411 0.4119325755422673 0.05860113421550094 0.015122873345935728
2.0 0.4225334833638475 0.08067564787251337 0.043478260869565216 0.013232514177693762
7.0 0.33755446195697597 0.40396084806206917 0.03780718336483932 0.007561436672967864
2.0 0.4957341605118616 0.546724199945382 0.11909262759924386 0.03213610586011342
7.0 0.3584870325857068 0.2718296458463261 0.03213610586011342 0.011342155009451797
2.0 0.3933777000879401 0.20729003838460622 0.04158790170132325 0.011342155009451797
2.0 0.3785678869961042 0.314677996288939 0.04725897920604915 0.013232514177693762
1.0 0.294429412461316 0.40312312130585143 0.01890359168241966 0.003780718336483932
1.0 0.36480372858947185 0.07596737871005937 0.015122873345935728 0.003780718336483932
1.0 0.3175721204319375 0.3280626078627179 0.01890359168241966 0.005671077504725898
1.0 0.3146105648026438 0.38291894405207566 0.020793950850661626 0.005671077504725898
1.0 0.32909654952923195 0.2090934282365261 0.015122873345935728 0.003780718336483932
1.0 0.28965183683703016 0.46450152685997004 0.020793950850661626 0.003780718336483932
1.0 0.371029169083091 0.06353676860075633 0.017013232514177693 0.005671077504725898
1.0 0.32839273555081955 0.25947687340637077 0.017013232514177693 0.001890359168241966
1.0 0.2983101852238726 0.35217270028635156 0.015122873345935728 0.003780718336483932
1.0 0.29246226153805854 0.33881688300751817 0.011342155009451797 0.001890359168241966
1.0 0.3005876142405999 0.31718451594945685 0.013232514177693762 0.001890359168241966
1.0 0.31555982580451675 0.295277965930905 0.017013232514177693 0.003780718336483932
1.0 0.31540893445831375 0.2696474078164356 0.015122873345935728 0.005671077504725898
1.0 0.3160027510440214 0.25264272566451534 0.015122873345935728 0.005671077504725898
1.0 0.3283672833127685 0.22997688032184796 0.017013232514177693 0.003780718336483932
1.0 0.3455814570324916 0.17409778397888814 0.01890359168241966 0.003780718336483932
1.0 0.34318375379959515 0.1676028898495946 0.017013232514177693 0.003780718336483932
