7 0.36664 0.325 0.01393 0.05435
7 0.64293 0.32717 0.0087 0.03696
2 0.52281 0.36957 0.01776 0.06522
7 0.50366 0.31793 0.01079 0.04239
2 0.45822 0.41957 0.02437 0.0913
2 0.6102 0.35489 0.01428 0.04891
2 0.83478 0.37446 0.01149 0.04239
2 0.71483 0.3587 0.01114 0.04565
8 0.08008 0.225 0.00627 0.03043
7 0.21727 0.36087 0.02019 0.08043
8 0.14554 0.27065 0.01114 0.04348
8 0.18558 0.32065 0.01602 0.06304
7 0.78639 0.34783 0.0101 0.03478
8 0.1109 0.22663 0.00731 0.02717
7 0.94586 0.3788 0.0101 0.03587
8 0.12517 0.24457 0.0094 0.03261
2 0.4718 0.57174 0.04248 0.16087
9 0.75679 0.75109 0.04004 0.1913
1 0.1196 0.22283 0.00383 0.02174
1 0.11455 0.21196 0.00348 0.01739
1 0.16765 0.2212 0.00383 0.01848
1 0.20996 0.21739 0.00348 0.01522
1 0.23712 0.225 0.00348 0.01522
1 0.53256 0.27011 0.00383 0.01848
1 0.57591 0.27391 0.00348 0.01739
1 0.60289 0.28641 0.00383 0.02065
1 0.64136 0.28804 0.00418 0.01957
1 0.47162 0.25652 0.00313 0.01522
1 0.31146 0.22826 0.00313 0.01522
1 0.31772 0.23207 0.00313 0.0163
1 0.39676 0.24293 0.00383 0.0163
1 0.41052 0.24185 0.00348 0.0163
1 0.50557 0.25815 0.00348 0.0163
