7.0 0.3730527318837883 0.5461963367817454 0.03459637561779242 0.08401976935749589
7.0 0.1993607410968394 0.6670124479055319 0.06919275123558484 0.13838550247116968
2.0 0.8513333929844108 0.4853145470855542 0.042833607907743 0.085667215815486
7.0 0.49468356185500256 0.4523907728141668 0.023064250411861616 0.04612850082372323
7.0 0.6716979489786303 0.40866848276269596 0.018121911037891267 0.03789126853377265
7.0 0.8571684887458287 0.38424153797146127 0.016474464579901153 0.03459637561779242
7.0 0.7585519098687631 0.3934926063436151 0.014827018121911038 0.032948929159802305
2.0 0.865802656548946 0.42271190689902016 0.02471169686985173 0.05271828665568369
8.0 0.7609391554121079 0.3517396166736135 0.008237232289950576 0.016474464579901153
8.0 0.8223584361258636 0.34899809262799475 0.008237232289950576 0.019769357495881382
2.0 0.9160719322517675 0.6655797061147576 0.032948929159802305 0.08896210873146623
7.0 0.6184022441620117 0.4312503286302147 0.0214168039538715 0.05271828665568369
