7 0.33705 0.53261 0.02368 0.10217
7 0.38336 0.40598 0.00975 0.04239
7 0.40442 0.44511 0.01428 0.05978
2 0.57869 0.4125 0.00975 0.04457
2 0.70456 0.50054 0.01845 0.07935
2 0.87692 0.44293 0.01288 0.05326
7 0.78343 0.37446 0.00627 0.025
7 0.82573 0.38098 0.00662 0.02717
7 0.50487 0.35815 0.00487 0.02065
2 0.88301 0.68315 0.039 0.15761
7 0.89032 0.39293 0.00766 0.03152
2 0.80031 0.41413 0.0101 0.0413
2 0.75766 0.39674 0.00766 0.03261
2 0.70317 0.37989 0.00662 0.02717
7 0.36664 0.38913 0.00836 0.03478
2 0.64049 0.43967 0.01288 0.05326
7 0.45421 0.36033 0.00522 0.02283
2 0.51776 0.39293 0.00836 0.03587
7 0.56041 0.35924 0.00453 0.02065
7 0.35742 0.3712 0.00662 0.02717
2 0.48747 0.38315 0.00696 0.02935
2 0.59871 0.36957 0.00522 0.02391
7 0.73015 0.36685 0.00487 0.02065
2 0.48068 0.37283 0.00592 0.02609
7 0.40129 0.36467 0.00522 0.02283
2 0.53412 0.36848 0.00557 0.02391
8 0.31093 0.33859 0.00279 0.01413
8 0.44011 0.3413 0.00279 0.01522
2 0.6626 0.37337 0.00557 0.02283
7 0.62604 0.36087 0.00418 0.01957
8 0.40233 0.34293 0.00383 0.01848
8 0.35481 0.33152 0.00209 0.01087
8 0.26079 0.3337 0.00279 0.01304
8 0.38388 0.32609 0.00244 0.01087
8 0.39519 0.3375 0.00279 0.01196
8 0.40825 0.3288 0.00174 0.00761
