2 0.61943 0.49511 0.01811 0.07935
7 0.79439 0.42011 0.0094 0.04022
2 0.84401 0.63152 0.03482 0.13696
7 0.29962 0.43207 0.01358 0.05761
2 0.81598 0.46576 0.01497 0.06196
7 0.91417 0.44185 0.01219 0.04674
7 0.33496 0.38207 0.00766 0.0337
7 0.34279 0.50761 0.02124 0.08913
2 0.62866 0.4087 0.0087 0.03913
2 0.83409 0.3837 0.00522 0.02174
2 0.74373 0.36848 0.00487 0.01957
2 0.60829 0.39239 0.00696 0.03043
2 0.64467 0.375 0.00522 0.02391
7 0.414 0.36793 0.00627 0.02717
2 0.78203 0.38478 0.00557 0.02391
2 0.70404 0.37283 0.00487 0.02174
2 0.46292 0.41413 0.0101 0.04565
7 0.28064 0.39565 0.00905 0.0413
2 0.87187 0.38315 0.00487 0.02065
2 0.72859 0.38641 0.00592 0.025
2 0.66783 0.3875 0.00627 0.02935
2 0.47859 0.39674 0.0087 0.03696
2 0.51079 0.38533 0.00696 0.02935
7 0.29457 0.74348 0.04735 0.2
7 0.6243 0.36033 0.00487 0.02065
7 0.55188 0.35978 0.00418 0.02174
2 0.89432 0.36957 0.00313 0.01522
2 0.84436 0.3625 0.00279 0.01413
7 0.73572 0.35272 0.00279 0.01413
7 0.66556 0.3587 0.00313 0.01739
2 0.76149 0.36467 0.00348 0.01848
2 0.57434 0.37717 0.00592 0.02609
7 0.76166 0.40272 0.00731 0.0337
7 0.90303 0.39891 0.00662 0.02391
2 0.92932 0.37446 0.00348 0.0163
2 0.93715 0.3788 0.00383 0.01848
2 0.69464 0.43261 0.01114 0.04565
2 0.53412 0.44837 0.01323 0.05761
2 0.77768 0.36196 0.00244 0.01522
7 0.6976 0.35652 0.00313 0.01739
7 0.84366 0.4 0.00557 0.03043
7 0.85794 0.3587 0.00279 0.01522
7 0.94951 0.39565 0.00279 0.02391
7 0.47145 0.36033 0.00487 0.025
7 0.81685 0.35652 0.00279 0.01304
7 0.71205 0.35435 0.00279 0.01522
2 0.7984 0.35978 0.00348 0.01522
7 0.77507 0.35435 0.00209 0.01304
2 0.73781 0.33478 0.00139 0.00652
2 0.74791 0.33587 0.00139 0.00652
2 0.75139 0.33641 0.00139 0.00761
2 0.90547 0.38098 0.00244 0.02065
7 0.90146 0.36467 0.00279 0.01413
2 0.87883 0.34457 0.00209 0.0087
2 0.88666 0.34674 0.00174 0.0087
2 0.76706 0.3375 0.00139 0.00543
7 0.76219 0.33696 0.00139 0.00652
7 0.76393 0.33641 0.00139 0.00761
7 0.77577 0.3375 0.00139 0.00761
8 0.84871 0.34891 0.00244 0.0087
8 0.86873 0.35054 0.00209 0.00978
8 0.89136 0.35163 0.00209 0.00978
8 0.82765 0.34728 0.00209 0.00978
8 0.83113 0.34293 0.00139 0.00761
8 0.80432 0.34565 0.00209 0.01087
8 0.79352 0.3413 0.00139 0.00652
8 0.76967 0.33913 0.00174 0.00652
2 0.84401 0.34076 0.00139 0.00761
7 0.85376 0.34348 0.00139 0.0087
7 0.8602 0.34402 0.00174 0.00761
