7.0 0.41661 0.53533 0.0234375 0.099609375
7.0 0.73816 0.47065 0.013671875 0.064453125
7.0 0.879 0.47337 0.013671875 0.0625
2.0 0.87535 0.74565 0.048828125 0.189453125
7.0 0.60132 0.48913 0.017578125 0.076171875
2.0 0.20682 0.33424 0.001953125 0.013671875
7.0 0.07329 0.725 0.046875 0.201171875
2.0 0.19916 0.32989 0.001953125 0.01171875
2.0 0.27629 0.32935 0.00390625 0.01171875
8.0 0.3555 0.3413 0.001953125 0.015625
8.0 0.48955 0.3587 0.00390625 0.017578125
8.0 0.42079 0.35815 0.00390625 0.01953125
8.0 0.77507 0.37826 0.005859375 0.01953125
2.0 0.17932 0.33098 0.001953125 0.015625
8.0 0.81128 0.38043 0.00390625 0.01953125
2.0 0.31529 0.33043 0.00390625 0.009765625
8.0 0.33252 0.35598 0.00390625 0.021484375
7.0 0.2265 0.33207 0.001953125 0.013671875
8.0 0.73764 0.375 0.00390625 0.021484375
2.0 0.42409 0.33967 0.001953125 0.01171875
8.0 0.24356 0.33804 0.00390625 0.013671875
7.0 0.34767 0.33859 0.001953125 0.013671875
7.0 0.22893 0.32989 0.001953125 0.01171875
2.0 0.23224 0.33043 0.001953125 0.009765625
7.0 0.25122 0.33043 0.001953125 0.009765625
7.0 0.25296 0.33478 0.00390625 0.01171875
8.0 0.29039 0.33967 0.00390625 0.013671875
7.0 0.29596 0.33696 0.00390625 0.015625
7.0 0.32869 0.33207 0.001953125 0.013671875
2.0 0.3515 0.33261 0.001953125 0.013671875
7.0 0.36351 0.3337 0.001953125 0.009765625
2.0 0.37692 0.33315 0.001953125 0.01171875
2.0 0.40703 0.33587 0.001953125 0.009765625
2.0 0.42096 0.3413 0.00390625 0.013671875
8.0 0.45265 0.36033 0.00390625 0.01953125
8.0 0.38179 0.35761 0.00390625 0.01953125
7.0 0.38127 0.33804 0.001953125 0.013671875
7.0 0.38475 0.33641 0.001953125 0.013671875
7.0 0.40059 0.34239 0.001953125 0.013671875
8.0 0.84784 0.38261 0.00390625 0.01953125
