7.0 0.3688502527138575 0.407647187264867 0.12363067292644757 0.06103286384976526
7.0 0.5374479809457112 0.592697320151432 0.07042253521126761 0.03599374021909233
7.0 0.5952696975587778 0.6075536507445642 0.04381846635367762 0.02190923317683881
2.0 0.5022777827251181 0.20508817207808847 0.03755868544600939 0.018779342723004695
7.0 0.5570712163698237 0.3515601446454027 0.0297339593114241 0.01564945226917058
2.0 0.6265107862234118 0.7305940423997981 0.04538341158059468 0.02190923317683881
2.0 0.5966852611821056 0.8326315790037476 0.07198748043818466 0.03755868544600939
2.0 0.6399243782147882 0.6195734538026172 0.025039123630672927 0.012519561815336464
2.0 0.6366952113233971 0.5747547627438112 0.023474178403755867 0.010954616588419406
7.0 0.608720812527731 0.5607018627352132 0.03129890453834116 0.01564945226917058
7.0 0.4754022910568811 0.24379465321701624 0.053208137715179966 0.028169014084507043
2.0 0.6340130774095648 0.662804645061866 0.03129890453834116 0.014084507042253521
2.0 0.5611902947038717 0.308441202249559 0.023474178403755867 0.012519561815336464
2.0 0.6311879571862463 0.5358859511364339 0.018779342723004695 0.00782472613458529
2.0 0.5946815668178196 0.38819671095803876 0.018779342723004695 0.009389671361502348
7.0 0.5296043299700504 0.31532467568052575 0.03755868544600939 0.02034428794992175
7.0 0.5791408520775766 0.38055599692294856 0.026604068857589983 0.012519561815336464
2.0 0.6099106814758549 0.4424759562092541 0.017214397496087636 0.00782472613458529
2.0 0.5776601662008677 0.3429362130510934 0.02034428794992175 0.009389671361502348
2.0 0.6221339551679296 0.48541624993484145 0.017214397496087636 0.00782472613458529
2.0 0.5345265121758448 0.26291128408384995 0.03286384976525822 0.01564945226917058
7.0 0.5990693274117456 0.42784347462330785 0.02034428794992175 0.009389671361502348
7.0 0.6132394640416734 0.4846333032445262 0.02034428794992175 0.010954616588419406
7.0 0.6147959902546282 0.5239810331604856 0.026604068857589983 0.010954616588419406
7.0 0.6358726573095597 0.4812159071667233 0.00782472613458529 0.004694835680751174
