2 0.25139 0.33967 0.01393 0.06196
7 0.1055 0.21685 0.00627 0.025
7 0.09453 0.22554 0.00662 0.02935
7 0.77368 0.35 0.00627 0.02609
7 0.74286 0.33587 0.00522 0.02174
2 0.39189 0.52663 0.03029 0.13587
7 0.05414 0.26087 0.0101 0.0413
2 0.29735 0.39728 0.0195 0.08587
7 0.8703 0.38043 0.00801 0.03261
2 0.20822 0.26141 0.00696 0.03152
2 0.66086 0.32554 0.00487 0.025
7 0.1344 0.20326 0.00418 0.01739
7 0.07852 0.24185 0.0087 0.0337
7 0.11838 0.20761 0.00557 0.02174
2 0.65286 0.31196 0.00348 0.01739
2 0.84506 0.39185 0.00975 0.04022
2 0.70456 0.34783 0.00731 0.03043
2 0.52559 0.26522 0.00244 0.01304
7 0.89171 0.31033 0.00209 0.00978
7 0.16556 0.1913 0.00244 0.01304
9 0.23851 0.29946 0.01532 0.0837
2 0.20543 0.21033 0.00348 0.0163
2 0.62674 0.29348 0.00348 0.01522
7 0.72336 0.32011 0.00383 0.0163
2 0.20108 0.23043 0.00383 0.02174
2 0.21605 0.28152 0.0094 0.03913
7 0.55153 0.26793 0.00279 0.01196
7 0.15024 0.19239 0.00313 0.01304
7 0.14432 0.19837 0.00383 0.0163
2 0.21901 0.20489 0.00279 0.01413
7 0.51132 0.25707 0.00244 0.01196
2 0.4704 0.25163 0.00209 0.01413
7 0.6828 0.30435 0.00348 0.01522
7 0.89972 0.3038 0.00139 0.00978
7 0.18001 0.19239 0.00209 0.01304
7 0.39276 0.22772 0.00209 0.01196
2 0.20247 0.24457 0.00592 0.02609
7 0.59419 0.27826 0.00244 0.01304
7 0.43175 0.23696 0.00209 0.01087
2 0.22824 0.30924 0.0094 0.04891
2 0.25696 0.20652 0.00279 0.01304
7 0.26724 0.20435 0.00244 0.01087
7 0.63301 0.28859 0.00279 0.01413
2 0.20143 0.21576 0.00453 0.01848
7 0.74721 0.3337 0.00348 0.01957
2 0.36682 0.22554 0.00244 0.01196
7 0.21327 0.19511 0.00244 0.01196
7 0.35568 0.22065 0.00244 0.01087
7 0.92601 0.3212 0.00244 0.01196
9 0.22772 0.28859 0.01184 0.075
7 0.8797 0.30489 0.00174 0.00978
2 0.42044 0.23913 0.00244 0.01304
7 0.32016 0.21467 0.00174 0.00978
2 0.69116 0.79565 0.02507 0.10435
2 0.33113 0.20435 0.00139 0.00652
7 0.92601 0.30978 0.00174 0.0087
2 0.31128 0.21467 0.00279 0.01196
7 0.46814 0.2462 0.00174 0.01196
2 0.57834 0.2788 0.00209 0.01413
2 0.47075 0.22935 0.00139 0.00652
7 0.88249 0.30217 0.00174 0.01087
2 0.46588 0.23043 0.00139 0.00652
2 0.17775 0.17554 0.00104 0.00761
2 0.17984 0.17554 0.00104 0.00761
2 0.29666 0.19728 0.00139 0.00761
2 0.33444 0.20163 0.00104 0.00761
8 0.32625 0.20435 0.00139 0.0087
7 0.3165 0.20326 0.00139 0.00652
7 0.44377 0.21902 0.00104 0.00761
7 0.49565 0.2375 0.00174 0.00978
2 0.43715 0.22554 0.00174 0.00978
2 0.44586 0.22446 0.00104 0.00761
2 0.44725 0.22717 0.00104 0.0087
2 0.47632 0.21848 0.00139 0.00652
2 0.49843 0.23804 0.00174 0.01087
2 0.47824 0.22228 0.00104 0.00761
8 0.47737 0.22989 0.00139 0.00761
2 0.65494 0.30435 0.00209 0.01739
9 0.83844 0.27554 0.00209 0.0163
9 0.83461 0.27554 0.00209 0.01413
9 0.82608 0.27337 0.00174 0.01413
8 0.82225 0.27663 0.00104 0.00761
8 0.83043 0.27663 0.00139 0.00978
2 0.6015 0.24728 0.00104 0.00761
2 0.63283 0.25054 0.00104 0.00761
2 0.66086 0.25163 0.00139 0.00761
2 0.66313 0.25054 0.00104 0.00761
2 0.6774 0.25489 0.00104 0.00761
7 0.58635 0.2413 0.00139 0.00652
2 0.31285 0.20489 0.00104 0.00543
2 0.18228 0.17609 0.00104 0.00652
2 0.18437 0.17609 0.00104 0.00652
2 0.29927 0.19565 0.00104 0.00652
2 0.30275 0.19457 0.00104 0.00652
2 0.32747 0.2 0.00104 0.00652
2 0.31563 0.19728 0.00104 0.00543
7 0.31424 0.2 0.00104 0.00652
7 0.336 0.20435 0.0007 0.00652
7 0.44899 0.22446 0.00104 0.00543
7 0.46153 0.22609 0.00104 0.00652
7 0.47458 0.22283 0.0007 0.00652
7 0.48381 0.23152 0.00104 0.00652
7 0.49112 0.22554 0.00104 0.00543
2 0.45247 0.21848 0.00104 0.00652
2 0.45561 0.21522 0.00104 0.00652
2 0.49321 0.23261 0.00104 0.00652
2 0.59697 0.24293 0.00104 0.00543
2 0.60289 0.24239 0.00104 0.00652
2 0.61212 0.24457 0.0007 0.00652
2 0.61717 0.24402 0.00104 0.00543
2 0.61856 0.24565 0.00104 0.00652
2 0.62483 0.24185 0.00104 0.00543
2 0.63701 0.24511 0.00104 0.00543
2 0.64398 0.24565 0.00104 0.00652
2 0.65198 0.24728 0.00104 0.00543
7 0.668 0.25217 0.00104 0.00652
7 0.68123 0.25435 0.00104 0.00652
7 0.59001 0.2413 0.00104 0.00652
7 0.58357 0.24185 0.0007 0.00543
7 0.57712 0.23804 0.00104 0.00652
2 0.57608 0.2413 0.00104 0.00652
2 0.58287 0.23913 0.0007 0.00652
