7 0.83061 0.36848 0.0087 0.03478
7 0.6492 0.32446 0.00522 0.025
7 0.72058 0.34348 0.00662 0.02826
2 0.89885 0.41359 0.01428 0.05109
2 0.05971 0.40707 0.02194 0.09022
7 0.45021 0.29457 0.00418 0.02174
2 0.41121 0.59837 0.03691 0.16413
2 0.65756 0.35761 0.00801 0.03696
7 0.52681 0.30489 0.00557 0.02283
2 0.22058 0.27609 0.00453 0.02174
2 0.30432 0.28804 0.00487 0.02391
7 0.34401 0.27989 0.00418 0.02065
2 0.74913 0.38424 0.01079 0.04457
7 0.39607 0.2875 0.00383 0.02065
2 0.14102 0.27065 0.00487 0.02174
7 0.19203 0.26087 0.00313 0.01739
7 0.09262 0.25761 0.00418 0.01957
2 0.57242 0.33207 0.00696 0.02935
2 0.40164 0.30109 0.00592 0.02391
7 0.26097 0.26902 0.00313 0.0163
2 0.49948 0.31576 0.00592 0.02717
