7 0.75331 0.50924 0.01985 0.08587
7 0.44795 0.53913 0.02472 0.10652
7 0.4462 0.35815 0.00592 0.02283
7 0.87134 0.39837 0.00801 0.0337
7 0.71187 0.38859 0.00801 0.0337
7 0.44011 0.3538 0.00418 0.01848
7 0.45978 0.35598 0.00453 0.02065
7 0.54718 0.37011 0.00662 0.02717
7 0.6055 0.37717 0.00696 0.03043
2 0.9328 0.38261 0.00418 0.02174
2 0.87918 0.38261 0.00627 0.02609
2 0.67096 0.37011 0.00557 0.025
2 0.59523 0.36413 0.00453 0.02174
2 0.90808 0.375 0.00348 0.01739
7 0.45491 0.35272 0.00383 0.0163
2 0.68054 0.3663 0.00383 0.01739
2 0.80084 0.37174 0.00348 0.01739
8 0.38719 0.34076 0.00279 0.01196
7 0.73659 0.3663 0.00383 0.01522
2 0.85533 0.37554 0.00244 0.01413
2 0.74025 0.36902 0.00418 0.01848
2 0.78569 0.3788 0.00522 0.02283
8 0.57852 0.35109 0.00313 0.01304
7 0.48781 0.3538 0.00348 0.01413
8 0.4913 0.3462 0.00279 0.01196
8 0.4335 0.34293 0.00279 0.01196
8 0.88614 0.36196 0.00279 0.01087
7 0.539 0.35707 0.00279 0.0163
8 0.62657 0.35109 0.00244 0.01304
7 0.67444 0.36359 0.00279 0.0163
8 0.78134 0.35815 0.00209 0.01196
8 0.81198 0.35978 0.00209 0.01087
8 0.83496 0.35924 0.00209 0.01196
8 0.94063 0.3663 0.00174 0.01087
2 0.94847 0.38098 0.00487 0.02283
7 0.89676 0.37228 0.00313 0.0163
7 0.85254 0.3712 0.00244 0.01413
7 0.79822 0.36793 0.00174 0.0163
8 0.33879 0.3375 0.00279 0.01196
