7 0.47841 0.57283 0.05084 0.18261
7 0.83461 0.3913 0.03343 0.10435
7 0.8837 0.17717 0.00836 0.03261
7 0.77594 0.17663 0.00731 0.02935
7 0.67949 0.17717 0.00662 0.03043
7 0.59993 0.17663 0.00557 0.02717
7 0.54352 0.17446 0.00557 0.025
7 0.49042 0.16957 0.00522 0.02174
7 0.17932 0.18913 0.00557 0.02391
7 0.08391 0.20163 0.00766 0.02935
2 0.10776 0.19076 0.00592 0.02283
2 0.37587 0.16957 0.00383 0.01739
2 0.45648 0.16685 0.00418 0.01848
2 0.58026 0.16739 0.00522 0.02174
2 0.64728 0.16848 0.00627 0.02391
2 0.72685 0.16793 0.00522 0.02283
2 0.84331 0.17011 0.00557 0.02283
2 0.53708 0.16522 0.00383 0.01739
2 0.5531 0.15924 0.00383 0.01196
2 0.51236 0.16033 0.00313 0.01413
2 0.4704 0.16304 0.00348 0.01522
2 0.29178 0.17446 0.00418 0.0163
2 0.20386 0.18152 0.00453 0.01957
2 0.16313 0.18207 0.00383 0.01413
7 0.2547 0.18207 0.00522 0.02065
7 0.31024 0.17935 0.00487 0.01957
7 0.36734 0.17663 0.00418 0.0163
7 0.42427 0.17228 0.00453 0.02065
2 0.05467 0.19022 0.00348 0.01522
2 0.11856 0.18478 0.00383 0.01522
7 0.1015 0.18261 0.00313 0.01522
7 0.17218 0.17663 0.00383 0.01413
2 0.21309 0.1788 0.00348 0.01413
7 0.21414 0.17446 0.00348 0.01413
7 0.26132 0.17174 0.00313 0.01304
2 0.25313 0.17446 0.00348 0.0163
2 0.29474 0.17065 0.00313 0.01304
7 0.3125 0.1663 0.00313 0.01522
2 0.35481 0.1663 0.00348 0.01522
7 0.36891 0.16576 0.00313 0.01196
7 0.41539 0.16304 0.00279 0.01304
2 0.41191 0.16522 0.00279 0.01522
7 0.5195 0.15761 0.00279 0.01087
7 0.56546 0.15707 0.00348 0.00761
2 0.60742 0.15815 0.00453 0.00978
2 0.65808 0.15761 0.00418 0.0087
