7 0.24547 0.48587 0.02507 0.08696
7 0.13423 0.74239 0.06929 0.21087
2 0.91469 0.74728 0.06616 0.19891
2 0.90198 0.49837 0.02472 0.07935
2 0.44969 0.43424 0.01497 0.05761
7 0.49513 0.38587 0.00905 0.03478
7 0.36072 0.37717 0.00905 0.03478
2 0.26689 0.41359 0.01428 0.05326
2 0.42253 0.4 0.01079 0.0413
7 0.11473 0.34728 0.00731 0.02717
7 0.27455 0.36902 0.00731 0.03152
2 0.10254 0.40543 0.01636 0.05217
7 0.6149 0.39239 0.00905 0.03696
2 0.19412 0.37826 0.01149 0.0413
7 0.75975 0.39674 0.00975 0.03696
2 0.75662 0.4413 0.01323 0.05217
2 0.64258 0.41848 0.01149 0.04348
2 0.74199 0.54783 0.03203 0.10435
7 0.07416 0.34185 0.00696 0.02283
2 0.58896 0.46141 0.01915 0.06413
2 0.10428 0.3663 0.0101 0.03478
7 0.18715 0.35707 0.00662 0.02935
2 0.29666 0.39022 0.01184 0.0413
7 0.88196 0.41033 0.01045 0.04022
2 0.52803 0.40978 0.01079 0.04348
7 0.34262 0.55054 0.03064 0.10978
