7 0.12831 0.47174 0.02333 0.08696
7 0.67166 0.3837 0.00975 0.03913
2 0.64763 0.4962 0.02855 0.09674
7 0.05467 0.36576 0.01114 0.03804
2 0.90564 0.44511 0.02089 0.06413
2 0.39276 0.38152 0.01114 0.0413
7 0.55014 0.37283 0.00975 0.03696
7 0.46031 0.36141 0.00836 0.03152
7 0.26253 0.55 0.03203 0.12174
2 0.34297 0.36304 0.00905 0.03478
7 0.51515 0.34185 0.00522 0.02283
7 0.13562 0.3375 0.00662 0.02717
7 0.16731 0.32935 0.00592 0.01957
7 0.08792 0.34783 0.0094 0.03043
2 0.23416 0.3913 0.01288 0.04348
2 0.53935 0.39837 0.01253 0.04891
2 0.33095 0.41087 0.01428 0.05652
2 0.23555 0.33804 0.00731 0.02391
2 0.22928 0.3625 0.00801 0.03587
2 0.2218 0.34728 0.00627 0.02935
7 0.49565 0.33424 0.00453 0.02065
2 0.25975 0.33098 0.00557 0.02065
7 0.44342 0.32826 0.00522 0.01957
7 0.49739 0.35217 0.00731 0.02609
2 0.41765 0.34076 0.00662 0.025
2 0.37396 0.33043 0.00487 0.01957
2 0.46118 0.43967 0.02054 0.06848
2 0.37987 0.35054 0.00696 0.02935
2 0.30989 0.32989 0.00627 0.02065
7 0.29579 0.325 0.00453 0.01739
7 0.22023 0.32663 0.00662 0.02065
2 0.69342 0.41087 0.01428 0.05217
2 0.42218 0.33587 0.00592 0.02174
7 0.37204 0.325 0.00453 0.01957
2 0.93907 0.69674 0.02368 0.18261
7 0.83531 0.39565 0.01393 0.04565
