7.0 0.35902177961285864 0.7407929940290456 0.06578947368421052 0.043859649122807015
7.0 0.4780835880969132 0.3463479389123483 0.029239766081871343 0.019005847953216373
2.0 0.5458863644628096 0.3994303435505444 0.07309941520467836 0.049707602339181284
7.0 0.2635563523182933 0.7555606155927521 0.029239766081871343 0.019005847953216373
2.0 0.5961767049597456 0.20908144341479556 0.049707602339181284 0.03654970760233918
2.0 0.3850993849733345 0.5332713619114314 0.03070175438596491 0.019005847953216373
7.0 0.43089518815973 0.42453749354396664 0.027777777777777776 0.019005847953216373
7.0 0.3937354347095879 0.4812261265696305 0.024853801169590642 0.01608187134502924
7.0 0.45571627122298475 0.6761722981158304 0.09210526315789473 0.06140350877192982
2.0 0.3563284182370637 0.5607051728289131 0.02631578947368421 0.017543859649122806
7.0 0.3985708870749128 0.4379124198054737 0.01608187134502924 0.011695906432748537
7.0 0.27110627481403987 0.6918257876863741 0.02046783625730994 0.014619883040935672
7.0 0.27602178183769 0.6678310213342419 0.014619883040935672 0.01023391812865497
7.0 0.26240395063826916 0.7273071256642372 0.023391812865497075 0.01608187134502924
2.0 0.3396365859217757 0.6431836935576686 0.033625730994152045 0.023391812865497075
2.0 0.4445374246181171 0.4401774369159888 0.038011695906432746 0.02631578947368421
2.0 0.3845633454324485 0.5844868215867611 0.04239766081871345 0.029239766081871343
2.0 0.30426035386611683 0.6247719257898335 0.02046783625730994 0.014619883040935672
2.0 0.3186591676445384 0.6370165082802245 0.02631578947368421 0.01608187134502924
2.0 0.3059649648374043 0.6370546617209266 0.021929824561403508 0.014619883040935672
7.0 0.3870523391976927 0.4485345330972773 0.01608187134502924 0.01023391812865497
2.0 0.3074514431090069 0.6061739627737712 0.014619883040935672 0.01023391812865497
7.0 0.3658904858971734 0.4817116492276403 0.01608187134502924 0.01023391812865497
7.0 0.39968627083413305 0.45324739804894426 0.02046783625730994 0.013157894736842105
2.0 0.36584415223709205 0.5031509470301145 0.017543859649122806 0.011695906432748537
2.0 0.34455799334007386 0.5291551110995261 0.014619883040935672 0.008771929824561403
2.0 0.44667279514829045 0.5063208447936739 0.05263157894736842 0.03654970760233918
2.0 0.36002692190042923 0.5317778168386047 0.021929824561403508 0.014619883040935672
2.0 0.3231709238403572 0.5720830281069621 0.01608187134502924 0.011695906432748537
7.0 0.3152542839854771 0.5799646551628833 0.013157894736842105 0.008771929824561403
7.0 0.29155685086759914 0.6313348900036833 0.01608187134502924 0.011695906432748537
2.0 0.5035033329518025 0.34062370825843624 0.039473684210526314 0.02631578947368421
2.0 0.3640407133850137 0.4984986545856449 0.01608187134502924 0.011695906432748537
7.0 0.3402747658139063 0.5286650651518898 0.014619883040935672 0.008771929824561403
2.0 0.776438351412082 0.2691595883121088 0.1301169590643275 0.07602339181286549
7.0 0.5398230235310615 0.24016848779825858 0.03508771929824561 0.024853801169590642
