7 0.47302 0.39076 0.01845 0.08152
2 0.70735 0.33641 0.01636 0.07283
2 0.56076 0.24728 0.00453 0.025
7 0.08635 0.32717 0.00627 0.02391
7 0.65042 0.23478 0.00557 0.02391
7 0.56407 0.27717 0.00905 0.03696
7 0.63928 0.25163 0.00766 0.03152
7 0.0914 0.36522 0.01079 0.0413
7 0.40251 0.34946 0.01323 0.05978
2 0.55484 0.30435 0.01079 0.04783
8 0.92584 0.25761 0.01323 0.05
2 0.47754 0.27772 0.00731 0.0337
8 0.69864 0.26033 0.0094 0.04022
7 0.05902 0.34293 0.00731 0.02935
7 0.30049 0.33859 0.01045 0.04674
2 0.54143 0.25978 0.00696 0.03043
9 0.23207 0.32989 0.01288 0.06848
8 0.84976 0.24185 0.0101 0.04022
9 0.26132 0.30598 0.01079 0.05543
7 0.62013 0.23043 0.00487 0.02174
8 0.7312 0.28207 0.01114 0.05109
9 0.29927 0.30109 0.01079 0.05435
7 0.46901 0.52391 0.02994 0.1413
7 0.14241 0.30761 0.00418 0.01957
2 0.17549 0.31033 0.00557 0.025
7 0.56859 0.22989 0.00418 0.01848
2 0.51758 0.24076 0.00453 0.02065
7 0.20978 0.34565 0.0101 0.0413
2 0.47389 0.24457 0.00418 0.01957
2 0.42253 0.25163 0.00383 0.01848
2 0.17009 0.31848 0.00662 0.02826
2 0.54892 0.24185 0.00453 0.02283
9 0.18767 0.33587 0.01253 0.06739
2 0.38022 0.29891 0.00905 0.03478
2 0.93489 0.48533 0.03203 0.15109
7 0.21623 0.28804 0.00348 0.01739
7 0.43837 0.24402 0.00279 0.0163
2 0.31215 0.27065 0.00453 0.01957
2 0.25522 0.28424 0.00418 0.02065
2 0.36873 0.26087 0.00279 0.01739
2 0.207 0.29728 0.00522 0.02283
7 0.50627 0.23478 0.00348 0.01739
2 0.2789 0.31522 0.00836 0.03478
2 0.20265 0.32174 0.00696 0.03043
7 0.29318 0.26902 0.00348 0.01848
7 0.36699 0.25489 0.00139 0.0163
1 0.05519 0.3038 0.00244 0.00978
1 0.77855 0.19837 0.00279 0.0163
1 0.62535 0.21685 0.00209 0.01413
1 0.08304 0.29565 0.00244 0.01087
1 0.11682 0.29348 0.00244 0.01304
1 0.14937 0.2837 0.00209 0.01087
1 0.17653 0.28315 0.00209 0.01196
1 0.20212 0.27554 0.00244 0.00978
1 0.69969 0.20435 0.00244 0.02174
1 0.61734 0.2125 0.00209 0.0163
1 0.79544 0.18913 0.00174 0.01304
1 0.79944 0.1913 0.00209 0.01522
1 0.86717 0.19185 0.00244 0.01413
1 0.8703 0.18641 0.00244 0.0163
1 0.87413 0.18315 0.00244 0.01413
1 0.88144 0.17826 0.00174 0.01087
1 0.89694 0.17283 0.00139 0.01304
1 0.93698 0.18152 0.00279 0.01957
