7.0 0.8664519148857088 0.515329156562597 0.029914529914529916 0.038461538461538464
7.0 0.3291619947951081 0.25723610346200754 0.03418803418803419 0.045584045584045586
7.0 0.3863879812903305 0.2573986352162741 0.027065527065527065 0.03418803418803419
7.0 0.2953684165451653 0.28733688105708705 0.04700854700854701 0.06125356125356125
7.0 0.3530575240576503 0.3779537258837569 0.06552706552706553 0.0868945868945869
7.0 0.5087993708744774 0.29256771559655725 0.017094017094017096 0.024216524216524215
7.0 0.7512140726885804 0.42065453435566125 0.018518518518518517 0.02564102564102564
2.0 0.702413663420199 0.37884140237800285 0.01566951566951567 0.019943019943019943
7.0 0.6216912582497695 0.3428293758937654 0.017094017094017096 0.021367521367521368
7.0 0.8091383552298427 0.46378054067124264 0.021367521367521368 0.027065527065527065
7.0 0.6107548240955818 0.5651612811578413 0.08262108262108261 0.11253561253561253
2.0 0.7854991899612509 0.43015115429620854 0.017094017094017096 0.021367521367521368
7.0 0.686711699147141 0.3795832103202096 0.017094017094017096 0.022792022792022793
2.0 0.5581766540239652 0.30235156354076276 0.014245014245014245 0.019943019943019943
2.0 0.869358707456312 0.48978807887283177 0.021367521367521368 0.027065527065527065
2.0 0.2991910732459263 0.21194010211401693 0.024216524216524215 0.03276353276353276
2.0 0.48099029574335034 0.2703106134646101 0.017094017094017096 0.021367521367521368
7.0 0.4489336946247074 0.2713935553238793 0.021367521367521368 0.02849002849002849
2.0 0.6218609013335316 0.3336822647589003 0.01282051282051282 0.017094017094017096
9.0 0.7908958744495639 0.6031099192694187 0.12393162393162394 0.16381766381766383
7.0 0.5690134713964172 0.3185714973950928 0.017094017094017096 0.024216524216524215
2.0 0.39837857796974646 0.23917057155060875 0.01566951566951567 0.021367521367521368
