2.0 0.7631473600993619 0.6576290665965907 0.04612850082372323 0.1070840197693575
7.0 0.3527223036997051 0.5183743772787677 0.047775947281713346 0.11037891268533773
7.0 0.560111289561254 0.48840741352755856 0.02471169686985173 0.060955518945634266
7.0 0.6645161196933412 0.4866953715678694 0.018121911037891267 0.044481054365733116
2.0 0.8046743943694249 0.5788166301120506 0.02800658978583196 0.0642504118616145
7.0 0.6836515983418816 0.4743610988409501 0.013179571663920923 0.02800658978583196
2.0 0.8262248309139391 0.5459115399080933 0.018121911037891267 0.047775947281713346
2.0 0.8762633472324834 0.5040571191895946 0.008237232289950576 0.018121911037891267
7.0 0.7621418217630566 0.4610526399905386 0.004942339373970346 0.016474464579901153
7.0 0.8519796755723139 0.4890475801784662 0.006589785831960461 0.014827018121911038
2.0 0.7936728889139552 0.4935300195506516 0.011532125205930808 0.026359143327841845
7.0 0.7222622219310465 0.4488248046694974 0.006589785831960461 0.016474464579901153
2.0 0.8117931869061974 0.5142489138875062 0.013179571663920923 0.032948929159802305
7.0 0.8038475879263361 0.47178874491444234 0.008237232289950576 0.014827018121911038
7.0 0.6889482639561889 0.4586110104059294 0.009884678747940691 0.023064250411861616
2.0 0.7749896226296372 0.47971950681729897 0.008237232289950576 0.0214168039538715
2.0 0.8182240397071529 0.4846838159651802 0.008237232289950576 0.018121911037891267
2.0 0.772354140332231 0.47025137952027585 0.009884678747940691 0.018121911037891267
8.0 0.7207081042933329 0.43349843133523003 0.004942339373970346 0.011532125205930808
8.0 0.703137104153853 0.42788370592692926 0.006589785831960461 0.011532125205930808
8.0 0.736275961745709 0.4386787522542993 0.006589785831960461 0.011532125205930808
8.0 0.75552461737151 0.4427701803108898 0.004942339373970346 0.013179571663920923
8.0 0.6809232053250416 0.42082506347934406 0.004942339373970346 0.014827018121911038
8.0 0.6859958026739332 0.4195577214721873 0.0032948929159802307 0.006589785831960461
8.0 0.6293441195549627 0.4028249227788519 0.004942339373970346 0.008237232289950576
8.0 0.6536694483630462 0.40846971622374134 0.004942339373970346 0.008237232289950576
