7.0 0.37465 0.55707 0.033203125 0.11328125
7.0 0.71797 0.47935 0.01953125 0.06640625
7.0 0.85985 0.4788 0.017578125 0.0625
7.0 0.57608 0.50109 0.021484375 0.08203125
2.0 0.90094 0.77228 0.03515625 0.1484375
2.0 0.16783 0.33207 0.001953125 0.017578125
8.0 0.2063 0.33533 0.00390625 0.015625
7.0 0.31442 0.33641 0.001953125 0.013671875
8.0 0.3226 0.34022 0.00390625 0.015625
8.0 0.74617 0.37989 0.005859375 0.01953125
8.0 0.42166 0.35978 0.005859375 0.01953125
8.0 0.38858 0.35815 0.005859375 0.01953125
8.0 0.45926 0.35924 0.005859375 0.017578125
2.0 0.24095 0.32717 0.00390625 0.01171875
8.0 0.34889 0.35761 0.005859375 0.01953125
8.0 0.70926 0.37609 0.005859375 0.01953125
8.0 0.78203 0.38207 0.0078125 0.01953125
8.0 0.81807 0.38424 0.005859375 0.0234375
2.0 0.16069 0.32717 0.00390625 0.01171875
2.0 0.28169 0.32826 0.001953125 0.009765625
2.0 0.39293 0.33859 0.00390625 0.015625
2.0 0.38928 0.34076 0.00390625 0.01953125
2.0 0.37552 0.33478 0.00390625 0.015625
7.0 0.36873 0.34185 0.00390625 0.017578125
7.0 0.35254 0.33533 0.00390625 0.013671875
7.0 0.34871 0.33641 0.00390625 0.013671875
2.0 0.31894 0.33152 0.00390625 0.013671875
8.0 0.29718 0.35435 0.005859375 0.02734375
7.0 0.29544 0.32989 0.00390625 0.01171875
7.0 0.26079 0.33587 0.00390625 0.013671875
8.0 0.25522 0.33804 0.00390625 0.017578125
7.0 0.21657 0.33152 0.00390625 0.017578125
7.0 0.18959 0.33098 0.001953125 0.015625
