2 0.24112 0.3712 0.01636 0.07065
7 0.06929 0.26413 0.00766 0.03261
2 0.30484 0.46793 0.02403 0.10543
2 0.21483 0.31957 0.01184 0.05
2 0.81825 0.32609 0.00487 0.02174
7 0.14206 0.23424 0.00348 0.01848
2 0.19934 0.28859 0.0094 0.03804
7 0.78917 0.3125 0.00453 0.02065
7 0.08774 0.25109 0.00627 0.02609
7 0.09784 0.23967 0.00487 0.02065
2 0.20386 0.25 0.00383 0.01957
2 0.25487 0.24565 0.00418 0.01739
2 0.54213 0.75761 0.03134 0.17826
2 0.9476 0.36413 0.00662 0.03043
7 0.65843 0.29239 0.00348 0.01739
7 0.8797 0.33152 0.00522 0.02174
2 0.19029 0.27337 0.00592 0.02935
2 0.73137 0.3087 0.00383 0.01957
2 0.89015 0.34293 0.00592 0.025
2 0.40407 0.25815 0.00313 0.0163
7 0.26323 0.24022 0.00279 0.01522
7 0.53482 0.27228 0.00209 0.01413
2 0.18802 0.26033 0.00279 0.025
2 0.31755 0.23261 0.00139 0.00652
2 0.32765 0.25 0.00279 0.01522
2 0.64641 0.29511 0.00383 0.01848
7 0.12082 0.23533 0.00418 0.01848
7 0.18942 0.23478 0.00279 0.01739
7 0.37987 0.25109 0.00348 0.01304
7 0.42949 0.25761 0.00244 0.01304
2 0.48294 0.2712 0.00209 0.0163
2 0.51689 0.25326 0.00174 0.0087
7 0.59714 0.28207 0.00279 0.0163
2 0.55884 0.28152 0.00279 0.01739
7 0.33217 0.24565 0.00279 0.01304
7 0.72458 0.30326 0.00418 0.01739
2 0.50104 0.24674 0.00139 0.00652
2 0.29805 0.23424 0.00139 0.00761
2 0.52542 0.24728 0.00139 0.00761
2 0.63579 0.24891 0.00139 0.00652
2 0.13109 0.21359 0.00174 0.00978
2 0.1337 0.2125 0.00139 0.00978
2 0.13614 0.21141 0.00139 0.00978
2 0.13858 0.21141 0.00139 0.00978
2 0.14415 0.21141 0.00139 0.00978
2 0.29718 0.23043 0.00104 0.0087
8 0.30797 0.23207 0.00104 0.00761
7 0.34471 0.23207 0.00139 0.00761
2 0.46762 0.23261 0.00139 0.00652
2 0.47893 0.24891 0.00104 0.0087
2 0.51375 0.2375 0.00174 0.00978
7 0.52315 0.2462 0.00104 0.00761
7 0.50679 0.24076 0.00104 0.00761
7 0.48816 0.2462 0.00139 0.00761
7 0.48921 0.23859 0.00139 0.00761
7 0.48172 0.26359 0.00174 0.01413
7 0.46379 0.24348 0.00139 0.0087
2 0.47702 0.24511 0.00139 0.00761
2 0.53813 0.25489 0.00174 0.00978
7 0.53482 0.25489 0.00209 0.00978
2 0.73172 0.25598 0.00104 0.00761
2 0.69133 0.25163 0.00104 0.00761
2 0.63962 0.24837 0.00139 0.00761
2 0.31999 0.22826 0.00139 0.00652
2 0.33861 0.2337 0.00104 0.01087
2 0.27559 0.22826 0.00104 0.00652
7 0.33565 0.2288 0.00139 0.00543
2 0.33983 0.23207 0.0007 0.00978
2 0.30205 0.22609 0.00104 0.00652
2 0.29248 0.225 0.0007 0.00652
7 0.29143 0.22717 0.0007 0.00652
7 0.27315 0.22826 0.00104 0.00652
2 0.34175 0.22717 0.00104 0.00652
2 0.47354 0.23641 0.0007 0.00543
2 0.49669 0.23804 0.00104 0.00652
7 0.52246 0.24239 0.00104 0.00652
7 0.47058 0.23859 0.00104 0.00543
7 0.72859 0.25326 0.00104 0.00652
7 0.73033 0.25054 0.00104 0.00543
2 0.71884 0.25435 0.00104 0.00652
2 0.71605 0.25435 0.00104 0.00652
7 0.71379 0.25272 0.0007 0.00543
7 0.69916 0.25163 0.0007 0.00543
7 0.69777 0.25272 0.0007 0.00543
2 0.70073 0.25217 0.00104 0.00652
2 0.69377 0.25109 0.00104 0.00652
2 0.67531 0.24946 0.00104 0.00543
2 0.67288 0.24946 0.00104 0.00543
2 0.66208 0.25217 0.00104 0.00652
2 0.66086 0.24728 0.0007 0.00543
2 0.65024 0.2462 0.00104 0.00543
2 0.64154 0.24402 0.00104 0.00543
2 0.62866 0.25272 0.00104 0.00543
2 0.62883 0.24728 0.0007 0.00543
8 0.64746 0.24674 0.00104 0.00652
7 0.68088 0.25054 0.00104 0.00543
7 0.3212 0.23261 0.00104 0.00652
2 0.31389 0.22772 0.00104 0.00543
2 0.34558 0.22717 0.00104 0.00652
8 0.3118 0.22772 0.00104 0.00543
