2.0 0.574189900132213 0.43434627844956447 0.025039123630672927 0.051643192488262914
7.0 0.5678095216223079 0.38412633858429435 0.017214397496087636 0.03599374021909233
7.0 0.4615267670574478 0.3543638715672373 0.02034428794992175 0.04381846635367762
9.0 0.8008235207273513 0.4826885655793538 0.02190923317683881 0.046948356807511735
7.0 0.6109795037072367 0.37364673052611075 0.010954616588419406 0.02034428794992175
2.0 0.5834956729024285 0.3748040920768266 0.01564945226917058 0.0297339593114241
2.0 0.6518047798541908 0.4462281518428586 0.02034428794992175 0.04381846635367762
2.0 0.5082535191854451 0.4610826715579287 0.03755868544600939 0.07668231611893583
2.0 0.7312589121793576 0.4768958519863996 0.017214397496087636 0.03912363067292645
7.0 0.6446569439157659 0.3980525628729959 0.010954616588419406 0.023474178403755867
7.0 0.7166250302637277 0.4455599514476781 0.014084507042253521 0.026604068857589983
9.0 0.7703168670863634 0.46698561144961015 0.02034428794992175 0.046948356807511735
8.0 0.3722823934111081 0.27698332560784084 0.01564945226917058 0.0297339593114241
8.0 0.4160986346852126 0.2849164309848074 0.012519561815336464 0.026604068857589983
9.0 0.8413205258549457 0.5210183462059796 0.028169014084507043 0.0594679186228482
7.0 0.8452678799304159 0.48807389528976197 0.009389671361502348 0.017214397496087636
7.0 0.799179822165618 0.4589604861837374 0.006259780907668232 0.014084507042253521
7.0 0.3108314134139642 0.3415296863764926 0.03442879499217527 0.06885758998435054
2.0 0.4779095556227501 0.6070866601542699 0.07042253521126761 0.14397496087636932
2.0 0.5469369117708951 0.34313283877193473 0.010954616588419406 0.02190923317683881
2.0 0.8187357528059203 0.5209504466851697 0.018779342723004695 0.03442879499217527
7.0 0.6777816153781256 0.39179119947210994 0.00782472613458529 0.01564945226917058
2.0 0.8196128386588658 0.46702564800749685 0.00782472613458529 0.014084507042253521
2.0 0.6587366567555428 0.3782267211893341 0.00782472613458529 0.014084507042253521
9.0 0.8034568318104105 0.500795511547776 0.026604068857589983 0.0594679186228482
8.0 0.46984932226844417 0.33095134976578633 0.017214397496087636 0.03286384976525822
2.0 0.6134096298977167 0.3566270082748543 0.006259780907668232 0.014084507042253521
7.0 0.6185893841424853 0.36640491395997943 0.00782472613458529 0.017214397496087636
7.0 0.7836787145178608 0.4824489118091756 0.01564945226917058 0.028169014084507043
2.0 0.7089012070506946 0.404036845404241 0.006259780907668232 0.012519561815336464
7.0 0.7160476584391565 0.41168459878396907 0.00782472613458529 0.01564945226917058
8.0 0.49947096562066706 0.3304475831020226 0.012519561815336464 0.028169014084507043
7.0 0.6445024402985479 0.37660631645526815 0.006259780907668232 0.01564945226917058
7.0 0.605274801876945 0.36416077804327557 0.009389671361502348 0.018779342723004695
2.0 0.7560059679729733 0.429824768325398 0.00782472613458529 0.014084507042253521
7.0 0.8524323276553438 0.517586985034246 0.014084507042253521 0.026604068857589983
7.0 0.7517826184562448 0.43171743854831374 0.006259780907668232 0.014084507042253521
2.0 0.5749405153084153 0.340768671711314 0.009389671361502348 0.018779342723004695
1.0 0.31819212701885397 0.2354025595222089 0.009389671361502348 0.02190923317683881
1.0 0.2790385350349466 0.22844252330479498 0.012519561815336464 0.026604068857589983
2.0 0.5508128556273696 0.33475782185670583 0.00782472613458529 0.018779342723004695
