7.0 0.463315992623966 0.39175945698185366 0.07391910739191074 0.08926080892608089
7.0 0.5029193386540661 0.39741641750960655 0.06555090655509066 0.0794979079497908
2.0 0.60589093165264 0.4728651589379599 0.06415620641562064 0.07670850767085077
2.0 0.6362690269626332 0.5102595351243862 0.07391910739191074 0.08786610878661087
8.0 0.5722257785961761 0.44212290637044616 0.06415620641562064 0.07670850767085077
8.0 0.6230135494233047 0.44761531608569727 0.05578800557880056 0.06694560669456066
8.0 0.6191580191269607 0.3995741250184555 0.04602510460251046 0.05578800557880056
8.0 0.6175621567447236 0.3639831961287459 0.030683403068340307 0.03905160390516039
8.0 0.5963518647900923 0.34530875398955907 0.029288702928870293 0.03626220362622036
8.0 0.5748284569882061 0.34628388303251756 0.03765690376569038 0.044630404463040445
8.0 0.5402530359293041 0.3648287951763958 0.04741980474198047 0.05718270571827057
9.0 0.5477122842341546 0.3994733034722601 0.09762900976290098 0.11854951185495119
