7.0 0.482574146054103 0.257043192523842 0.028050490883590462 0.02244039270687237
7.0 0.4823940214760163 0.28739746374995895 0.033660589060308554 0.028050490883590462
7.0 0.4841309498178297 0.31049433784462066 0.037868162692847124 0.030855539971949508
7.0 0.488060187999469 0.36055729568033124 0.05329593267882188 0.043478260869565216
7.0 0.48807477455362636 0.42900594763777916 0.06591865357643759 0.05329593267882188
7.0 0.5345967669792014 0.7635797422571377 0.11079943899018233 0.08835904628330996
7.0 0.5258098292159318 0.5842665046754383 0.12061711079943899 0.09817671809256662
7.0 0.484088514532564 0.2308053327770577 0.023842917251051893 0.019635343618513323
7.0 0.48370184733515514 0.21931373227199003 0.021037868162692847 0.0182328190743338
7.0 0.4826183018647725 0.2103322440663333 0.019635343618513323 0.015427769985974754
7.0 0.48453379885976805 0.20157472160485013 0.0182328190743338 0.014025245441795231
7.0 0.4896256546748157 0.1912981030298127 0.014025245441795231 0.011220196353436185
2.0 0.5516154415238639 0.15392244219072923 0.023842917251051893 0.019635343618513323
2.0 0.541908914814635 0.15273628562842498 0.02244039270687237 0.0182328190743338
7.0 0.5027855022963756 0.16648198363389213 0.016830294530154277 0.014025245441795231
7.0 0.5154372044161513 0.14916465418017935 0.0182328190743338 0.014025245441795231
2.0 0.533054683219084 0.13980397398896757 0.021037868162692847 0.015427769985974754
