9.0 0.4742362408152001 0.3464779435167776 0.03035413153456998 0.08094435075885328
9.0 0.49020649571109015 0.33417578306152856 0.026981450252951095 0.07419898819561552
7.0 0.2001127156347047 0.6192639002863055 0.07082630691399663 0.15008431703204048
7.0 0.4243065023631982 0.40375607544108894 0.023608768971332208 0.06239460370994941
7.0 0.5152448083611911 0.3276567109651374 0.01517706576728499 0.0387858347386172
7.0 0.5350361829926187 0.30520337763411987 0.011804384485666104 0.02866779089376054
2.0 0.6547207079510344 0.2998983664132804 0.01517706576728499 0.04384485666104553
2.0 0.7958378112459898 0.27080732961342785 0.02023608768971332 0.04215851602023609
2.0 0.6586358396459301 0.4514777675878834 0.048903878583473864 0.11298482293423272
7.0 0.5299792502860209 0.28607063304091357 0.01011804384485666 0.021922428330522766
7.0 0.5189230148015246 0.28064688131678517 0.011804384485666104 0.026981450252951095
9.0 0.6517828659287807 0.3351961014445287 0.03035413153456998 0.09780775716694773
9.0 0.6430653452739415 0.3514885314895195 0.04047217537942664 0.11298482293423272
2.0 0.6559607281736614 0.3312944513134901 0.016863406408094434 0.05902192242833052
2.0 0.6355191681331315 0.2853726069685188 0.011804384485666104 0.03035413153456998
2.0 0.6052452736281339 0.277016253703031 0.01011804384485666 0.02866779089376054
2.0 0.7344727326818016 0.25791221456680846 0.013490725126475547 0.03372681281618887
2.0 0.5959986551157376 0.27126465042353687 0.01011804384485666 0.025295109612141653
2.0 0.722239757171696 0.24795286704431846 0.01011804384485666 0.02866779089376054
2.0 0.7146285474332381 0.24297373534431033 0.01011804384485666 0.026981450252951095
7.0 0.8366797299848272 0.23831225680651455 0.01011804384485666 0.02866779089376054
7.0 0.8303354513401602 0.23310973097197252 0.01011804384485666 0.025295109612141653
7.0 0.5346233975885819 0.2668142000770909 0.006745362563237774 0.016863406408094434
7.0 0.5496822552274445 0.25888979485636443 0.00505902192242833 0.01517706576728499
7.0 0.574170587778569 0.2545718411150399 0.00505902192242833 0.013490725126475547
2.0 0.5979142602699334 0.26407964871154765 0.008431703204047217 0.023608768971332208
2.0 0.6071741447143979 0.2571777589253988 0.006745362563237774 0.02023608768971332
2.0 0.6256723784765822 0.250759808180527 0.008431703204047217 0.02023608768971332
2.0 0.6427263290593701 0.24669189829429405 0.006745362563237774 0.02023608768971332
2.0 0.6599589857088001 0.2415491739529501 0.008431703204047217 0.016863406408094434
2.0 0.6463691217352927 0.2313030469701789 0.00505902192242833 0.016863406408094434
2.0 0.6619589870000036 0.23171034613554706 0.006745362563237774 0.01517706576728499
2.0 0.6673978970173875 0.23391629984941958 0.006745362563237774 0.016863406408094434
2.0 0.6712056055123998 0.23746194941504112 0.006745362563237774 0.016863406408094434
7.0 0.5981118818913607 0.2492895067390593 0.006745362563237774 0.013490725126475547
7.0 0.6119894701643632 0.24421233596841024 0.00505902192242833 0.01517706576728499
7.0 0.6176128242612199 0.24005580662347403 0.006745362563237774 0.01517706576728499
2.0 0.716629902705478 0.2341867397959012 0.003372681281618887 0.01517706576728499
2.0 0.7200807233826902 0.2325261959925399 0.008431703204047217 0.02023608768971332
2.0 0.7491954963541703 0.22476229844951107 0.008431703204047217 0.01854974704890388
2.0 0.7731382897564554 0.21948846696677748 0.008431703204047217 0.01854974704890388
2.0 0.7610892909286814 0.2137049634408997 0.008431703204047217 0.016863406408094434
2.0 0.6892655853705336 0.22110029826491454 0.006745362563237774 0.013490725126475547
