7 0.24019 0.53606 0.04266 0.14663
7 0.30738 0.40325 0.02261 0.08293
7 0.36903 0.32632 0.01024 0.04928
2 0.81399 0.63822 0.06655 0.22356
2 0.5802 0.38702 0.01877 0.08173
2 0.51365 0.31971 0.01195 0.05288
2 0.48635 0.29327 0.00939 0.04087
2 0.46672 0.27464 0.00683 0.03245
2 0.45222 0.26382 0.00512 0.02764
2 0.44326 0.25541 0.00427 0.02284
2 0.43686 0.2482 0.00341 0.02043
2 0.43345 0.24519 0.00341 0.01923
7 0.37287 0.29327 0.00853 0.03846
2 0.07978 0.30168 0.00939 0.03606
7 0.12116 0.3125 0.01024 0.03846
9 0.125 0.27885 0.00683 0.03846
9 0.13225 0.27644 0.00683 0.03846
7 0.17534 0.29087 0.00768 0.03125
7 0.20606 0.27764 0.00597 0.02644
9 0.21971 0.26683 0.00683 0.03846
9 0.22654 0.26683 0.00597 0.03846
1 0.84343 0.45733 0.04778 0.17188
1 0.76152 0.39363 0.02986 0.13101
7 0.25064 0.26202 0.00469 0.02163
7 0.27261 0.25421 0.00341 0.01562
7 0.30098 0.2494 0.00384 0.01562
7 0.32914 0.247 0.00384 0.01562
2 0.42854 0.24219 0.00299 0.01562
