7 0.11796 0.66827 0.06783 0.21154
7 0.15038 0.46635 0.03114 0.10577
2 0.31869 0.33173 0.01109 0.04567
2 0.59044 0.29147 0.00768 0.03005
2 0.65358 0.27764 0.00683 0.03125
2 0.48315 0.35457 0.01408 0.0601
2 0.58703 0.38401 0.01877 0.08053
2 0.79927 0.54928 0.05247 0.16587
2 0.06463 0.32632 0.0064 0.03245
7 0.10922 0.3095 0.00768 0.02524
2 0.14718 0.3107 0.00768 0.03245
2 0.15486 0.34315 0.01195 0.04207
7 0.18985 0.29748 0.00597 0.02284
2 0.20414 0.30349 0.00811 0.03005
2 0.23187 0.33353 0.01152 0.04447
2 0.25235 0.29748 0.0064 0.02764
2 0.29693 0.29507 0.00512 0.02764
2 0.33767 0.29627 0.00555 0.03005
2 0.35879 0.29928 0.00683 0.02885
2 0.39078 0.30108 0.00683 0.03245
2 0.39761 0.33474 0.0128 0.04447
2 0.44113 0.30409 0.00853 0.03606
2 0.50789 0.29928 0.00811 0.03606
2 0.88673 0.372 0.02602 0.08293
2 0.86028 0.32933 0.01834 0.0625
2 0.75768 0.28065 0.01024 0.03726
2 0.70392 0.27344 0.00768 0.03005
7 0.91532 0.27644 0.01152 0.04087
7 0.8334 0.26623 0.00725 0.02764
2 0.81165 0.29567 0.01237 0.04567
7 0.63375 0.26082 0.00469 0.02163
7 0.69603 0.25661 0.00469 0.02524
7 0.54842 0.27584 0.00555 0.02524
7 0.45755 0.28365 0.00555 0.02644
7 0.43323 0.28125 0.00469 0.02404
7 0.40913 0.27885 0.00427 0.01923
7 0.37564 0.27464 0.00384 0.01803
7 0.76067 0.25962 0.00597 0.02644
7 0.59044 0.26502 0.00597 0.02524
7 0.50661 0.27644 0.0064 0.02885
7 0.33404 0.27644 0.00597 0.02404
7 0.29309 0.27825 0.00512 0.02284
7 0.24381 0.28666 0.00555 0.02524
