7.0 0.464095147746203 0.5966223610447787 0.10138888888888889 0.08888888888888889
7.0 0.4033803045854127 0.5425793457739263 0.06388888888888888 0.05555555555555555
7.0 0.35857768018845515 0.5435771783556728 0.044444444444444446 0.03888888888888889
7.0 0.32685452991438796 0.561022746002388 0.04027777777777778 0.034722222222222224
2.0 0.2827775929215473 0.5733506694062954 0.029166666666666667 0.02638888888888889
7.0 0.27989606509326165 0.6475319812197331 0.04583333333333333 0.041666666666666664
2.0 0.22659357944727987 0.6787328882461089 0.030555555555555555 0.025
2.0 0.32655408435471256 0.5016411241231492 0.02638888888888889 0.02361111111111111
2.0 0.34859596254791697 0.4771335915952747 0.02638888888888889 0.02361111111111111
2.0 0.3909488156768063 0.4357024537404981 0.030555555555555555 0.027777777777777776
2.0 0.44212629293803996 0.4010238931264484 0.03888888888888889 0.034722222222222224
2.0 0.5485672503241336 0.3673675792489862 0.06944444444444445 0.06111111111111111
2.0 0.7512074268590052 0.35072582574480987 0.1486111111111111 0.13333333333333333
