7.0 0.44665280663511153 0.6425787155326115 0.04596100278551532 0.05153203342618384
7.0 0.4249712088120992 0.6070324912647517 0.02924791086350975 0.033426183844011144
7.0 0.37629160452899535 0.6237993904010902 0.023676880222841225 0.026462395543175487
7.0 0.2874015531236 0.694152836541615 0.025069637883008356 0.027855153203342618
2.0 0.3644880292627401 0.600896458447366 0.01532033426183844 0.016713091922005572
2.0 0.41845630373728193 0.5600892112701064 0.01532033426183844 0.018105849582172703
2.0 0.46327444669899637 0.5309554635146959 0.01532033426183844 0.016713091922005572
2.0 0.5075110782918318 0.5058957487856255 0.016713091922005572 0.018105849582172703
2.0 0.5640661289539565 0.4865955831432184 0.025069637883008356 0.026462395543175487
2.0 0.6454706663340782 0.4705040366531252 0.04178272980501393 0.04456824512534819
