7 0.33878 0.5895 0.03141 0.063
7 0.35865 0.521 0.01603 0.038
7 0.37628 0.49 0.01154 0.026
7 0.38494 0.469 0.00833 0.018
7 0.37532 0.4595 0.00705 0.015
7 0.35032 0.451 0.00577 0.014
2 0.68237 0.605 0.025 0.054
2 0.49679 0.4775 0.00641 0.017
7 0.30385 0.444 0.00513 0.014
7 0.23205 0.439 0.00641 0.014
2 0.58526 0.5355 0.01026 0.029
2 0.53878 0.5005 0.00705 0.021
2 0.47404 0.466 0.00577 0.012
2 0.44167 0.4575 0.00513 0.011
2 0.40224 0.449 0.00449 0.01
2 0.3609 0.443 0.00385 0.01
2 0.31442 0.438 0.00449 0.01
7 0.25609 0.4325 0.00449 0.009
7 0.10481 0.8215 0.03013 0.077
1 0.1516 0.42 0.00577 0.012
