7.0 0.4136748791851366 0.2910812593010861 0.024566473988439308 0.017341040462427744
7.0 0.4183279572868232 0.3069628792869072 0.030346820809248554 0.02023121387283237
2.0 0.4825505782146124 0.1918512750407086 0.031791907514450865 0.023121387283236993
7.0 0.42647544976290863 0.3389982959854558 0.03757225433526012 0.02601156069364162
2.0 0.5030677005130749 0.19400362652474235 0.04046242774566474 0.030346820809248554
7.0 0.42668630205081887 0.3859446019912629 0.046242774566473986 0.030346820809248554
2.0 0.5364262483710199 0.22407561276240767 0.06358381502890173 0.044797687861271675
7.0 0.4315278902479092 0.45072150034507236 0.059248554913294796 0.04190751445086705
2.0 0.5770957072254066 0.2868108001933734 0.09248554913294797 0.06502890173410404
7.0 0.4593549157450619 0.5556076442058141 0.09104046242774566 0.06358381502890173
7.0 0.529989804611423 0.7154248357951467 0.16184971098265896 0.11560693641618497
9.0 0.41176896231817595 0.2700487404171163 0.03468208092485549 0.02167630057803468
9.0 0.4576313007658784 0.1932659510207584 0.046242774566473986 0.031791907514450865
7.0 0.41610980923747 0.2637759876028496 0.01878612716763006 0.01300578034682081
7.0 0.4133360621047274 0.2547929407865042 0.017341040462427744 0.011560693641618497
7.0 0.4131890733935345 0.24559766206084532 0.014450867052023121 0.010115606936416185
7.0 0.41263806664152064 0.23905342362590226 0.015895953757225433 0.011560693641618497
7.0 0.4145218156289075 0.2336194141823881 0.017341040462427744 0.01300578034682081
7.0 0.4174461993325985 0.22337570624328854 0.015895953757225433 0.011560693641618497
7.0 0.42350971175732516 0.20818951221541587 0.017341040462427744 0.010115606936416185
7.0 0.43077494238031017 0.19167305146204963 0.017341040462427744 0.011560693641618497
2.0 0.45704334592110674 0.15648483611812292 0.017341040462427744 0.011560693641618497
7.0 0.44954850535132895 0.1573264711086158 0.017341040462427744 0.011560693641618497
2.0 0.4455715210930867 0.18184258641573045 0.017341040462427744 0.011560693641618497
2.0 0.47553542259699516 0.12359749098343242 0.017341040462427744 0.011560693641618497
7.0 0.46456008811064703 0.13098498299529615 0.017341040462427744 0.011560693641618497
