2 0.7227 0.24639 0.00597 0.02163
2 0.78306 0.2494 0.00469 0.02043
7 0.64654 0.25421 0.00469 0.02284
7 0.68729 0.26502 0.00597 0.02524
2 0.75363 0.25661 0.00725 0.02764
2 0.79693 0.26442 0.00939 0.03125
2 0.90316 0.26502 0.00853 0.02764
7 0.69539 0.28666 0.00939 0.03966
7 0.72163 0.27344 0.00896 0.03486
2 0.84279 0.27344 0.01152 0.03486
2 0.88161 0.29026 0.01408 0.04207
7 0.61284 0.30889 0.01152 0.05048
7 0.66126 0.29868 0.01195 0.04447
7 0.56037 0.32392 0.01408 0.05649
2 0.90081 0.33113 0.02346 0.0613
7 0.5 0.34195 0.01621 0.0637
7 0.46438 0.35697 0.01664 0.06731
2 0.88183 0.36899 0.02645 0.07692
7 0.39718 0.39002 0.02048 0.07812
2 0.83703 0.40385 0.03328 0.08894
2 0.78605 0.44651 0.02944 0.11178
7 0.26408 0.48137 0.03669 0.11418
2 0.74957 0.52043 0.0401 0.14663
2 0.70392 0.2494 0.00597 0.02284
7 0.09087 0.72596 0.06229 0.21154
2 0.89548 0.30829 0.01109 0.04928
7 0.87905 0.25721 0.0064 0.02404
7 0.82082 0.2512 0.00341 0.01923
7 0.72675 0.24279 0.00384 0.01683
7 0.6907 0.24099 0.00427 0.01803
7 0.657 0.23858 0.00427 0.01562
7 0.6346 0.23798 0.00469 0.01683
7 0.6186 0.2482 0.00512 0.02043
7 0.61647 0.23918 0.00341 0.01683
7 0.60772 0.24459 0.00555 0.02043
2 0.67747 0.24459 0.00597 0.02284
2 0.68515 0.24639 0.00427 0.01923
2 0.68345 0.24339 0.00341 0.02043
2 0.69859 0.24399 0.00555 0.01923
2 0.74851 0.24459 0.00384 0.01562
2 0.82445 0.253 0.00469 0.02043
1 0.4648 0.28966 0.01237 0.05048
1 0.62628 0.25601 0.00853 0.03365
1 0.59663 0.2488 0.00725 0.03125
1 0.57359 0.24279 0.00555 0.02644
1 0.55162 0.23798 0.00512 0.02404
1 0.53818 0.23558 0.00469 0.02163
1 0.51045 0.26983 0.00896 0.03726
1 0.49637 0.24099 0.00469 0.02284
1 0.52666 0.23137 0.00384 0.02043
1 0.51706 0.22957 0.00512 0.01923
1 0.51728 0.25721 0.00725 0.03125
1 0.48656 0.23738 0.00469 0.02043
1 0.47846 0.23197 0.00384 0.01683
1 0.50789 0.22656 0.00384 0.01803
1 0.38844 0.32572 0.01493 0.06731
1 0.47227 0.23137 0.00341 0.01562
1 0.46736 0.22837 0.00299 0.01442
1 0.49915 0.22596 0.00341 0.01442
1 0.49339 0.22356 0.00299 0.01442
1 0.48869 0.22236 0.00299 0.01442
1 0.48443 0.22115 0.00299 0.01442
