7.0 0.43002318859494837 0.39138536948633634 0.05578800557880056 0.06555090655509066
7.0 0.5540085272393322 0.4009900422760166 0.03347280334728033 0.03765690376569038
7.0 0.6365660177360096 0.43418695341242775 0.02510460251046025 0.030683403068340307
7.0 0.7003940830555501 0.46186284976688263 0.022315202231520222 0.026499302649930265
7.0 0.7227733950378796 0.47013425153330834 0.016736401673640166 0.019525801952580194
2.0 0.7943464012805469 0.5487822200853303 0.02510460251046025 0.02789400278940028
2.0 0.705199553875475 0.5374885730354504 0.044630404463040445 0.05160390516039052
2.0 0.6701071995561402 0.5830491285800358 0.06694560669456066 0.07670850767085077
2.0 0.6318772410815179 0.6864294310457483 0.11157601115760112 0.13110181311018132
9.0 0.6756367467167883 0.44106093917779315 0.03905160390516039 0.04602510460251046
9.0 0.6874330639498948 0.44564932143124225 0.03905160390516039 0.04602510460251046
7.0 0.7293927554065539 0.45577325633153176 0.01394700139470014 0.015341701534170154
7.0 0.7316493408663558 0.4639204153392827 0.016736401673640166 0.019525801952580194
7.0 0.7500668858970827 0.46275971167865065 0.01394700139470014 0.015341701534170154
9.0 0.7452655096065404 0.5268453760245517 0.05439330543933055 0.06555090655509066
9.0 0.7590374791213117 0.531849559295815 0.04881450488145049 0.058577405857740586
2.0 0.7668886566996976 0.5442125458531981 0.03207810320781032 0.03765690376569038
2.0 0.7966792003482869 0.5365737507200442 0.02510460251046025 0.029288702928870293
2.0 0.7848762562460946 0.5147772532671334 0.019525801952580194 0.023709902370990237
2.0 0.7860862247583082 0.5070964105236362 0.015341701534170154 0.01813110181311018
2.0 0.7950245264838074 0.5073852040948128 0.015341701534170154 0.01813110181311018
