8.0 0.5311709707239792 0.7840426204712913 0.11894882434301521 0.11756569847856155
9.0 0.4759890115383996 0.7414944681190765 0.14661134163208853 0.14384508990318118
9.0 0.47083969073357507 0.701849185633378 0.11479944674965421 0.11341632088520055
8.0 0.4656784189805059 0.6543462251058192 0.06085753803596127 0.059474412171507604
2.0 0.4482906296721881 0.6348773040422551 0.04702627939142462 0.04564315352697095
8.0 0.4583875430796443 0.6079271535337992 0.04702627939142462 0.04564315352697095
8.0 0.44616090334861813 0.5759878410251583 0.0318118948824343 0.0318118948824343
8.0 0.42680470114151436 0.5742973784104354 0.02627939142461964 0.02627939142461964
8.0 0.49389491415416803 0.47933750417092913 0.02627939142461964 0.02627939142461964
8.0 0.5248763141741873 0.46674696065481724 0.03319502074688797 0.03319502074688797
8.0 0.5528721850714762 0.46961379381250373 0.04426002766251729 0.04426002766251729
7.0 0.5787860522205596 0.44989486906590753 0.04979253112033195 0.04979253112033195
8.0 0.5980313165476476 0.46445336804141557 0.059474412171507604 0.058091286307053944
8.0 0.5654485573834558 0.37525989548514915 0.02627939142461964 0.02627939142461964
9.0 0.6397519414836614 0.4579807111847552 0.10926694329183956 0.10650069156293222
9.0 0.6763136792853769 0.45234432681766196 0.13831258644536654 0.13692946058091288
8.0 0.7643314505688815 0.4901274534169793 0.12309820193637622 0.12171507607192254
7.0 0.8296944956864956 0.5094000145761097 0.07745504840940526 0.07607192254495158
