9 0.38844 0.33594 0.03882 0.18149
9 0.4134 0.30529 0.02816 0.15625
7 0.48592 0.24159 0.01451 0.0601
7 0.5416 0.21214 0.01152 0.04928
7 0.57828 0.19832 0.00981 0.04087
7 0.62073 0.1893 0.00853 0.03486
7 0.66489 0.1881 0.00725 0.03486
7 0.7003 0.1887 0.00811 0.03365
7 0.7372 0.1869 0.00853 0.03486
7 0.78157 0.1887 0.00853 0.03606
7 0.87735 0.19832 0.00981 0.03846
2 0.89441 0.23858 0.02346 0.06611
2 0.81677 0.23858 0.02005 0.06611
2 0.7805 0.247 0.0192 0.07091
2 0.73123 0.2476 0.01109 0.0649
2 0.69817 0.27584 0.01578 0.08053
9 0.70947 0.3131 0.03242 0.16707
9 0.73805 0.34736 0.05034 0.19712
