2.0 0.5630108255438336 0.2574293679011558 0.005671077504725898 0.017013232514177693
7.0 0.511852609235149 0.2597969244905155 0.007561436672967864 0.01890359168241966
2.0 0.5759507469238404 0.27327657418588935 0.003780718336483932 0.024574669187145556
2.0 0.7747802104652954 0.2523681918035454 0.005671077504725898 0.020793950850661626
2.0 0.8529132824788049 0.2595276386151778 0.007561436672967864 0.022684310018903593
7.0 0.4922559430264733 0.29016436565829135 0.007561436672967864 0.02835538752362949
2.0 0.5847388812040538 0.2880969349123428 0.007561436672967864 0.034026465028355386
7.0 0.47505443190899316 0.3181238769270898 0.011342155009451797 0.04158790170132325
2.0 0.6040722415988837 0.3153616926646845 0.013232514177693762 0.043478260869565216
7.0 0.4383577105173608 0.37353224035568483 0.01890359168241966 0.062381852551984876
2.0 0.6411145250806543 0.3705193225416852 0.01890359168241966 0.06805293005671077
7.0 0.3438854914870205 0.5135963356450921 0.03969754253308128 0.12287334593572778
2.0 0.782027257552148 0.5780385780414492 0.05103969754253308 0.17580340264650285
7.0 0.5051648145794656 0.2693469934636584 0.005671077504725898 0.020793950850661626
7.0 0.5281815804962672 0.2539970534587522 0.005671077504725898 0.015122873345935728
7.0 0.5485290087714094 0.2509525318275649 0.005671077504725898 0.015122873345935728
2.0 0.5693541803065199 0.26186611609046545 0.007561436672967864 0.01890359168241966
2.0 0.7372915446114006 0.24960013415363577 0.007561436672967864 0.017013232514177693
2.0 0.6982603061657263 0.24398058277545215 0.003780718336483932 0.015122873345935728
2.0 0.6818397958054159 0.24105788123396985 0.001890359168241966 0.015122873345935728
2.0 0.9039097039858702 0.26472935659374797 0.005671077504725898 0.026465028355387523
7.0 0.8294192331278404 0.25510873356817354 0.005671077504725898 0.01890359168241966
7.0 0.8815726986251651 0.25794575744012754 0.007561436672967864 0.020793950850661626
1.0 0.8689478044117901 0.2630448914795923 0.00945179584120983 0.030245746691871456
1.0 0.8073363609134868 0.2558798844584867 0.007561436672967864 0.024574669187145556
2.0 0.8156280820070354 0.25676216033606 0.007561436672967864 0.01890359168241966
1.0 0.7438980280640523 0.24936943066783468 0.005671077504725898 0.024574669187145556
2.0 0.6046907970738702 0.25015346358408064 0.005671077504725898 0.017013232514177693
2.0 0.5812480910463875 0.25330607469617034 0.005671077504725898 0.017013232514177693
2.0 0.6308741130645354 0.2428376420929537 0.001890359168241966 0.015122873345935728
1.0 0.6377448622323197 0.24435061171363595 0.003780718336483932 0.01890359168241966
