8.0 0.7718839403588583 0.3976350853295605 0.12962962962962962 0.15527065527065528
8.0 0.4933199165390404 0.5265365376083461 0.0868945868945869 0.10256410256410256
7.0 0.44019580200799924 0.5906794727560332 0.0868945868945869 0.10113960113960115
8.0 0.3883452364747454 0.7995147627751289 0.12962962962962962 0.1467236467236467
8.0 0.3734045225484877 0.5982741506422887 0.07264957264957266 0.08404558404558404
9.0 0.2950455582914803 0.6175162408914213 0.08547008547008547 0.09971509971509972
9.0 0.2628268262123224 0.6231165122371154 0.0584045584045584 0.06837606837606838
8.0 0.2522943614695924 0.6419529609365652 0.039886039886039885 0.04415954415954416
7.0 0.24723396163238412 0.640611534630694 0.04700854700854701 0.05270655270655271
8.0 0.5202306092624162 0.34957656170309265 0.05413105413105413 0.0641025641025641
2.0 0.4975767292057606 0.3569344333901872 0.04985754985754986 0.0584045584045584
8.0 0.4382357676212181 0.41073079754182107 0.04700854700854701 0.05555555555555555
9.0 0.3791689336053436 0.4430905012494391 0.0641025641025641 0.07692307692307693
9.0 0.36135914886090276 0.45785889599016005 0.05698005698005698 0.0698005698005698
8.0 0.34258070550809155 0.49354530181407613 0.038461538461538464 0.045584045584045586
2.0 0.3181886055169537 0.5153999813117204 0.038461538461538464 0.045584045584045586
