7.0 0.6499734136777039 0.25174400233577027 0.006745362563237774 0.02023608768971332
2.0 0.7978819628934215 0.22407686065458368 0.008431703204047217 0.01854974704890388
2.0 0.5598949029921818 0.2881689606684246 0.01011804384485666 0.023608768971332208
2.0 0.584203554502655 0.27756149620975934 0.008431703204047217 0.023608768971332208
2.0 0.6086090785963788 0.2716800373151321 0.01011804384485666 0.021922428330522766
2.0 0.6384421565437097 0.26694569626163006 0.008431703204047217 0.021922428330522766
2.0 0.6742670662680448 0.25905069157721156 0.01011804384485666 0.023608768971332208
2.0 0.7193331216622865 0.24951745632009475 0.008431703204047217 0.023608768971332208
2.0 0.7868165234199667 0.23446209880308025 0.008431703204047217 0.02023608768971332
2.0 0.547649781832474 0.2971841020082821 0.011804384485666104 0.02866779089376054
2.0 0.5166903002131672 0.32740183175123977 0.011804384485666104 0.03541315345699832
2.0 0.5288597618276848 0.3157698536995921 0.013490725126475547 0.03541315345699832
2.0 0.5574436845409776 0.373959204754919 0.025295109612141653 0.06070826306913996
7.0 0.3317842321681624 0.44009466626187893 0.025295109612141653 0.0657672849915683
7.0 0.31714275825113447 0.557536205927609 0.05227655986509275 0.12141652613827993
7.0 0.3485170877045885 0.39288709177896847 0.01854974704890388 0.050590219224283306
7.0 0.3979746577776226 0.3572947406668862 0.01517706576728499 0.03709949409780776
7.0 0.43553558000561565 0.3316993894011743 0.011804384485666104 0.03035413153456998
7.0 0.4612156515024817 0.31400287775810487 0.011804384485666104 0.02866779089376054
7.0 0.48090795316545343 0.3026225265529337 0.01011804384485666 0.023608768971332208
7.0 0.5381452031622767 0.2761966526097058 0.006745362563237774 0.016863406408094434
7.0 0.5581001396317571 0.2716259878994309 0.006745362563237774 0.016863406408094434
7.0 0.570346526382388 0.2678885129805308 0.006745362563237774 0.016863406408094434
7.0 0.594469234523895 0.2636350286874274 0.00505902192242833 0.016863406408094434
7.0 0.6200445834295883 0.2580733336219388 0.008431703204047217 0.02023608768971332
2.0 0.7989551622345092 0.4836439596122187 0.06913996627318718 0.1399662731871838
2.0 0.6234157636552519 0.4044795257964162 0.03709949409780776 0.08263069139966273
2.0 0.5173964595394159 0.34940587710311394 0.02023608768971332 0.047217537942664416
2.0 0.7563421540230117 0.23983555234783982 0.011804384485666104 0.025295109612141653
2.0 0.7609818603754356 0.22373611548049263 0.006745362563237774 0.016863406408094434
2.0 0.7676078346898534 0.2209896709168063 0.006745362563237774 0.013490725126475547
2.0 0.754547390662587 0.22329257957884607 0.008431703204047217 0.01854974704890388
2.0 0.8031436661336567 0.2273661317168141 0.01011804384485666 0.023608768971332208
2.0 0.7814722454209013 0.22434015905983679 0.006745362563237774 0.01517706576728499
7.0 0.7035810485405593 0.23227932080297792 0.006745362563237774 0.016863406408094434
1.0 0.7100683978480911 0.3486254563945537 0.04215851602023609 0.09106239460370995
1.0 0.6245942560814916 0.3210178396719372 0.02866779089376054 0.06408094435075885
1.0 0.1796551127224862 0.5053810973325756 0.05227655986509275 0.11804384485666104
1.0 0.3075421125448306 0.38957384079279866 0.025295109612141653 0.05902192242833052
7.0 0.4996847956282878 0.29246443377530323 0.006745362563237774 0.01854974704890388
7.0 0.5131110977637422 0.2848278921373318 0.006745362563237774 0.01854974704890388
