2.0 0.7389047569729195 0.4928552738736254 0.013831258644536652 0.013831258644536652
2.0 0.7664975532968576 0.525570391633906 0.013831258644536652 0.012448132780082987
7.0 0.6980720976408321 0.4571875900303485 0.013831258644536652 0.015214384508990318
7.0 0.7121542218799999 0.48351350094872675 0.016597510373443983 0.015214384508990318
2.0 0.748549742472846 0.5138103031049268 0.016597510373443983 0.015214384508990318
2.0 0.7654171728594338 0.5400080064324032 0.02074688796680498 0.02074688796680498
2.0 0.8164117167972698 0.5953159762835644 0.016597510373443983 0.016597510373443983
7.0 0.7048585353213489 0.49815996521065253 0.024896265560165973 0.02351313969571231
7.0 0.7243783638781456 0.5053652872562348 0.02074688796680498 0.019363762102351315
2.0 0.7828943136820851 0.5681159608633545 0.02351313969571231 0.022130013831258646
2.0 0.7929316431746336 0.5963449095686255 0.029045643153526972 0.027662517289073305
7.0 0.6534765682480452 0.46614231464837 0.0318118948824343 0.030428769017980636
7.0 0.6821496176623358 0.486288730697879 0.029045643153526972 0.027662517289073305
7.0 0.6203511596104775 0.4462262275023452 0.035961272475795295 0.034578146611341634
2.0 0.7810373398229719 0.6260276415077448 0.042876901798063624 0.042876901798063624
7.0 0.5818565860317371 0.4236674986256798 0.04149377593360996 0.040110650069156296
7.0 0.5568743043414494 0.41247346241050625 0.04426002766251729 0.042876901798063624
2.0 0.7522623874455839 0.6344826272663617 0.05255878284923928 0.051175656984785614
7.0 0.5073019901326342 0.39363149207889314 0.04979253112033195 0.048409405255878286
2.0 0.7125710451448191 0.628116135293486 0.06085753803596127 0.059474412171507604
2.0 0.6658552407779936 0.622316045149421 0.07330567081604426 0.07053941908713693
7.0 0.39570784228751443 0.3688156894830055 0.07607192254495158 0.07330567081604426
2.0 0.6099523714986441 0.6391231963240617 0.09681881051175657 0.09266943291839558
2.0 0.7282757617197384 0.4845825383055184 0.013831258644536652 0.013831258644536652
7.0 0.18537658673200313 0.3972357289932098 0.1396957123098202 0.13416320885200553
2.0 0.7902923362964912 0.6122362467912714 0.030428769017980636 0.029045643153526972
7.0 0.8088123705699556 0.5790570764103684 0.015214384508990318 0.013831258644536652
7.0 0.7838020354040214 0.5459962264395509 0.012448132780082987 0.011065006915629323
7.0 0.7427252589677329 0.49321416136796886 0.009681881051175657 0.009681881051175657
7.0 0.7262466457460491 0.47367396251369565 0.012448132780082987 0.011065006915629323
7.0 0.7112189271508065 0.455056257498943 0.009681881051175657 0.009681881051175657
7.0 0.7007112771719028 0.44316516589542826 0.011065006915629323 0.012448132780082987
7.0 0.6876907499258827 0.4398144084613109 0.013831258644536652 0.013831258644536652
7.0 0.6913336362155313 0.43435491026046336 0.009681881051175657 0.009681881051175657
7.0 0.6843057746688246 0.4324359840007821 0.013831258644536652 0.012448132780082987
2.0 0.7179925318397125 0.46856060833304186 0.015214384508990318 0.013831258644536652
2.0 0.7207694489905994 0.4734075370467243 0.012448132780082987 0.011065006915629323
2.0 0.7215021570308325 0.47107818747141955 0.011065006915629323 0.009681881051175657
2.0 0.7285034864784008 0.47920921064981303 0.012448132780082987 0.012448132780082987
2.0 0.7523023129066642 0.5053533439970379 0.009681881051175657 0.009681881051175657
2.0 0.7846229472998243 0.5487455963210376 0.012448132780082987 0.012448132780082987
1.0 0.5919380592061975 0.38018266265490885 0.03319502074688797 0.0318118948824343
1.0 0.6873549933529431 0.44756395238068564 0.02074688796680498 0.019363762102351315
1.0 0.6767692756657571 0.4287255777476591 0.019363762102351315 0.019363762102351315
1.0 0.6687544528273288 0.4138901834076979 0.016597510373443983 0.015214384508990318
1.0 0.6606349028344077 0.40018851604466243 0.015214384508990318 0.013831258644536652
1.0 0.6553868609995789 0.392068613991104 0.013831258644536652 0.012448132780082987
1.0 0.6242556472400288 0.39424833586019853 0.022130013831258646 0.022130013831258646
1.0 0.6323922010002622 0.37302739267157303 0.015214384508990318 0.015214384508990318
1.0 0.6520035380724132 0.3840689448872033 0.012448132780082987 0.012448132780082987
1.0 0.6482993295413385 0.3782276179123318 0.012448132780082987 0.012448132780082987
1.0 0.6340903900436171 0.391690691540381 0.019363762102351315 0.019363762102351315
1.0 0.6295239975019545 0.36620313807535265 0.012448132780082987 0.012448132780082987
1.0 0.6284139112589916 0.35939518376157764 0.011065006915629323 0.009681881051175657
1.0 0.6454294737131386 0.3720246079594831 0.009681881051175657 0.011065006915629323
1.0 0.536382865930351 0.35805030637635493 0.04149377593360996 0.040110650069156296
1.0 0.6257351119430283 0.35589950664445624 0.009681881051175657 0.009681881051175657
1.0 0.62491750470701 0.351907647476226 0.009681881051175657 0.009681881051175657
1.0 0.6415191155328633 0.3672082456517199 0.008298755186721992 0.009681881051175657
1.0 0.6399802392187861 0.3630659366429178 0.009681881051175657 0.009681881051175657
1.0 0.638331806107611 0.36005217545343127 0.008298755186721992 0.008298755186721992
1.0 0.6369010564286726 0.3572614675561953 0.008298755186721992 0.008298755186721992
