7.0 0.5378367284874223 0.21739005303641573 0.015214384508990318 0.017980636237897647
7.0 0.5541351655224952 0.20501142093949717 0.015214384508990318 0.017980636237897647
7.0 0.5966688441842665 0.1730127514301455 0.022130013831258646 0.022130013831258646
7.0 0.3793918927358837 0.3841062224082449 0.016597510373443983 0.019363762102351315
7.0 0.3840536006147304 0.3730382206825991 0.017980636237897647 0.017980636237897647
2.0 0.427682025839663 0.34292213778711583 0.019363762102351315 0.02074688796680498
2.0 0.43686398774390295 0.3237722715656817 0.017980636237897647 0.019363762102351315
2.0 0.5512531151907527 0.22077583858883706 0.02074688796680498 0.02351313969571231
2.0 0.5868036160304282 0.19907666012262215 0.022130013831258646 0.02351313969571231
7.0 0.38024743613941675 0.4085407240126125 0.02074688796680498 0.02351313969571231
2.0 0.4378941057329006 0.3497553192334475 0.022130013831258646 0.02351313969571231
2.0 0.4604430895999411 0.3580874852394903 0.030428769017980636 0.0318118948824343
7.0 0.38210315348095175 0.43092162707625764 0.03319502074688797 0.034578146611341634
7.0 0.3909825180109488 0.47103020826872727 0.04149377593360996 0.04426002766251729
2.0 0.4996825987354035 0.37028791512210635 0.04564315352697095 0.048409405255878286
7.0 0.4209567903947424 0.7801946763503652 0.14522821576763487 0.15352697095435686
9.0 0.39080560033328604 0.5250201750422228 0.10096818810511757 0.10650069156293222
9.0 0.39052341763964443 0.5012224550177717 0.08575380359612725 0.09266943291839558
7.0 0.3783350915552588 0.39422489808869027 0.019363762102351315 0.019363762102351315
9.0 0.5397846872241925 0.37712811125476325 0.09820193637621023 0.10650069156293222
9.0 0.5208362266471739 0.3741493928185629 0.08160442600276625 0.08852005532503458
2.0 0.8404359571917274 0.4288422830559033 0.0954356846473029 0.1037344398340249
2.0 0.5228239970295319 0.24293347638857607 0.017980636237897647 0.017980636237897647
2.0 0.49765720249375156 0.26216323404085373 0.016597510373443983 0.016597510373443983
2.0 0.47498041052795853 0.28258150923855446 0.015214384508990318 0.015214384508990318
2.0 0.45388267102936364 0.30272150785188223 0.015214384508990318 0.016597510373443983
7.0 0.39294160535727146 0.3598801071333555 0.015214384508990318 0.016597510373443983
7.0 0.4034189189045788 0.3475875200338569 0.011065006915629323 0.012448132780082987
7.0 0.42291105130211254 0.324309652736182 0.011065006915629323 0.012448132780082987
7.0 0.4365779319653006 0.30856388294566617 0.012448132780082987 0.012448132780082987
7.0 0.455433779289974 0.290442493112617 0.011065006915629323 0.012448132780082987
7.0 0.47759444806018203 0.26877367436270105 0.011065006915629323 0.011065006915629323
7.0 0.4893883190944731 0.25929793382874866 0.009681881051175657 0.011065006915629323
7.0 0.5017925308394449 0.24870088572887464 0.011065006915629323 0.011065006915629323
7.0 0.5152069176983675 0.23605076322769974 0.011065006915629323 0.012448132780082987
7.0 0.5773916153185256 0.18750174541689352 0.016597510373443983 0.017980636237897647
