7.0 0.5519700544517679 0.2718630714600288 0.017241379310344827 0.01293103448275862
7.0 0.5739391382801408 0.30328741395019787 0.01293103448275862 0.008620689655172414
2.0 0.5847596794525574 0.33101712083889484 0.020114942528735632 0.01293103448275862
2.0 0.5972598643398048 0.3499263801049039 0.01867816091954023 0.01293103448275862
2.0 0.6105697273486091 0.3739380085889073 0.01867816091954023 0.014367816091954023
2.0 0.6237913979071242 0.4005217870961655 0.01867816091954023 0.01293103448275862
2.0 0.646139525978911 0.44357013079382124 0.021551724137931036 0.014367816091954023
7.0 0.6875356399429737 0.5054896743664876 0.017241379310344827 0.011494252873563218
7.0 0.7162703521907194 0.5609701387157113 0.01867816091954023 0.014367816091954023
7.0 0.7572288374769023 0.6412493004211897 0.021551724137931036 0.015804597701149427
7.0 0.5086507470421018 0.2201606094051913 0.021551724137931036 0.017241379310344827
7.0 0.531278715346839 0.24547509488522926 0.01867816091954023 0.01293103448275862
2.0 0.5520673881134701 0.2911877872007188 0.02442528735632184 0.015804597701149427
2.0 0.5534591926055039 0.3009971850410487 0.022988505747126436 0.01867816091954023
2.0 0.5618127058738213 0.31879857531661726 0.02442528735632184 0.017241379310344827
2.0 0.5845984695939034 0.36447244386344535 0.028735632183908046 0.020114942528735632
2.0 0.7546094648626472 0.6629714643737069 0.031609195402298854 0.022988505747126436
2.0 0.6019162193563137 0.40026658047405844 0.031609195402298854 0.022988505747126436
2.0 0.6145057389154169 0.4393965427261575 0.034482758620689655 0.02442528735632184
7.0 0.4950025973973384 0.25571731259052927 0.035919540229885055 0.02586206896551724
7.0 0.5120296403684965 0.31015129506381 0.04310344827586207 0.03017241379310345
7.0 0.5202496744748063 0.3578011910145745 0.05172413793103448 0.035919540229885055
2.0 0.6023667421645195 0.5460633805933944 0.06321839080459771 0.04597701149425287
7.0 0.42027177513416214 0.34522628760800256 0.08908045977011494 0.0617816091954023
7.0 0.47901961875745913 0.21685348636677376 0.031609195402298854 0.021551724137931036
7.0 0.48319658329852383 0.2034189730939924 0.027298850574712645 0.01867816091954023
2.0 0.5710324802883581 0.3108198606560263 0.020114942528735632 0.014367816091954023
2.0 0.553800702757887 0.6608944988083651 0.11925287356321838 0.08477011494252873
2.0 0.6172523292701119 0.48811227205422403 0.04454022988505747 0.033045977011494254
7.0 0.5933001388367877 0.3318426589086873 0.014367816091954023 0.008620689655172414
7.0 0.6274041044061661 0.39062141439466336 0.014367816091954023 0.011494252873563218
7.0 0.6429911746642863 0.42056206911523686 0.014367816091954023 0.010057471264367816
7.0 0.6654906571969502 0.4629882193132959 0.017241379310344827 0.011494252873563218
