7 0.27261 0.41707 0.02133 0.08173
2 0.44795 0.3149 0.01109 0.04808
2 0.53413 0.33173 0.01365 0.0625
2 0.57935 0.28125 0.00853 0.03846
2 0.62201 0.29087 0.01109 0.04808
2 0.64505 0.35817 0.02048 0.07212
7 0.29629 0.59075 0.04394 0.16466
7 0.24232 0.37861 0.02048 0.06971
7 0.16894 0.36418 0.01706 0.0601
7 0.06997 0.37981 0.01536 0.05288
2 0.06271 0.34375 0.00597 0.04327
2 0.16041 0.32212 0.01109 0.04327
2 0.25597 0.30529 0.01024 0.03846
2 0.33362 0.30288 0.01024 0.03846
2 0.39121 0.30709 0.00939 0.04207
2 0.70201 0.30709 0.01493 0.05649
2 0.88737 0.51442 0.05461 0.15865
2 0.83532 0.3149 0.02048 0.06971
7 0.88993 0.26683 0.01365 0.05288
7 0.80247 0.26983 0.01195 0.04447
7 0.71139 0.26502 0.00896 0.03966
7 0.67235 0.25962 0.00853 0.03365
7 0.63652 0.2524 0.00683 0.02885
7 0.59471 0.24519 0.00597 0.02404
7 0.55034 0.24519 0.00512 0.02163
2 0.55375 0.27284 0.00683 0.03365
2 0.51365 0.26683 0.00683 0.03125
7 0.51195 0.24519 0.00427 0.02163
2 0.40102 0.26983 0.00597 0.02524
2 0.35218 0.27344 0.00555 0.02524
9 0.2773 0.26683 0.00683 0.03606
9 0.27005 0.26562 0.00683 0.03606
2 0.31485 0.27644 0.00683 0.02644
2 0.28754 0.27404 0.00683 0.02404
2 0.47398 0.26202 0.00768 0.02885
2 0.43878 0.26382 0.0064 0.02524
