2 0.46502 0.25481 0.00427 0.01923
2 0.48933 0.25721 0.00427 0.01923
2 0.5177 0.25962 0.00469 0.02404
7 0.76301 0.26923 0.00469 0.02404
7 0.43387 0.27344 0.00597 0.02764
2 0.54416 0.27284 0.0064 0.02885
2 0.55759 0.29267 0.00853 0.03726
2 0.68387 0.27764 0.00683 0.03125
7 0.78221 0.27885 0.0064 0.02885
7 0.42513 0.29387 0.00725 0.03486
2 0.74744 0.29267 0.01109 0.03966
7 0.40145 0.32632 0.01195 0.04447
2 0.57637 0.32392 0.0128 0.04928
2 0.8558 0.31731 0.01536 0.05048
9 0.37457 0.33774 0.01536 0.09135
2 0.63439 0.39483 0.02218 0.08293
7 0.32978 0.40986 0.02474 0.08173
7 0.84386 0.29447 0.01024 0.03606
9 0.36092 0.35096 0.02389 0.10337
9 0.59706 0.32392 0.01323 0.09014
9 0.60836 0.33353 0.02048 0.09495
7 0.37457 0.26202 0.00427 0.02163
7 0.36156 0.25901 0.00384 0.02043
2 0.4471 0.253 0.00427 0.01803
2 0.43003 0.2512 0.00341 0.01683
2 0.42662 0.2488 0.00341 0.01683
2 0.43878 0.24279 0.00299 0.01442
2 0.44497 0.24038 0.00256 0.01442
2 0.67022 0.26623 0.00512 0.02764
2 0.67235 0.25901 0.00427 0.02524
2 0.70137 0.25361 0.00512 0.02163
2 0.70563 0.25 0.00427 0.01923
7 0.77581 0.26322 0.00469 0.02163
7 0.75789 0.253 0.00384 0.01803
1 0.66852 0.30048 0.01365 0.05769
1 0.64718 0.253 0.00597 0.03005
1 0.81591 0.38882 0.03456 0.11418
1 0.9102 0.32752 0.02432 0.07332
1 0.88375 0.28846 0.01323 0.04567
1 0.87287 0.28486 0.00939 0.04087
1 0.52261 0.2512 0.00597 0.02644
7 0.39868 0.26623 0.00384 0.02284
