7.0 0.3366661092754445 0.4499683368083106 0.05532503457814661 0.05255878284923928
7.0 0.4713560211408419 0.4993955599360961 0.034578146611341634 0.03319502074688797
7.0 0.5470951185134885 0.5318128349813628 0.022130013831258646 0.022130013831258646
7.0 0.5768586840882182 0.5388096893925958 0.017980636237897647 0.017980636237897647
7.0 0.5859689171457029 0.5340421654253809 0.016597510373443983 0.016597510373443983
7.0 0.5942438756659608 0.5325323628484764 0.011065006915629323 0.011065006915629323
2.0 0.5598275623112298 0.6887605158689903 0.07053941908713693 0.06915629322268327
2.0 0.6364906538290405 0.6681738856357143 0.04426002766251729 0.04149377593360996
2.0 0.6665949654925966 0.659960731734496 0.029045643153526972 0.027662517289073305
2.0 0.6659232673719866 0.6332814007604183 0.019363762102351315 0.017980636237897647
2.0 0.6582164312448923 0.606326334337028 0.016597510373443983 0.015214384508990318
2.0 0.6547806504499585 0.5912199404301779 0.012448132780082987 0.012448132780082987
2.0 0.6472132372230546 0.573759635016116 0.009681881051175657 0.009681881051175657
2.0 0.6426289539394341 0.5631326080209424 0.009681881051175657 0.009681881051175657
2.0 0.6296818261173251 0.5482101523427447 0.006915629322268326 0.006915629322268326
2.0 0.6144116402021415 0.5307965218539639 0.008298755186721992 0.006915629322268326
