2.0 0.17575943253978984 0.6037113907699577 0.019363762102351315 0.019363762102351315
7.0 0.5185343887109819 0.24174778575328212 0.02074688796680498 0.017980636237897647
7.0 0.5089436356645228 0.22020684711743388 0.009681881051175657 0.009681881051175657
7.0 0.5358206003684683 0.21821607724578382 0.019363762102351315 0.017980636237897647
2.0 0.5858845482663321 0.16266001636906827 0.019363762102351315 0.017980636237897647
7.0 0.2382606345258866 0.5566547378565474 0.022130013831258646 0.019363762102351315
7.0 0.43341321169028674 0.35487618624607137 0.022130013831258646 0.02074688796680498
7.0 0.44225886040387186 0.34101888988485374 0.02351313969571231 0.022130013831258646
7.0 0.4607814605682757 0.31616131702910333 0.022130013831258646 0.02074688796680498
7.0 0.48065848985408943 0.2923537465737649 0.022130013831258646 0.02074688796680498
7.0 0.5015540968675117 0.2655744519746995 0.02074688796680498 0.02074688796680498
2.0 0.6092154453069777 0.18007850308685563 0.02627939142461964 0.024896265560165973
7.0 0.40279598163061436 0.41203794203683175 0.02627939142461964 0.02627939142461964
2.0 0.5337957499913424 0.2877874705602369 0.035961272475795295 0.03319502074688797
2.0 0.5870086867381402 0.2163734343504284 0.03319502074688797 0.03319502074688797
7.0 0.4039265984686078 0.43953618327395094 0.03319502074688797 0.0318118948824343
2.0 0.5161074077089516 0.3167345437692001 0.03734439834024896 0.034578146611341634
2.0 0.5294625196664082 0.34922224972902927 0.048409405255878286 0.04702627939142462
7.0 0.41944895327340986 0.5015151843165357 0.056708160442600276 0.05394190871369295
7.0 0.44219944872339545 0.6193944777164576 0.0954356846473029 0.09266943291839558
7.0 0.41932600311437035 0.3774694501466089 0.024896265560165973 0.02351313969571231
7.0 0.4976484373764574 0.24168547980712446 0.012448132780082987 0.012448132780082987
2.0 0.5985206074522653 0.37313586973965995 0.07745504840940526 0.07468879668049792
2.0 0.5594242794107354 0.2540636884152933 0.034578146611341634 0.03319502074688797
2.0 0.560618176565633 0.18164528403437097 0.016597510373443983 0.015214384508990318
2.0 0.5317440618388902 0.20449938243461238 0.013831258644536652 0.013831258644536652
2.0 0.5323455106254924 0.199482908114279 0.011065006915629323 0.011065006915629323
2.0 0.5214273410251513 0.21181422811467426 0.013831258644536652 0.012448132780082987
2.0 0.5222482529209543 0.20906485823318754 0.012448132780082987 0.011065006915629323
2.0 0.5167859271345351 0.21492248549050452 0.013831258644536652 0.013831258644536652
7.0 0.47742055838074005 0.2540112088402525 0.011065006915629323 0.009681881051175657
7.0 0.4818394266703044 0.24553445345132205 0.009681881051175657 0.009681881051175657
2.0 0.22310165667701287 0.5679266189756619 0.022130013831258646 0.02074688796680498
7.0 0.518692176457439 0.2284744643376301 0.017980636237897647 0.016597510373443983
7.0 0.4936898446405103 0.23407246911985288 0.009681881051175657 0.009681881051175657
1.0 0.5883458424791743 0.3041658639778374 0.07745504840940526 0.07468879668049792
1.0 0.48949221913711066 0.2473064866787273 0.02074688796680498 0.022130013831258646
1.0 0.48487085537313546 0.2560107754875083 0.017980636237897647 0.017980636237897647
1.0 0.4706355147296597 0.2650357602584747 0.016597510373443983 0.016597510373443983
1.0 0.4591821755738194 0.2729464633335994 0.015214384508990318 0.013831258644536652
2.0 0.5482174959029638 0.1849543539377339 0.013831258644536652 0.012448132780082987
7.0 0.5575901798696583 0.17428036437265373 0.009681881051175657 0.009681881051175657
1.0 0.4478337857404053 0.28013198909813997 0.012448132780082987 0.012448132780082987
1.0 0.4408173631558727 0.2845307147736979 0.012448132780082987 0.012448132780082987
1.0 0.43419849985409525 0.31408832331085473 0.019363762102351315 0.017980636237897647
1.0 0.4205319470469035 0.338109922387232 0.02074688796680498 0.019363762102351315
1.0 0.43510078411796516 0.3056341596865996 0.015214384508990318 0.013831258644536652
