7 0.3302 0.4375 0.0273 0.09615
7 0.47696 0.34375 0.01536 0.05769
7 0.59727 0.3113 0.01024 0.04567
7 0.69198 0.28846 0.01024 0.03846
7 0.72398 0.27885 0.00768 0.02885
2 0.87031 0.30649 0.01024 0.04087
2 0.76109 0.36899 0.02048 0.07452
2 0.76024 0.44952 0.03413 0.11058
2 0.80461 0.59736 0.05461 0.1899
9 0.64676 0.28606 0.01365 0.07212
9 0.66382 0.28125 0.01365 0.07212
7 0.71928 0.25721 0.00512 0.02404
7 0.72867 0.26442 0.00512 0.02885
7 0.74829 0.2476 0.00683 0.02404
9 0.79693 0.32332 0.02218 0.09615
9 0.81655 0.31731 0.01877 0.09135
2 0.83575 0.32452 0.01621 0.05288
2 0.86263 0.29087 0.01024 0.04327
2 0.83106 0.27644 0.00853 0.03606
2 0.82594 0.26683 0.00683 0.02644
2 0.83618 0.25962 0.00683 0.02885
