2.0 0.5780654989903125 0.3097345399205292 0.15384615384615385 0.06837606837606838
2.0 0.4266576732540081 0.41164543678804977 0.07692307692307693 0.02905982905982906
2.0 0.3745763577766595 0.47824740394336845 0.05811965811965812 0.020512820512820513
2.0 0.3472054921780357 0.5434729656300099 0.05128205128205128 0.020512820512820513
2.0 0.3352954289663297 0.6119004826748734 0.04786324786324787 0.018803418803418803
2.0 0.32519120653517736 0.6756960323541753 0.05128205128205128 0.020512820512820513
2.0 0.32272552058122006 0.7652824683596016 0.05811965811965812 0.02564102564102564
7.0 0.484543693029514 0.8531000838991035 0.13504273504273503 0.06153846153846154
1.0 0.3307538413946902 0.5094896532336999 0.10598290598290598 0.03418803418803419
1.0 0.29739628088017117 0.48472934402462636 0.06837606837606838 0.023931623931623933
1.0 0.2807321745687123 0.4554442805273157 0.046153846153846156 0.015384615384615385
