7 0.18643 0.60397 0.05461 0.16466
7 0.27581 0.45252 0.02773 0.09736
7 0.35324 0.375 0.01877 0.0649
7 0.42363 0.33173 0.01195 0.04567
7 0.48528 0.3101 0.01237 0.04327
7 0.5401 0.29327 0.01024 0.03846
7 0.58703 0.28125 0.00939 0.03365
7 0.62201 0.27404 0.00853 0.02885
7 0.64932 0.26923 0.00853 0.02644
7 0.66894 0.26082 0.00683 0.02644
7 0.66126 0.25481 0.00683 0.02404
7 0.64057 0.2506 0.00384 0.02043
7 0.62116 0.2488 0.00512 0.01923
2 0.62393 0.47236 0.02773 0.11538
2 0.57637 0.37139 0.01877 0.07212
2 0.61647 0.32873 0.01621 0.05409
2 0.67491 0.3113 0.0128 0.04808
2 0.72056 0.29808 0.01024 0.04087
2 0.75576 0.28786 0.01237 0.03726
2 0.78221 0.27885 0.00981 0.03606
2 0.79906 0.27163 0.00939 0.03365
2 0.80631 0.26442 0.00853 0.03125
2 0.79138 0.25721 0.00768 0.02885
2 0.75896 0.2524 0.00512 0.02404
2 0.71928 0.2482 0.00512 0.02043
2 0.69497 0.24459 0.00427 0.01803
7 0.69795 0.23197 0.00341 0.01442
2 0.67491 0.24219 0.00512 0.01803
2 0.6587 0.24038 0.00341 0.01923
2 0.64334 0.23798 0.00341 0.01683
7 0.12287 0.39724 0.02048 0.05409
2 0.07679 0.36899 0.0128 0.03846
2 0.16617 0.32812 0.00811 0.02885
7 0.21331 0.34135 0.01195 0.03846
7 0.26621 0.3095 0.00853 0.02764
2 0.27048 0.28486 0.00341 0.01683
7 0.29991 0.29087 0.00683 0.02404
2 0.30439 0.27404 0.00384 0.01683
7 0.32594 0.27885 0.00512 0.01923
2 0.33191 0.26923 0.00427 0.01442
7 0.35239 0.26923 0.00512 0.01923
