7.0 0.4879494897440177 0.7832582645539685 0.03333333333333333 0.02666666666666667
2.0 0.5055575657685613 0.7518874483391327 0.021666666666666667 0.016666666666666666
8.0 0.1591550042910804 0.3038538676363066 0.11 0.07833333333333334
7.0 0.3772447298377211 0.14615691570069686 0.023333333333333334 0.018333333333333333
2.0 0.3851288923295244 0.28072276694198217 0.03333333333333333 0.023333333333333334
8.0 0.4203353011956771 0.447175268715172 0.03166666666666667 0.023333333333333334
8.0 0.4516284123265065 0.5964025198613431 0.03333333333333333 0.02
7.0 0.4690976565321974 0.5863653532367012 0.021666666666666667 0.013333333333333334
7.0 0.46806212678237596 0.5692761651094571 0.02 0.013333333333333334
2.0 0.4883025146349728 0.6205426942389084 0.02 0.013333333333333334
2.0 0.5325328637757171 0.8745187342799045 0.023333333333333334 0.011666666666666667
2.0 0.5570881775838262 0.8597921235367348 0.013333333333333334 0.01
7.0 0.5540578512640586 0.8207234691712015 0.01 0.006666666666666667
2.0 0.5466485971048178 0.7914163675113385 0.01 0.006666666666666667
7.0 0.5408154305204198 0.7408352709592032 0.008333333333333333 0.005
2.0 0.5384598492314813 0.7360512409527845 0.01 0.006666666666666667
2.0 0.5243922744342737 0.7062997758908106 0.013333333333333334 0.008333333333333333
2.0 0.4833466224599613 0.561237112471678 0.016666666666666666 0.01
9.0 0.4879117042534813 0.5362439252231356 0.021666666666666667 0.008333333333333333
9.0 0.4897750807371623 0.5311613958484533 0.016666666666666666 0.008333333333333333
2.0 0.44722497155506535 0.4606471949573446 0.021666666666666667 0.013333333333333334
2.0 0.44068041438481315 0.44164713743144435 0.023333333333333334 0.016666666666666666
7.0 0.44613894968618667 0.4021541354471364 0.018333333333333333 0.01
7.0 0.41723010008573597 0.3019094942606833 0.02 0.013333333333333334
7.0 0.4636151720920863 0.45239321506717334 0.016666666666666666 0.01
7.0 0.4778279595561644 0.4667471427837273 0.01 0.006666666666666667
9.0 0.47568815685762444 0.4718834039715078 0.018333333333333333 0.01
2.0 0.5285490428353303 0.6806818197461673 0.01 0.005
7.0 0.5284576196413301 0.6728323811519719 0.01 0.0033333333333333335
2.0 0.5175254771021105 0.634256518370291 0.008333333333333333 0.005
2.0 0.5071831237373956 0.5927668503665922 0.006666666666666667 0.005
2.0 0.4984385833354823 0.5624935821319971 0.011666666666666667 0.005
2.0 0.4913404256666442 0.5406454969378539 0.01 0.006666666666666667
7.0 0.4766132204935443 0.4428774388999623 0.01 0.005
2.0 0.47847069343277987 0.4391956379680501 0.008333333333333333 0.005
7.0 0.4713418700307872 0.4128070488934586 0.008333333333333333 0.005
7.0 0.46066386452523717 0.3696353221814709 0.008333333333333333 0.005
7.0 0.43898601437837337 0.30659094827344824 0.013333333333333334 0.006666666666666667
7.0 0.4031623716809493 0.1428663393422767 0.011666666666666667 0.008333333333333333
7.0 0.41206192300018235 0.14603062846600737 0.006666666666666667 0.005
7.0 0.43607603891261476 0.26662090210954903 0.008333333333333333 0.005
7.0 0.4219362699551185 0.2115432319559906 0.01 0.006666666666666667
2.0 0.4353701610572917 0.2541792687737585 0.01 0.005
7.0 0.44785185002920724 0.3169161704934493 0.008333333333333333 0.005
2.0 0.46529209029746443 0.38463527308439655 0.006666666666666667 0.005
7.0 0.5029137836821042 0.5649444360729361 0.006666666666666667 0.005
7.0 0.49262818323584584 0.5237914583846145 0.006666666666666667 0.0033333333333333335
7.0 0.49391900095252517 0.5289563184459732 0.008333333333333333 0.005
2.0 0.48504924724896026 0.4803737485958914 0.006666666666666667 0.0033333333333333335
2.0 0.48426280889361634 0.4763278739965934 0.008333333333333333 0.0016666666666666668
9.0 0.47983845792100527 0.4756144388138017 0.018333333333333333 0.005
8.0 0.48658182090495455 0.4779721285653339 0.006666666666666667 0.005
8.0 0.48989856801607384 0.4832734638416575 0.005 0.0033333333333333335
8.0 0.4949590990379664 0.5210694884274201 0.006666666666666667 0.0033333333333333335
7.0 0.5160106009449583 0.6176082277110991 0.006666666666666667 0.0016666666666666668
2.0 0.4170509437036351 0.17755547872837915 0.01 0.005
