7 0.52795 0.55294 0.03591 0.07059
7 0.27955 0.50625 0.02636 0.04926
7 0.21773 0.46765 0.01818 0.03529
7 0.23045 0.44779 0.01545 0.02941
7 0.47773 0.39816 0.00909 0.01544
7 0.41318 0.40441 0.00727 0.01471
9 0.75409 0.39816 0.01182 0.03309
7 0.26864 0.43162 0.01091 0.02206
9 0.73409 0.41066 0.01545 0.04044
8 0.51955 0.41544 0.01 0.02206
8 0.56818 0.40478 0.00818 0.01838
8 0.36614 0.41618 0.00773 0.01765
7 0.31705 0.42022 0.00773 0.01838
8 0.42864 0.40551 0.00636 0.01544
2 0.11341 0.43824 0.00955 0.02059
2 0.20409 0.42279 0.00636 0.01618
8 0.15455 0.41544 0.00636 0.01471
8 0.17682 0.41397 0.00545 0.01324
8 0.19477 0.41176 0.00591 0.01324
8 0.21159 0.40993 0.005 0.0125
8 0.2275 0.40882 0.005 0.01176
8 0.24727 0.41691 0.00727 0.01618
8 0.31886 0.40735 0.005 0.01176
2 0.35205 0.40294 0.005 0.01176
2 0.52386 0.38824 0.00409 0.01176
7 0.55136 0.39265 0.00545 0.01324
2 0.60909 0.38346 0.00545 0.0125
7 0.62409 0.38787 0.00545 0.0125
7 0.69705 0.38603 0.005 0.01324
2 0.695 0.37978 0.00364 0.0125
7 0.78182 0.38309 0.00636 0.01471
2 0.79568 0.37721 0.005 0.01176
7 0.87045 0.38309 0.00727 0.01471
2 0.90227 0.37684 0.00636 0.01397
2 0.43318 0.39522 0.00455 0.0125
