7 0.07657 0.77365 0.04059 0.11367
7 0.12038 0.63206 0.03014 0.04993
7 0.05969 0.60742 0.00683 0.02431
2 0.08983 0.56669 0.01407 0.023
2 0.07818 0.53647 0.00523 0.01248
2 0.15555 0.52858 0.00402 0.00986
9 0.1256 0.56176 0.01407 0.03548
2 0.251 0.56209 0.00844 0.02168
2 0.37701 0.58968 0.01768 0.03351
2 0.40514 0.59625 0.01929 0.03482
7 0.42605 0.56472 0.01045 0.023
7 0.44755 0.56275 0.01005 0.02037
8 0.55989 0.58968 0.01447 0.03351
8 0.54361 0.56537 0.01005 0.02168
2 0.62138 0.66229 0.03537 0.0657
8 0.7715 0.5611 0.01166 0.02365
8 0.87319 0.58739 0.01728 0.03417
2 0.36395 0.5542 0.00844 0.01905
7 0.54401 0.53384 0.00523 0.01248
7 0.54341 0.54796 0.00804 0.01577
2 0.45478 0.54501 0.00603 0.0138
2 0.47347 0.53417 0.00482 0.01183
7 0.51467 0.52628 0.00362 0.0092
7 0.47026 0.52332 0.00322 0.00854
7 0.20941 0.52398 0.00241 0.00723
2 0.2295 0.52497 0.00322 0.00788
2 0.28778 0.53318 0.00482 0.01117
7 0.2916 0.52234 0.00281 0.00788
2 0.3955 0.52365 0.00322 0.0092
2 0.42826 0.5253 0.00362 0.00854
