7 0.10136 0.68456 0.07545 0.13676
2 0.82523 0.67868 0.07955 0.13529
2 0.6 0.41434 0.02091 0.04338
2 0.55636 0.36213 0.01182 0.02721
2 0.53773 0.34044 0.00818 0.01912
2 0.52591 0.32684 0.00545 0.01397
2 0.51909 0.31949 0.00364 0.01103
2 0.51318 0.31471 0.00273 0.00882
7 0.35068 0.41838 0.02136 0.04265
7 0.40432 0.36507 0.01227 0.02574
7 0.43 0.34265 0.00818 0.01912
7 0.44136 0.32868 0.00636 0.01471
7 0.44977 0.32059 0.005 0.01176
7 0.45455 0.31544 0.00364 0.01029
7 0.46068 0.31103 0.00318 0.00882
7 0.46455 0.30772 0.00273 0.00809
