7.0 0.3758391118537782 0.5163358746195841 0.03862660944206009 0.045779685264663805
7.0 0.39217277928414923 0.4394285621195436 0.020028612303290415 0.024320457796852647
7.0 0.39831815959435607 0.40944961153220305 0.01430615164520744 0.015736766809728183
7.0 0.40192161918321756 0.3933797992125458 0.008583690987124463 0.012875536480686695
7.0 0.4040406583244127 0.3840706263020855 0.00715307582260372 0.008583690987124463
7.0 0.4050796731123776 0.3778716260952141 0.005722460658082976 0.00715307582260372
7.0 0.40650076758117326 0.373008284275177 0.005722460658082976 0.005722460658082976
7.0 0.4078829799954178 0.3694107011960618 0.004291845493562232 0.005722460658082976
2.0 0.5773056233292243 0.39317669507093256 0.03862660944206009 0.045779685264663805
2.0 0.5011998676034868 0.3705696765729111 0.020028612303290415 0.024320457796852647
2.0 0.47368274116259185 0.36252086156479246 0.01430615164520744 0.017167381974248927
2.0 0.45895869617911406 0.3573369230683477 0.010014306151645207 0.011444921316165951
2.0 0.45010821211660273 0.35498689136673695 0.00715307582260372 0.008583690987124463
