7 0.30636 0.49926 0.03636 0.06618
7 0.41091 0.39853 0.01455 0.03235
7 0.44386 0.36434 0.00955 0.02132
7 0.46114 0.34559 0.00682 0.01618
7 0.46818 0.33309 0.00545 0.01324
9 0.47477 0.32316 0.00591 0.01838
8 0.47886 0.31985 0.00318 0.00882
8 0.48318 0.31691 0.00273 0.00735
8 0.53068 0.31544 0.00227 0.00735
8 0.53318 0.31875 0.00364 0.00956
9 0.53864 0.32059 0.00455 0.01765
2 0.54227 0.33235 0.00545 0.01176
2 0.55114 0.34338 0.00682 0.01618
2 0.56659 0.3625 0.00955 0.02206
2 0.59977 0.39779 0.01682 0.03382
2 0.67977 0.49007 0.03591 0.06544
