2.0 0.3793352740633569 0.38688491498898475 0.005698005698005698 0.005698005698005698
2.0 0.38691259517743765 0.383124751572244 0.008547008547008548 0.007122507122507123
2.0 0.3977296443216836 0.37918401834684784 0.014245014245014245 0.011396011396011397
2.0 0.4223593884242549 0.3694182161035634 0.019943019943019943 0.017094017094017096
2.0 0.4868588367832623 0.345906148434445 0.038461538461538464 0.03276353276353276
7.0 0.36625761000956386 0.5476540477243033 0.037037037037037035 0.03276353276353276
7.0 0.35546621714700605 0.4833527701098194 0.018518518518518517 0.01566951566951567
7.0 0.35257418895530135 0.45589302475876303 0.014245014245014245 0.011396011396011397
7.0 0.35308888964110086 0.443056224277697 0.009971509971509971 0.008547008547008548
7.0 0.3516489996375158 0.4334865699639984 0.008547008547008548 0.005698005698005698
7.0 0.3499858408513345 0.4268799578577647 0.005698005698005698 0.004273504273504274
7.0 0.3503437515842623 0.4226449208041782 0.007122507122507123 0.005698005698005698
2.0 0.3731215272576874 0.388375709661576 0.005698005698005698 0.004273504273504274
