7.0 0.23908279895934045 0.3093374259925446 0.11494252873563218 0.09770114942528736
2.0 0.5010281074177833 0.7729771772311256 0.11637931034482758 0.09913793103448276
2.0 0.590777663366028 0.5337899245194581 0.035919540229885055 0.028735632183908046
2.0 0.6088056564379896 0.48709176228120554 0.021551724137931036 0.017241379310344827
2.0 0.6161167355902943 0.46736969456100336 0.015804597701149427 0.01293103448275862
2.0 0.6206514506658136 0.4549144001987134 0.011494252873563218 0.008620689655172414
2.0 0.6229481335071154 0.44790510761094243 0.008620689655172414 0.007183908045977011
2.0 0.6239158262662661 0.4423978763804347 0.007183908045977011 0.005747126436781609
7.0 0.49926046013905984 0.37481866602331165 0.034482758620689655 0.028735632183908046
7.0 0.5526902823865005 0.39031799493227726 0.021551724137931036 0.01867816091954023
7.0 0.5762738298858964 0.3988445622101931 0.014367816091954023 0.011494252873563218
7.0 0.5893135537257019 0.4011712855045468 0.01293103448275862 0.008620689655172414
7.0 0.5975180023414477 0.40369703587456934 0.008620689655172414 0.005747126436781609
7.0 0.6025362507839639 0.4049357762191085 0.008620689655172414 0.007183908045977011
7.0 0.6075598505122175 0.40730701916493134 0.007183908045977011 0.004310344827586207
7.0 0.6110697020697236 0.4086164874305785 0.005747126436781609 0.004310344827586207
