9.0 0.6971688105298591 0.49689562763388767 0.013179571663920923 0.008237232289950576
9.0 0.6828777160453919 0.4385866598029835 0.014827018121911038 0.006589785831960461
7.0 0.6741717960197903 0.43495269873742576 0.009884678747940691 0.006589785831960461
7.0 0.6654102572232586 0.42505274853858116 0.014827018121911038 0.008237232289950576
7.0 0.6444642463870214 0.4085415550984198 0.019769357495881382 0.013179571663920923
7.0 0.5953934342766203 0.3686027908138125 0.032948929159802305 0.0214168039538715
7.0 0.3791122168162353 0.1758627339587163 0.10543657331136738 0.07248764415156507
2.0 0.5273659541390985 0.8152052748948944 0.11532125205930807 0.08896210873146623
2.0 0.6490980480459247 0.5839389613531939 0.032948929159802305 0.0214168039538715
2.0 0.672500227742592 0.5344767234963236 0.019769357495881382 0.011532125205930808
2.0 0.6862457156265167 0.5141099581565852 0.011532125205930808 0.006589785831960461
2.0 0.6909685630222681 0.5035082783411978 0.008237232289950576 0.004942339373970346
