2.0 0.3324607788365325 0.840361931165648 0.03633217993079585 0.01903114186851211
2.0 0.39248939340856615 0.6495622879604104 0.039792387543252594 0.02249134948096886
8.0 0.36863507877484486 0.6110373136090576 0.031141868512110725 0.01730103806228374
8.0 0.3378083597239779 0.5869897121224177 0.02249134948096886 0.012110726643598616
8.0 0.32440386594755244 0.5747383634794726 0.015570934256055362 0.006920415224913495
8.0 0.3143080936037452 0.5670131394879951 0.012110726643598616 0.005190311418685121
8.0 0.31880814446267136 0.5467049013296241 0.012110726643598616 0.005190311418685121
8.0 0.323318959412218 0.5239650855319828 0.01384083044982699 0.006920415224913495
8.0 0.3278310071753925 0.5012164978095804 0.010380622837370242 0.005190311418685121
8.0 0.34082915403126335 0.49064524122968095 0.01730103806228374 0.00865051903114187
8.0 0.3602715374952783 0.4762923858829576 0.020761245674740483 0.010380622837370242
8.0 0.3995426485502314 0.44725632934264004 0.031141868512110725 0.015570934256055362
7.0 0.4323284588004181 0.42929537167332893 0.03806228373702422 0.02422145328719723
7.0 0.44967242118371176 0.20525870222432066 0.029411764705882353 0.01730103806228374
