9 0.3541 0.42308 0.03584 0.16587
9 0.37201 0.39423 0.02218 0.14183
7 0.38908 0.36538 0.01706 0.07212
7 0.41212 0.31851 0.01195 0.05288
7 0.43046 0.28966 0.00853 0.03846
7 0.45222 0.27163 0.00683 0.03125
9 0.65529 0.3774 0.03242 0.14423
9 0.62799 0.35577 0.02389 0.1274
2 0.57295 0.31971 0.0128 0.05529
2 0.54352 0.29327 0.01024 0.04327
2 0.53498 0.27404 0.00683 0.03606
2 0.54778 0.25962 0.00683 0.02885
2 0.09727 0.30769 0.01365 0.03846
7 0.16468 0.3125 0.01195 0.04327
2 0.16894 0.28606 0.00853 0.03365
2 0.20904 0.27284 0.00683 0.02644
7 0.2227 0.28846 0.00853 0.03125
7 0.26578 0.27103 0.00427 0.02524
7 0.31101 0.26142 0.00512 0.01562
7 0.32637 0.253 0.00427 0.01562
7 0.34087 0.2476 0.00341 0.01442
7 0.35388 0.24339 0.00299 0.01322
7 0.37351 0.23858 0.00299 0.01322
7 0.47611 0.25962 0.00512 0.02163
7 0.4823 0.2476 0.00469 0.01683
7 0.46864 0.23017 0.00213 0.01322
7 0.47739 0.24219 0.00427 0.01562
7 0.47611 0.23017 0.00427 0.01562
7 0.40892 0.23257 0.00299 0.01322
7 0.39377 0.23558 0.00256 0.01202
7 0.45648 0.22897 0.00256 0.01322
2 0.53072 0.23558 0.00341 0.01442
2 0.51813 0.22837 0.00299 0.01442
2 0.50981 0.22536 0.00341 0.01322
2 0.49488 0.22476 0.00256 0.01202
7 0.43579 0.23077 0.00299 0.01202
2 0.38844 0.23137 0.00299 0.01322
2 0.25235 0.26562 0.00555 0.02163
2 0.27922 0.25 0.00555 0.01923
2 0.32402 0.24399 0.00384 0.01442
2 0.34791 0.23978 0.00384 0.01322
2 0.36476 0.23317 0.00427 0.01442
9 0.29373 0.253 0.0064 0.03245
