7 0.17534 0.36779 0.01792 0.0625
7 0.22227 0.40865 0.02389 0.08173
2 0.3686 0.30409 0.00853 0.04327
2 0.40188 0.26683 0.00683 0.02885
2 0.42321 0.32091 0.01365 0.05288
2 0.49317 0.26202 0.00597 0.03125
2 0.53328 0.26322 0.00768 0.03365
2 0.57807 0.27163 0.00853 0.03846
7 0.62543 0.24639 0.00683 0.03125
2 0.62969 0.28606 0.01024 0.04327
7 0.68259 0.25 0.00683 0.02885
7 0.2035 0.503 0.0401 0.12139
2 0.48549 0.34135 0.01536 0.0649
2 0.59855 0.39603 0.02389 0.09495
2 0.66553 0.30288 0.01195 0.05288
2 0.73379 0.33413 0.01877 0.07212
2 0.89804 0.38942 0.03157 0.10096
2 0.81314 0.51502 0.0529 0.15986
7 0.08447 0.3726 0.02048 0.0625
2 0.12031 0.32212 0.01365 0.04808
2 0.20904 0.30769 0.01195 0.04327
2 0.20307 0.26683 0.00683 0.02404
2 0.23592 0.26202 0.00597 0.02644
2 0.26195 0.25841 0.00683 0.02163
2 0.28541 0.25721 0.00597 0.02404
2 0.29778 0.29567 0.00939 0.03846
2 0.31442 0.25841 0.00597 0.02404
9 0.32978 0.2524 0.00597 0.03846
9 0.33575 0.25481 0.00683 0.03846
2 0.34471 0.26202 0.00597 0.02644
2 0.36647 0.26442 0.00683 0.02885
9 0.39206 0.24159 0.00597 0.03365
9 0.39846 0.24279 0.00512 0.03365
2 0.45243 0.26442 0.00725 0.03365
7 0.74317 0.26562 0.01195 0.04087
7 0.80333 0.27885 0.01451 0.05288
7 0.87927 0.29928 0.02048 0.0625
7 0.57935 0.23978 0.00512 0.02043
8 0.07018 0.28606 0.00725 0.03365
8 0.08959 0.27704 0.00683 0.02764
8 0.13332 0.27825 0.00555 0.02284
7 0.53242 0.24159 0.00427 0.01683
7 0.49019 0.2488 0.00427 0.01923
7 0.43878 0.25 0.00555 0.02163
7 0.40998 0.24639 0.00427 0.01923
7 0.3782 0.24339 0.00384 0.01803
7 0.35431 0.24219 0.00299 0.01562
7 0.31762 0.24459 0.00299 0.01562
7 0.2084 0.25901 0.00384 0.01562
2 0.12351 0.26683 0.00299 0.02404
2 0.17705 0.26322 0.00512 0.02163
