2.0 0.24828634934257104 0.6356717618281519 0.020967741935483872 0.008064516129032258
2.0 0.2991694438220517 0.4521061022219145 0.014516129032258065 0.0064516129032258064
7.0 0.29974937987198347 0.4190242450383952 0.00967741935483871 0.0064516129032258064
2.0 0.31125380522596724 0.3872193204019334 0.012903225806451613 0.0064516129032258064
2.0 0.22870317951142885 0.7511499070836583 0.017741935483870968 0.008064516129032258
7.0 0.2881569977818815 0.5619166976096881 0.020967741935483872 0.00967741935483871
7.0 0.28516814569201276 0.5451965828851927 0.01935483870967742 0.00967741935483871
2.0 0.3620325603650572 0.22868365866828563 0.01935483870967742 0.01129032258064516
7.0 0.36353714621835775 0.21036040422250088 0.016129032258064516 0.008064516129032258
2.0 0.3810815639580633 0.19331284939733445 0.02258064516129032 0.012903225806451613
7.0 0.294244973714941 0.611367841970682 0.027419354838709678 0.014516129032258065
2.0 0.31137109351869635 0.5283077867212124 0.025806451612903226 0.01129032258064516
2.0 0.40962992210845767 0.1321650354297475 0.03387096774193549 0.016129032258064516
2.0 0.32310763529170705 0.5119909494841566 0.03064516129032258 0.012903225806451613
2.0 0.33726213139505407 0.4901065924355288 0.037096774193548385 0.017741935483870968
2.0 0.35809505756769144 0.453725205591538 0.041935483870967745 0.01935483870967742
7.0 0.33915523230735717 0.6363613535511872 0.05 0.024193548387096774
2.0 0.3862323356002669 0.4044667190830708 0.05 0.024193548387096774
7.0 0.405562178455301 0.6325859871997387 0.07903225806451612 0.03870967741935484
2.0 0.5433823707907863 0.3260028143807318 0.11935483870967742 0.06290322580645161
7.0 0.31339720857749154 0.6473694265666131 0.03225806451612903 0.016129032258064516
7.0 0.2998810529623632 0.646178254184623 0.03225806451612903 0.012903225806451613
7.0 0.29012297288142624 0.582739347864327 0.025806451612903226 0.01129032258064516
2.0 0.30096552281359573 0.5146407396899384 0.024193548387096774 0.01129032258064516
2.0 0.297000999390511 0.4689957179317027 0.016129032258064516 0.00967741935483871
2.0 0.2956322859257083 0.4868081532428412 0.01935483870967742 0.00967741935483871
2.0 0.29789076503899276 0.4982651738478574 0.020967741935483872 0.01129032258064516
7.0 0.2841023571318988 0.5289559417499117 0.016129032258064516 0.00967741935483871
7.0 0.2830611290310726 0.5167130240569667 0.014516129032258065 0.0064516129032258064
7.0 0.28764372657040593 0.4819141737129402 0.016129032258064516 0.008064516129032258
7.0 0.2859967312053562 0.496746506699571 0.016129032258064516 0.0064516129032258064
2.0 0.30377239027850905 0.43364469233626896 0.014516129032258065 0.0064516129032258064
2.0 0.3070476195784861 0.41231600497863025 0.014516129032258065 0.0064516129032258064
2.0 0.3045271586240728 0.5249673143246114 0.024193548387096774 0.008064516129032258
2.0 0.3135368301483436 0.3678220324120628 0.014516129032258065 0.0064516129032258064
2.0 0.3159223084500347 0.3520759211754924 0.01129032258064516 0.0064516129032258064
2.0 0.31664234308082384 0.340995559878505 0.014516129032258065 0.0064516129032258064
7.0 0.3827447792432275 0.16612677167186587 0.020967741935483872 0.01129032258064516
2.0 0.34896735845502813 0.25647380574629314 0.016129032258064516 0.008064516129032258
2.0 0.3378220487084781 0.2765636859405744 0.014516129032258065 0.004838709677419355
2.0 0.3258462381871169 0.3040807528719211 0.012903225806451613 0.004838709677419355
2.0 0.3222190456090296 0.3104361675780435 0.014516129032258065 0.0064516129032258064
2.0 0.23302584626101752 0.7297164076382123 0.016129032258064516 0.008064516129032258
2.0 0.19317888319541507 0.7459268483614707 0.02258064516129032 0.01129032258064516
2.0 0.23085756691978498 0.6645442189214735 0.014516129032258065 0.0064516129032258064
1.0 0.3827641669188945 0.744539102763855 0.1 0.0467741935483871
1.0 0.3046739968084832 0.725435004183764 0.06129032258064516 0.027419354838709678
1.0 0.2834330963954948 0.6772953139826954 0.03225806451612903 0.016129032258064516
1.0 0.4164674293192253 0.3406500083213369 0.07741935483870968 0.03387096774193549
1.0 0.3639879641335407 0.39110759218347146 0.05161290322580645 0.024193548387096774
1.0 0.33167421543547354 0.442780182381982 0.03870967741935484 0.01935483870967742
1.0 0.31705023477602085 0.46654753913682806 0.03064516129032258 0.014516129032258065
1.0 0.3021408052368019 0.4791710786236403 0.02258064516129032 0.00967741935483871
1.0 0.2967358994278688 0.47418934112205013 0.025806451612903226 0.00967741935483871
7.0 0.25062977650985596 0.6262727888264755 0.014516129032258065 0.008064516129032258
1.0 0.3382844634804144 0.26033810111478967 0.03225806451612903 0.014516129032258065
1.0 0.31357379465500634 0.3122722642556719 0.024193548387096774 0.01129032258064516
8.0 0.2311305971019804 0.7003834957510114 0.024193548387096774 0.00967741935483871
8.0 0.23439981144387184 0.6790447978220435 0.020967741935483872 0.008064516129032258
1.0 0.28127634601605744 0.4910332867296876 0.014516129032258065 0.0064516129032258064
1.0 0.2848819189220167 0.46633154850357694 0.014516129032258065 0.0064516129032258064
2.0 0.3140053570737155 0.34542758798156653 0.008064516129032258 0.0032258064516129032
2.0 0.30797760364506044 0.35318453099807107 0.00967741935483871 0.0064516129032258064
7.0 0.3040946092742382 0.4015964817999928 0.00967741935483871 0.004838709677419355
1.0 0.28860628386097537 0.42678242098133895 0.014516129032258065 0.0064516129032258064
1.0 0.2985957850158635 0.3969572953741953 0.012903225806451613 0.004838709677419355
1.0 0.29798906012090615 0.40352110132949287 0.01129032258064516 0.004838709677419355
1.0 0.2941543115830796 0.39838615207854544 0.01129032258064516 0.0032258064516129032
1.0 0.29262937681265494 0.40037196606594916 0.00967741935483871 0.0032258064516129032
7.0 0.2965467771237859 0.4380135281748051 0.012903225806451613 0.0064516129032258064
7.0 0.29320303561884314 0.45552077291366844 0.01129032258064516 0.0032258064516129032
7.0 0.30592152596881356 0.3798981786791143 0.01129032258064516 0.004838709677419355
7.0 0.30087269778480447 0.38372886698903624 0.008064516129032258 0.0032258064516129032
7.0 0.35272535144406564 0.2352569740212507 0.014516129032258065 0.0064516129032258064
7.0 0.33716430228367344 0.26896118759986637 0.00967741935483871 0.004838709677419355
7.0 0.33133092287715293 0.28003476905858554 0.0064516129032258064 0.0016129032258064516
7.0 0.3433067333985141 0.2525177021272388 0.01129032258064516 0.004838709677419355
1.0 0.28810191514998273 0.4431762738659773 0.014516129032258065 0.008064516129032258
1.0 0.28889784489417714 0.4317573786446611 0.01129032258064516 0.004838709677419355
