2 0.81869 0.25 0.00683 0.02885
2 0.90401 0.26923 0.01109 0.03846
7 0.4712 0.28606 0.00725 0.03846
2 0.57743 0.28245 0.01067 0.04087
2 0.59791 0.30469 0.01237 0.05168
7 0.44433 0.33353 0.01408 0.05649
2 0.62201 0.33413 0.01877 0.06731
2 0.67619 0.40325 0.0256 0.10216
7 0.3974 0.41767 0.02005 0.09255
7 0.33383 0.55589 0.04138 0.15505
2 0.77474 0.54507 0.04863 0.16707
7 0.47952 0.26983 0.00512 0.03005
7 0.484 0.25661 0.00555 0.02284
7 0.49083 0.247 0.00469 0.02284
7 0.50043 0.24219 0.00427 0.02284
2 0.56485 0.26562 0.00768 0.02885
2 0.55802 0.25 0.00512 0.02404
7 0.92534 0.2524 0.00768 0.02885
7 0.87585 0.24339 0.00683 0.03005
7 0.83724 0.23858 0.00555 0.02043
2 0.78136 0.23978 0.00555 0.02764
2 0.73507 0.23558 0.00512 0.02404
7 0.5224 0.23558 0.00555 0.02404
7 0.53882 0.23377 0.00427 0.01803
2 0.58362 0.23918 0.00427 0.01923
2 0.60516 0.23317 0.00384 0.01923
2 0.62863 0.23558 0.00469 0.02644
2 0.56869 0.24579 0.00512 0.02284
2 0.67129 0.23077 0.0064 0.02404
2 0.70286 0.23498 0.00555 0.02043
2 0.64569 0.23077 0.00469 0.01923
2 0.55183 0.22536 0.00384 0.01803
7 0.79885 0.23438 0.00469 0.02163
7 0.7724 0.23377 0.0064 0.02764
7 0.58724 0.22776 0.00384 0.01562
7 0.61369 0.22776 0.00555 0.02043
7 0.64249 0.22656 0.00341 0.02043
7 0.56442 0.22957 0.00427 0.01923
