7 0.43558 0.28606 0.00853 0.03365
7 0.43515 0.27163 0.00683 0.02885
7 0.45051 0.30409 0.01024 0.04808
7 0.46416 0.25841 0.00683 0.02644
7 0.45265 0.35337 0.01451 0.0625
2 0.55461 0.28125 0.00853 0.03606
2 0.62543 0.32332 0.01365 0.05529
2 0.84044 0.32091 0.01706 0.0601
7 0.39334 0.44471 0.0256 0.11058
2 0.67235 0.3726 0.02218 0.08173
2 0.72867 0.51683 0.0384 0.14423
9 0.19881 0.63942 0.09556 0.35096
9 0.29863 0.52404 0.06741 0.26202
9 0.8029 0.63462 0.09556 0.37019
7 0.48677 0.24639 0.00512 0.02644
7 0.51962 0.24159 0.00427 0.02404
7 0.54991 0.23558 0.00427 0.01923
2 0.57167 0.29808 0.01024 0.04808
2 0.55461 0.26442 0.00853 0.03365
2 0.56527 0.25601 0.00683 0.02644
2 0.58618 0.2476 0.00683 0.02644
2 0.60495 0.24279 0.00683 0.02644
7 0.89761 0.28245 0.01706 0.05048
7 0.82253 0.26202 0.01024 0.03846
7 0.80418 0.2524 0.01024 0.03365
2 0.73294 0.28005 0.01195 0.04567
2 0.70563 0.26202 0.00939 0.03606
2 0.69113 0.25 0.00683 0.02885
2 0.68601 0.24038 0.00597 0.02885
9 0.88588 0.71334 0.05503 0.23438
7 0.56634 0.23197 0.00469 0.01442
7 0.57167 0.22536 0.00427 0.02043
7 0.55119 0.22236 0.00427 0.01683
7 0.67555 0.21094 0.00213 0.01082
7 0.63993 0.21154 0.00256 0.00962
7 0.59343 0.21334 0.00256 0.01322
7 0.79799 0.24099 0.00555 0.02284
7 0.82828 0.23137 0.0064 0.02284
2 0.82039 0.22476 0.00597 0.02163
2 0.81143 0.22175 0.00427 0.01562
2 0.77112 0.22536 0.00384 0.01803
2 0.72696 0.22356 0.00427 0.01683
2 0.70862 0.23077 0.00512 0.01923
2 0.62436 0.23858 0.00469 0.02043
2 0.61817 0.22536 0.00427 0.01562
2 0.60111 0.21875 0.00427 0.01683
2 0.63375 0.23137 0.00384 0.02043
2 0.62777 0.22837 0.00384 0.01683
2 0.6442 0.21695 0.00427 0.01562
7 0.88268 0.23738 0.00683 0.02284
7 0.93643 0.23798 0.00683 0.02404
7 0.85751 0.21755 0.00427 0.01923
7 0.91724 0.22236 0.00512 0.02163
7 0.75491 0.21334 0.00384 0.01562
2 0.84386 0.22175 0.00597 0.02524
2 0.87287 0.22716 0.00597 0.02644
2 0.89377 0.22296 0.00512 0.02764
