2.0 0.8193207955270401 0.6056826040097885 0.07295373665480427 0.16548042704626334
2.0 0.6071144476534208 0.4011581028506135 0.026690391459074734 0.0693950177935943
2.0 0.5019478223425431 0.3383569666363933 0.017793594306049824 0.042704626334519574
2.0 0.4417182805859352 0.30340001647297915 0.012455516014234875 0.033807829181494664
2.0 0.41246247010303866 0.2898638130578031 0.008896797153024912 0.026690391459074734
2.0 0.3983861459843849 0.28068034919386387 0.008896797153024912 0.021352313167259787
2.0 0.38865400657340154 0.27470162828419886 0.005338078291814947 0.019572953736654804
2.0 0.3802237918452065 0.269409375321236 0.005338078291814947 0.017793594306049824
2.0 0.3739416310439681 0.26599178236920856 0.005338078291814947 0.017793594306049824
2.0 0.3644455821764854 0.2633448169693132 0.0035587188612099642 0.01601423487544484
2.0 0.3487703316450833 0.2600483913039794 0.005338078291814947 0.01601423487544484
7.0 0.24959915144085656 0.5881880912490497 0.06583629893238434 0.16903914590747332
7.0 0.34826190595994916 0.4080836366339473 0.03202846975088968 0.07651245551601424
7.0 0.3456805307146575 0.3433956697534619 0.017793594306049824 0.046263345195729534
7.0 0.33943570438264653 0.313563111672241 0.012455516014234875 0.037366548042704624
7.0 0.325420291450452 0.2944743861532242 0.010676156583629894 0.030249110320284697
2.0 0.32278025363896723 0.26006487477337287 0.0035587188612099642 0.012455516014234875
7.0 0.2962740356565055 0.26499210208711305 0.005338078291814947 0.014234875444839857
2.0 0.291513288192075 0.2600855256747407 0.0035587188612099642 0.017793594306049824
7.0 0.13339965784882493 0.2957644221064263 0.0071174377224199285 0.028469750889679714
2.0 0.137056863791547 0.27578501293667784 0.0071174377224199285 0.021352313167259787
2.0 0.15573817953899693 0.27279266650269557 0.0071174377224199285 0.017793594306049824
2.0 0.18070412731197733 0.2677035502664854 0.0071174377224199285 0.01601423487544484
7.0 0.18800854900220476 0.2855372920345961 0.008896797153024912 0.026690391459074734
7.0 0.21256508985586356 0.27876541545406097 0.005338078291814947 0.021352313167259787
7.0 0.21773806587154163 0.27600217574849484 0.0071174377224199285 0.017793594306049824
7.0 0.2361365169171468 0.26637537675133377 0.0071174377224199285 0.01601423487544484
7.0 0.22026817608088287 0.2724115295048995 0.005338078291814947 0.01601423487544484
7.0 0.22389086918630335 0.269494509002081 0.005338078291814947 0.01601423487544484
1.0 0.745063056294834 0.39749180945844337 0.03558718861209965 0.099644128113879
2.0 0.2542191093601185 0.26167121151666545 0.005338078291814947 0.01601423487544484
