7.0 0.3101 0.21886000000000005 0.048828125 0.013671875
7.0 0.32933 0.38481 0.0546875 0.013671875
7.0 0.31731 0.31911 0.0546875 0.013671875
7.0 0.3149 0.27132999999999996 0.0546875 0.013671875
7.0 0.3137 0.15188000000000001 0.0546875 0.017578125
7.0 0.34375 0.42321 0.072265625 0.01953125
7.0 0.36058 0.47355 0.078125 0.01953125
7.0 0.38942 0.5132300000000001 0.0859375 0.0234375
7.0 0.5102199999999999 0.6610500000000001 0.138671875 0.037109375
2.0 0.55288 0.09641999999999995 0.162109375 0.05078125
