7 0.10324 0.39183 0.02048 0.0649
7 0.19561 0.38942 0.02176 0.07212
2 0.39718 0.3149 0.01109 0.04327
2 0.4808 0.27043 0.00683 0.02644
2 0.52389 0.26983 0.00597 0.03245
2 0.56805 0.27284 0.00811 0.03606
2 0.62009 0.27825 0.01152 0.04207
7 0.24509 0.4405 0.02688 0.09495
2 0.4599 0.33413 0.0128 0.05529
2 0.53498 0.35938 0.01706 0.06971
2 0.68985 0.4369 0.02816 0.11659
2 0.83298 0.35757 0.02688 0.08774
7 0.22824 0.57392 0.04863 0.15745
2 0.32253 0.30649 0.00939 0.04087
2 0.23336 0.31671 0.01109 0.04207
2 0.14484 0.33173 0.01408 0.04808
2 0.73336 0.31791 0.01451 0.05889
2 0.68323 0.29627 0.01323 0.05409
2 0.42769 0.27464 0.00725 0.03245
2 0.39078 0.27284 0.00683 0.02885
2 0.36711 0.26863 0.00555 0.02524
9 0.35751 0.25962 0.00683 0.04087
9 0.35196 0.25721 0.00512 0.04327
9 0.41489 0.2476 0.00555 0.03125
9 0.42044 0.24579 0.00555 0.03245
2 0.33618 0.26322 0.00512 0.02163
2 0.30759 0.26262 0.00512 0.02284
7 0.89142 0.29267 0.01834 0.0613
7 0.80759 0.27103 0.0128 0.04688
7 0.73059 0.25421 0.00725 0.03726
7 0.66425 0.2506 0.00597 0.03005
7 0.61241 0.2476 0.00555 0.02644
7 0.56207 0.2494 0.00555 0.02524
7 0.51685 0.2518 0.00469 0.02764
7 0.46395 0.25421 0.00469 0.02764
7 0.43345 0.253 0.00427 0.02043
2 0.2837 0.26502 0.00427 0.01803
2 0.25981 0.27043 0.00512 0.02163
2 0.22739 0.27224 0.00427 0.02284
8 0.09812 0.29748 0.00683 0.02524
8 0.11711 0.28606 0.00555 0.02404
8 0.15934 0.28425 0.0064 0.02764
8 0.18942 0.27163 0.00512 0.02404
7 0.37543 0.2476 0.00341 0.01683
7 0.39953 0.2512 0.00384 0.01442
