7.0 0.4881479213621535 0.23474271585712286 0.041176470588235294 0.027941176470588237
7.0 0.47117616736690143 0.3525272536127085 0.07941176470588235 0.05
7.0 0.5059037550841052 0.3070984121700967 0.052941176470588235 0.033823529411764704
2.0 0.6167461686274129 0.44413973598582657 0.033823529411764704 0.020588235294117647
2.0 0.6314668419151608 0.5035548954631281 0.045588235294117645 0.027941176470588237
2.0 0.6210799902984205 0.6097699770337267 0.07352941176470588 0.045588235294117645
7.0 0.4650604815400783 0.1873872902124149 0.04264705882352941 0.027941176470588237
2.0 0.48755492654100746 0.14782901263538412 0.027941176470588237 0.01911764705882353
2.0 0.5066669019905274 0.19952225598023884 0.027941176470588237 0.01911764705882353
2.0 0.536969243616368 0.2537983575757484 0.029411764705882353 0.01911764705882353
2.0 0.5576092141524788 0.2959229845050089 0.029411764705882353 0.020588235294117647
2.0 0.58151444517092 0.34503216902985556 0.029411764705882353 0.01911764705882353
2.0 0.602554271592601 0.3901522223974703 0.03235294117647059 0.020588235294117647
2.0 0.7064284081046054 0.6557409459244197 0.04852941176470588 0.03235294117647059
2.0 0.7224344474564048 0.6429602237202156 0.03823529411764706 0.023529411764705882
2.0 0.7300000294126555 0.6206484292231991 0.029411764705882353 0.020588235294117647
2.0 0.7248982129998947 0.5882925891613633 0.025 0.016176470588235296
2.0 0.7141985379201845 0.5567775149015135 0.022058823529411766 0.014705882352941176
2.0 0.6981682977941273 0.5266764194628387 0.022058823529411766 0.014705882352941176
2.0 0.6756004762858555 0.49112498251081815 0.023529411764705882 0.014705882352941176
2.0 0.6477308714716181 0.4442216506741503 0.023529411764705882 0.014705882352941176
2.0 0.6270855497779293 0.4063614135995162 0.025 0.014705882352941176
2.0 0.6147412992503071 0.3756132174654414 0.026470588235294117 0.016176470588235296
2.0 0.6071546985867103 0.35505001828409305 0.025 0.016176470588235296
2.0 0.6014567012927768 0.34069269092966525 0.020588235294117647 0.013235294117647059
2.0 0.5899153446032068 0.31594217163681304 0.022058823529411766 0.014705882352941176
2.0 0.5783814365927936 0.289069693363419 0.01911764705882353 0.011764705882352941
2.0 0.5628874213988292 0.2622742848331474 0.022058823529411766 0.014705882352941176
2.0 0.5434454741434057 0.23128837412446007 0.023529411764705882 0.014705882352941176
2.0 0.5144848086399795 0.18844123715672062 0.025 0.016176470588235296
7.0 0.7802571126432088 0.7177176122869955 0.033823529411764704 0.022058823529411766
7.0 0.7699843659294748 0.6806864745828775 0.030882352941176472 0.01911764705882353
7.0 0.7575510673516271 0.632608220280421 0.023529411764705882 0.014705882352941176
7.0 0.7403234286595254 0.589249631707543 0.020588235294117647 0.013235294117647059
7.0 0.7245950033136329 0.5490883004248932 0.01764705882352941 0.011764705882352941
9.0 0.5100046156049215 0.152073640918963 0.030882352941176472 0.01911764705882353
9.0 0.5051795176211027 0.14386411762506932 0.030882352941176472 0.01764705882352941
7.0 0.51391267534924 0.1711619818151694 0.022058823529411766 0.014705882352941176
7.0 0.5319162567913843 0.20547710525668209 0.01911764705882353 0.011764705882352941
7.0 0.5603285222406255 0.24928612723755664 0.01764705882352941 0.011764705882352941
7.0 0.5964981136755962 0.30543710692435416 0.013235294117647059 0.007352941176470588
7.0 0.5782759468082314 0.2781359900616317 0.016176470588235296 0.010294117647058823
7.0 0.6419534081127385 0.40934791469827086 0.013235294117647059 0.007352941176470588
7.0 0.20789986907088082 0.34575168995596545 0.10147058823529412 0.06764705882352941
7.0 0.6710295694321531 0.46313239686539975 0.014705882352941176 0.010294117647058823
7.0 0.6223762619639777 0.35557032710136643 0.013235294117647059 0.008823529411764706
7.0 0.6302312050089659 0.3777779547389464 0.014705882352941176 0.008823529411764706
7.0 0.6349624071072284 0.394355664660665 0.011764705882352941 0.007352941176470588
7.0 0.6097387298806803 0.33062480092115437 0.008823529411764706 0.0058823529411764705
7.0 0.7052358613670066 0.5118661681003491 0.014705882352941176 0.010294117647058823
7.0 0.6878261703229733 0.48737637762577923 0.01764705882352941 0.010294117647058823
