8.0 0.39173512282429246 0.7174292331964283 0.13333333333333333 0.08
2.0 0.4111542794364849 0.751590997935518 0.115 0.065
8.0 0.443315156501922 0.6769774183488408 0.08666666666666667 0.051666666666666666
9.0 0.47879919436273116 0.6507205996868587 0.09833333333333333 0.04833333333333333
9.0 0.4843171978868536 0.6429282814783069 0.08666666666666667 0.041666666666666664
8.0 0.47354324609968707 0.6236810899424828 0.051666666666666666 0.03
2.0 0.4780120977118008 0.6121460619017705 0.04833333333333333 0.025
8.0 0.3860672274399246 0.28546063888088885 0.115 0.08
8.0 0.4321130770181549 0.36778724827335085 0.07666666666666666 0.051666666666666666
9.0 0.4682397954635191 0.4089678830012371 0.09333333333333334 0.05333333333333334
9.0 0.4742553143528651 0.42676681778218306 0.085 0.035
8.0 0.46884469088754144 0.45152448142228613 0.04666666666666667 0.028333333333333332
7.0 0.4749607543080977 0.47641478651474606 0.043333333333333335 0.025
7.0 0.40477751684358243 0.276486194876555 0.095 0.06666666666666667
