2 0.8959 0.64784 0.05973 0.21875
2 0.64334 0.47837 0.03413 0.12019
2 0.49232 0.39663 0.02218 0.08173
7 0.45563 0.29327 0.00853 0.03846
2 0.43089 0.36418 0.01536 0.0649
2 0.38695 0.34736 0.01451 0.05529
2 0.36007 0.33173 0.01195 0.04808
2 0.33276 0.32212 0.0128 0.04087
2 0.29437 0.3137 0.01195 0.03846
2 0.24232 0.31731 0.01195 0.03846
2 0.17065 0.32091 0.01195 0.03365
7 0.12884 0.66587 0.06826 0.19231
7 0.17022 0.48798 0.03072 0.11058
7 0.18345 0.40625 0.01536 0.06731
7 0.17662 0.38221 0.01195 0.0625
7 0.1442 0.37019 0.01706 0.05288
7 0.07167 0.3726 0.01706 0.04808
2 0.09044 0.32692 0.01024 0.03606
2 0.09727 0.31611 0.00683 0.02644
2 0.1058 0.30769 0.00512 0.02404
9 0.11156 0.29507 0.00469 0.03486
1 0.25555 0.29627 0.01109 0.04928
1 0.33682 0.29447 0.00725 0.03846
1 0.14825 0.30829 0.01237 0.03726
2 0.92214 0.21214 0.00896 0.03726
