7 0.31314 0.51082 0.03925 0.13702
7 0.43665 0.36358 0.01578 0.06611
7 0.46246 0.31731 0.01024 0.04567
7 0.4599 0.29087 0.00683 0.04327
2 0.72056 0.64423 0.02645 0.13221
2 0.66105 0.42007 0.02261 0.09976
2 0.64121 0.34615 0.0128 0.0625
2 0.60495 0.30529 0.01024 0.04327
2 0.5721 0.28245 0.00768 0.03846
2 0.55205 0.26683 0.00512 0.02885
7 0.10324 0.33173 0.01195 0.04327
2 0.10751 0.30048 0.00853 0.02885
7 0.17235 0.30709 0.00853 0.03726
2 0.17108 0.28245 0.00597 0.02644
7 0.2212 0.29147 0.0064 0.02284
2 0.2244 0.27163 0.00512 0.01923
7 0.25981 0.27764 0.00683 0.02644
2 0.52922 0.25481 0.00469 0.01923
2 0.51515 0.2476 0.00299 0.01683
2 0.49339 0.24459 0.00299 0.01562
2 0.46694 0.24219 0.00384 0.01322
7 0.45328 0.253 0.0064 0.02043
7 0.43601 0.2512 0.00512 0.01923
7 0.40614 0.2506 0.00341 0.01562
7 0.3654 0.25601 0.00469 0.01683
7 0.33831 0.26202 0.00512 0.01923
7 0.30098 0.26983 0.00555 0.02284
2 0.37265 0.24639 0.00384 0.01442
9 0.06506 0.32752 0.01067 0.05649
9 0.19347 0.27284 0.00725 0.03606
1 0.2724 0.26142 0.00384 0.01803
1 0.28008 0.25901 0.00384 0.02043
1 0.21096 0.26202 0.00469 0.02404
7 0.46139 0.25901 0.00469 0.02284
