7.0 0.23597830268036987 0.7318003955353276 0.036923076923076927 0.052307692307692305
8.0 0.282738553359467 0.6685305788221365 0.03076923076923077 0.04153846153846154
8.0 0.3204472785705871 0.63287832551251 0.024615384615384615 0.033846153846153845
9.0 0.36594704046668725 0.6539669763557708 0.04923076923076923 0.06923076923076923
9.0 0.36348985691840385 0.5874335683861789 0.03076923076923077 0.046153846153846156
8.0 0.41032684720538487 0.604687801885325 0.016923076923076923 0.02923076923076923
8.0 0.4774750071919757 0.5665630712731126 0.021538461538461538 0.03230769230769231
8.0 0.4769041958898975 0.5538968671839785 0.016923076923076923 0.027692307692307693
9.0 0.49087930376177785 0.5307071140138917 0.027692307692307693 0.04
9.0 0.5551755668726112 0.49968750585770594 0.024615384615384615 0.036923076923076927
9.0 0.6106871047571529 0.48822935272138135 0.018461538461538463 0.024615384615384615
9.0 0.6356112098576125 0.5078220497081739 0.023076923076923078 0.033846153846153845
8.0 0.6443596615439137 0.4441698466738315 0.026153846153846153 0.03538461538461538
8.0 0.6309846104670566 0.41631013115294946 0.021538461538461538 0.03076923076923077
8.0 0.6873975065732353 0.4305753553360445 0.024615384615384615 0.03538461538461538
8.0 0.7611590689359412 0.59751864798542 0.04923076923076923 0.06615384615384616
7.0 0.7977327890684608 0.6498555360946728 0.06307692307692307 0.08307692307692308
2.0 0.8528456816358321 0.6823379768618804 0.033846153846153845 0.05384615384615385
