7.0 0.4326683300966254 0.31486473620071526 0.015214384508990318 0.015214384508990318
7.0 0.4752437435754607 0.26526145077150415 0.015214384508990318 0.015214384508990318
7.0 0.48793125587574276 0.252734809375721 0.015214384508990318 0.015214384508990318
7.0 0.5021837526933028 0.23919924126943326 0.016597510373443983 0.015214384508990318
7.0 0.5177139695048657 0.22311723098131997 0.019363762102351315 0.019363762102351315
7.0 0.5449512565216881 0.19859236216644674 0.019363762102351315 0.019363762102351315
7.0 0.3862903640010858 0.37759080747051527 0.019363762102351315 0.017980636237897647
7.0 0.3975805279461473 0.361617865073491 0.017980636237897647 0.016597510373443983
2.0 0.43731439153384605 0.3302690343783671 0.02351313969571231 0.022130013831258646
2.0 0.45596726958200967 0.3054382595703453 0.02074688796680498 0.02074688796680498
2.0 0.4764285031137796 0.2768998912476907 0.02074688796680498 0.02074688796680498
2.0 0.5049018302856991 0.2523183897786513 0.02074688796680498 0.02074688796680498
2.0 0.536105366621514 0.22490967395740954 0.02627939142461964 0.024896265560165973
7.0 0.37322993451979997 0.40949572715188876 0.022130013831258646 0.022130013831258646
7.0 0.3795144060382807 0.3962494878431395 0.02074688796680498 0.02074688796680498
2.0 0.4321156451820653 0.3546446050594718 0.027662517289073305 0.027662517289073305
2.0 0.5742119718634304 0.1915759454212138 0.027662517289073305 0.029045643153526972
7.0 0.3728264099734928 0.42339054614236665 0.02351313969571231 0.02351313969571231
7.0 0.38115770490648887 0.4490774869798768 0.03319502074688797 0.03319502074688797
2.0 0.4526857049078217 0.36275444199876605 0.03319502074688797 0.03319502074688797
7.0 0.3896281630924046 0.49421389911833785 0.05394190871369295 0.05255878284923928
2.0 0.49854817353438163 0.3740737857843266 0.04979253112033195 0.04979253112033195
7.0 0.42191676189064525 0.6041415010555019 0.09405255878284924 0.09266943291839558
2.0 0.6231780282419168 0.40307949949984107 0.0995850622406639 0.09820193637621023
9.0 0.4292886051118406 0.7576297511886726 0.18948824343015214 0.1839557399723375
9.0 0.7516572705588237 0.40787342565073154 0.21715076071922546 0.21300138312586445
7.0 0.41773102260317063 0.33277941970759745 0.015214384508990318 0.013831258644536652
7.0 0.4507856533593945 0.29120020680541486 0.015214384508990318 0.013831258644536652
7.0 0.5629194986780801 0.17815071613472414 0.02351313969571231 0.02351313969571231
7.0 0.5924661491388301 0.1579627156433504 0.015214384508990318 0.015214384508990318
7.0 0.4681688469291896 0.2535956094755253 0.006915629322268326 0.006915629322268326
8.0 0.5200572780872779 0.18148311703391168 0.009681881051175657 0.009681881051175657
8.0 0.5470340477482348 0.15293619208409537 0.011065006915629323 0.011065006915629323
1.0 0.4070189002619637 0.3003829648569478 0.008298755186721992 0.008298755186721992
1.0 0.3996027528978897 0.3056057671030232 0.008298755186721992 0.008298755186721992
1.0 0.40335320165788996 0.30355705031497376 0.008298755186721992 0.008298755186721992
1.0 0.39457458414388685 0.310200926072898 0.006915629322268326 0.008298755186721992
1.0 0.39677842865816637 0.30791877827148056 0.006915629322268326 0.006915629322268326
