7.0 0.40843521930390725 0.8133384699469102 0.14502762430939226 0.14502762430939226
9.0 0.3287267050613361 0.5715026377135838 0.08287292817679558 0.08425414364640885
9.0 0.32739156244510237 0.5548058542094466 0.07320441988950276 0.0718232044198895
7.0 0.32481628736135554 0.5381490749784551 0.04143646408839779 0.04281767955801105
7.0 0.31603534940590033 0.5084659043044337 0.029005524861878452 0.029005524861878452
7.0 0.31216493597906536 0.48709362137640677 0.023480662983425413 0.023480662983425413
2.0 0.6005407394831327 0.4042697743626235 0.08977900552486189 0.08977900552486189
9.0 0.4267721780070131 0.41696113001805934 0.0649171270718232 0.0649171270718232
9.0 0.4124806514257542 0.4180312443247036 0.05662983425414365 0.05662983425414365
2.0 0.3841326233679665 0.42594708987338553 0.027624309392265192 0.027624309392265192
2.0 0.36419549373903726 0.4290524215763113 0.023480662983425413 0.023480662983425413
2.0 0.3542144275892147 0.42461194725715173 0.020718232044198894 0.019337016574585635
2.0 0.35438944628422664 0.41241564448189255 0.013812154696132596 0.015193370165745856
2.0 0.18742161124285597 0.6034260476837577 0.015193370165745856 0.015193370165745856
7.0 0.20524351492921253 0.5952151706206271 0.020718232044198894 0.020718232044198894
2.0 0.20004795995443012 0.576368157434915 0.013812154696132596 0.013812154696132596
7.0 0.3149852372358289 0.46624139399927245 0.019337016574585635 0.019337016574585635
7.0 0.32028080289347527 0.4489245442613789 0.013812154696132596 0.013812154696132596
7.0 0.31981075268401465 0.4409836960419809 0.012430939226519336 0.012430939226519336
7.0 0.31486522441639214 0.4405186463666636 0.009668508287292817 0.009668508287292817
7.0 0.30364902633319973 0.439113496272425 0.009668508287292817 0.009668508287292817
7.0 0.2860071418759983 0.45795550892399395 0.009668508287292817 0.009668508287292817
7.0 0.2730707600475459 0.47510234050101874 0.009668508287292817 0.009668508287292817
7.0 0.2547037981395808 0.5006800726434749 0.013812154696132596 0.013812154696132596
7.0 0.22797094261004597 0.5556559450137902 0.013812154696132596 0.013812154696132596
7.0 0.2341366012086087 0.5404793238891852 0.012430939226519336 0.012430939226519336
7.0 0.2404072710241786 0.5281980120334917 0.012430939226519336 0.011049723756906077
7.0 0.24565783187453616 0.5157366809486431 0.011049723756906077 0.011049723756906077
7.0 0.26469486535768977 0.485278427482426 0.012430939226519336 0.011049723756906077
2.0 0.21003902717253908 0.5543558061365589 0.016574585635359115 0.016574585635359115
2.0 0.22522564936543046 0.5379690557493 0.012430939226519336 0.012430939226519336
2.0 0.23841205790104275 0.5193720692707479 0.009668508287292817 0.009668508287292817
2.0 0.25893925055886924 0.4874236566298578 0.009668508287292817 0.008287292817679558
2.0 0.2969483105813149 0.4452141479271262 0.009668508287292817 0.009668508287292817
2.0 0.3150202409748313 0.42233170368785355 0.008287292817679558 0.008287292817679558
2.0 0.32300109346737477 0.41495091529249384 0.006906077348066298 0.006906077348066298
2.0 0.3289667307002096 0.4125956637110477 0.006906077348066298 0.006906077348066298
2.0 0.24664793763488935 0.5039254193024102 0.011049723756906077 0.012430939226519336
1.0 0.23796701036229817 0.5138064747693688 0.009668508287292817 0.009668508287292817
1.0 0.24232247560102335 0.50344036749052 0.012430939226519336 0.013812154696132596
