2.0 0.749903137825901 0.6359208181412712 0.021352313167259787 0.005338078291814947
2.0 0.7517501499983449 0.6744114912944049 0.023131672597864767 0.0071174377224199285
2.0 0.7526236973216793 0.7141861845454327 0.03202846975088968 0.010676156583629894
7.0 0.7671991509864057 0.8424035997007157 0.03202846975088968 0.012455516014234875
2.0 0.7203521526449294 0.5432811799636426 0.030249110320284697 0.0071174377224199285
2.0 0.7338015663300683 0.5664818597758046 0.026690391459074734 0.008896797153024912
2.0 0.7540948189055783 0.7595592607407962 0.03558718861209965 0.012455516014234875
2.0 0.7533672758948712 0.8102475047710163 0.03558718861209965 0.012455516014234875
7.0 0.6892572822350861 0.44649837449873536 0.033807829181494664 0.010676156583629894
7.0 0.6666949103271935 0.43089686948649464 0.04448398576512456 0.01601423487544484
2.0 0.6839814909538813 0.5639042520872918 0.04448398576512456 0.014234875444839857
7.0 0.6207845927972497 0.41304999467383025 0.06227758007117438 0.021352313167259787
9.0 0.5941791064084982 0.39044427060936765 0.12811387900355872 0.030249110320284697
2.0 0.3464083209887213 0.856144345855173 0.22953736654804271 0.099644128113879
7.0 0.335178342160916 0.24649319860718044 0.18683274021352314 0.07651245551601424
9.0 0.5738812384941055 0.3753833993470719 0.14056939501779359 0.04092526690391459
7.0 0.7055620444561242 0.4549436721798988 0.033807829181494664 0.008896797153024912
7.0 0.7141569944724958 0.46342066106643787 0.028469750889679714 0.008896797153024912
7.0 0.7209840722513332 0.47599499536969087 0.026690391459074734 0.0071174377224199285
2.0 0.6418505768809928 0.5925619186402958 0.06761565836298933 0.023131672597864767
9.0 0.6280236674615256 0.6076918155771948 0.12633451957295375 0.030249110320284697
9.0 0.6133014081490347 0.6246746340552369 0.1423487544483986 0.042704626334519574
2.0 0.7033346530457499 0.5489721652998132 0.030249110320284697 0.010676156583629894
2.0 0.7405982072454926 0.5997712892199557 0.02491103202846975 0.0071174377224199285
7.0 0.7279169855157923 0.49480566860361747 0.01601423487544484 0.0035587188612099642
7.0 0.7360590411756274 0.5146618001676454 0.01601423487544484 0.0071174377224199285
7.0 0.743854990252327 0.5521424737528325 0.014234875444839857 0.005338078291814947
7.0 0.749838377404284 0.5776943104975891 0.014234875444839857 0.0017793594306049821
7.0 0.7543786224514262 0.6104330934910194 0.014234875444839857 0.005338078291814947
7.0 0.7595992907959263 0.6495585153595198 0.01601423487544484 0.005338078291814947
7.0 0.7615791334344792 0.6894001423369782 0.014234875444839857 0.005338078291814947
7.0 0.7683428074111164 0.7746697277933619 0.023131672597864767 0.0071174377224199285
7.0 0.767795668057329 0.7485465183810639 0.019572953736654804 0.005338078291814947
