7 0.37692 0.42248 0.02176 0.09014
7 0.50683 0.33293 0.01195 0.05769
7 0.56698 0.29207 0.01024 0.04087
7 0.64249 0.27163 0.00939 0.03606
2 0.72099 0.36298 0.02048 0.07933
2 0.74872 0.32993 0.01621 0.0613
2 0.78541 0.3101 0.01451 0.05769
8 0.2372 0.60577 0.04949 0.17067
2 0.69433 0.42488 0.02858 0.10216
7 0.74061 0.26683 0.00853 0.03365
9 0.79608 0.25481 0.01536 0.05288
9 0.81698 0.25361 0.0128 0.05529
2 0.843 0.29567 0.01706 0.05288
7 0.85751 0.25721 0.01024 0.03846
9 0.91276 0.27404 0.01664 0.07692
8 0.92705 0.77103 0.02389 0.12139
