2 0.34706 0.378 0.01664 0.06611
9 0.32125 0.33954 0.01792 0.08293
9 0.31335 0.33954 0.01237 0.08534
2 0.29544 0.33594 0.01152 0.04447
2 0.27538 0.3155 0.00981 0.03726
2 0.29501 0.29868 0.00811 0.03245
2 0.32509 0.28606 0.00512 0.02404
2 0.32658 0.27704 0.00555 0.02284
2 0.31485 0.27224 0.00597 0.02043
2 0.30226 0.26923 0.00555 0.01923
2 0.29266 0.26623 0.00427 0.01803
2 0.26877 0.26442 0.00341 0.01442
7 0.08874 0.38462 0.02048 0.05769
7 0.10666 0.35096 0.01536 0.04327
2 0.17172 0.40986 0.02346 0.07452
7 0.141 0.32392 0.01237 0.03486
7 0.17619 0.3101 0.00853 0.02885
7 0.21758 0.29627 0.00768 0.02524
7 0.234 0.28666 0.00725 0.02284
7 0.22782 0.28365 0.00427 0.01923
7 0.21971 0.27764 0.00512 0.01923
7 0.20734 0.27704 0.00427 0.01803
7 0.16318 0.27825 0.00555 0.02043
7 0.12991 0.28185 0.0064 0.01803
7 0.09407 0.28546 0.00555 0.01803
2 0.10708 0.28065 0.00512 0.02043
2 0.1939 0.27103 0.00384 0.01803
2 0.22526 0.26803 0.00341 0.01683
2 0.24659 0.26683 0.00427 0.01683
9 0.06506 0.42248 0.00981 0.10216
2 0.18131 0.33834 0.02048 0.03486
2 0.91489 0.73678 0.04991 0.1899
