7 0.31122 0.41947 0.02517 0.09615
7 0.34258 0.34615 0.01451 0.0625
7 0.32594 0.31971 0.01195 0.04808
7 0.26706 0.3131 0.01195 0.04688
7 0.14612 0.33474 0.01578 0.05889
2 0.16361 0.30048 0.00896 0.03606
2 0.24317 0.28786 0.00853 0.03005
2 0.31911 0.27885 0.00768 0.02885
2 0.37543 0.27644 0.00512 0.02885
2 0.4247 0.27644 0.00555 0.03606
2 0.47163 0.28846 0.00811 0.03846
2 0.51706 0.3101 0.01024 0.04808
2 0.55482 0.36779 0.01664 0.07452
2 0.74317 0.67127 0.03242 0.19591
1 0.13055 0.28606 0.01024 0.04087
