2.0 0.6220781462303377 0.40586159895782925 0.08089260808926081 0.09344490934449093
2.0 0.4984722650300034 0.3850838087680536 0.03765690376569038 0.04602510460251046
2.0 0.4542716719024309 0.3775562845129993 0.029288702928870293 0.03486750348675035
2.0 0.4117343889496369 0.38489658654261827 0.022315202231520222 0.026499302649930265
2.0 0.38670704378148735 0.39622744287031597 0.01813110181311018 0.02092050209205021
2.0 0.36761095293799606 0.406316599092704 0.016736401673640166 0.02092050209205021
2.0 0.3427355316742739 0.4229156540127365 0.015341701534170154 0.019525801952580194
2.0 0.32175522398546796 0.43657953032278046 0.015341701534170154 0.016736401673640166
2.0 0.2882072123459711 0.46293273012724834 0.01394700139470014 0.015341701534170154
2.0 0.25329068142074757 0.4935450037953456 0.015341701534170154 0.01813110181311018
2.0 0.2095182272865723 0.5361954930680941 0.016736401673640166 0.019525801952580194
2.0 0.17858824537261547 0.5670315071960447 0.016736401673640166 0.019525801952580194
7.0 0.2043469733702733 0.5551405730436567 0.02092050209205021 0.023709902370990237
7.0 0.2379868824065969 0.5233443834491313 0.019525801952580194 0.023709902370990237
7.0 0.2702230277092572 0.4947519252227538 0.01813110181311018 0.022315202231520222
7.0 0.29285232590145027 0.4776995259190429 0.019525801952580194 0.022315202231520222
7.0 0.31516974394723307 0.46732884505792033 0.019525801952580194 0.023709902370990237
7.0 0.35205530028503584 0.4535088855714704 0.023709902370990237 0.02789400278940028
7.0 0.36724629671285536 0.4721492286425023 0.030683403068340307 0.03486750348675035
7.0 0.3867691406683148 0.5380438125276147 0.05439330543933055 0.06555090655509066
7.0 0.4308075504534679 0.6886207321443653 0.11576011157601115 0.13389121338912133
