2.0 0.6386488971953991 0.3045892066522895 0.04498269896193772 0.01730103806228374
7.0 0.4063343481492101 0.22751724295811313 0.14186851211072665 0.06055363321799308
7.0 0.5216087185852684 0.1909035735945795 0.08823529411764706 0.03633217993079585
2.0 0.6397152666712177 0.4269347073028357 0.05190311418685121 0.01903114186851211
2.0 0.6829708351904252 0.4975604985523905 0.039792387543252594 0.01384083044982699
2.0 0.6345498591915303 0.5087577089763553 0.06401384083044982 0.025951557093425604
2.0 0.5752572787592628 0.6415003765080814 0.10380622837370242 0.04325259515570934
7.0 0.5449711906963369 0.15823525816700293 0.06920415224913495 0.031141868512110725
2.0 0.6135483960230886 0.16424248978397193 0.03633217993079585 0.01730103806228374
2.0 0.632286058261597 0.24785856088780728 0.039792387543252594 0.01384083044982699
2.0 0.6432402325834399 0.35641639420331095 0.04325259515570934 0.01730103806228374
2.0 0.6742521996594755 0.31312849952787 0.025951557093425604 0.00865051903114187
2.0 0.6813540552359604 0.3483852353142045 0.025951557093425604 0.00865051903114187
2.0 0.6874908559046153 0.3805304984162789 0.02249134948096886 0.00865051903114187
2.0 0.6900060372098683 0.4137661839787955 0.031141868512110725 0.010380622837370242
2.0 0.6897564972149589 0.4464243457554701 0.031141868512110725 0.010380622837370242
2.0 0.6876145883012511 0.46561760302374716 0.0328719723183391 0.010380622837370242
2.0 0.6812635978452822 0.554280335839792 0.04671280276816609 0.01730103806228374
2.0 0.6925451712874615 0.6383718000199606 0.05190311418685121 0.01903114186851211
2.0 0.7106897222626222 0.7674769886548756 0.05709342560553633 0.02249134948096886
7.0 0.7614660934623212 0.8074730170279395 0.03460207612456748 0.012110726643598616
7.0 0.7469381060292876 0.7385347462207315 0.0328719723183391 0.012110726643598616
7.0 0.7288997865555978 0.6790528961969008 0.0328719723183391 0.012110726643598616
7.0 0.721300723353336 0.6249827519690427 0.03806228373702422 0.012110726643598616
7.0 0.7161841134263826 0.5655991437790694 0.03460207612456748 0.01384083044982699
7.0 0.7160898902859835 0.538132776375414 0.02768166089965398 0.00865051903114187
7.0 0.717389787491848 0.5129482944952571 0.02768166089965398 0.00865051903114187
7.0 0.7188238695162813 0.4810807910326821 0.020761245674740483 0.00865051903114187
7.0 0.7143535913681477 0.44545421115798317 0.02249134948096886 0.00865051903114187
2.0 0.6605641420407699 0.2654422322457911 0.02768166089965398 0.010380622837370242
2.0 0.652349009462377 0.22614666537776815 0.025951557093425604 0.010380622837370242
2.0 0.6471676856512611 0.19691742698795223 0.02422145328719723 0.010380622837370242
2.0 0.6330178345641774 0.11151159734200311 0.02768166089965398 0.012110726643598616
2.0 0.640987590934691 0.15294376816020203 0.02422145328719723 0.00865051903114187
7.0 0.6475240007646207 0.145924519212035 0.01903114186851211 0.005190311418685121
9.0 0.6538185056442091 0.1753730079928464 0.04152249134948097 0.012110726643598616
9.0 0.6559239594537606 0.18271629410354068 0.04152249134948097 0.015570934256055362
7.0 0.6641680080251765 0.19548532233098134 0.01730103806228374 0.006920415224913495
7.0 0.668085985668019 0.2271820799126757 0.020761245674740483 0.005190311418685121
7.0 0.6740292842346008 0.26565194849558815 0.025951557093425604 0.00865051903114187
7.0 0.6783416663049305 0.2963361413101644 0.020761245674740483 0.006920415224913495
7.0 0.6902411991498856 0.3427530878358629 0.01730103806228374 0.005190311418685121
7.0 0.7010089131510101 0.3772978267401135 0.01730103806228374 0.005190311418685121
7.0 0.709803276267637 0.413077036864501 0.01903114186851211 0.006920415224913495
9.0 0.6769082238309114 0.24406514085310557 0.0328719723183391 0.010380622837370242
9.0 0.6784343511687936 0.2511052030167424 0.03460207612456748 0.010380622837370242
