9 0.22142 0.64423 0.09898 0.35096
7 0.39932 0.29808 0.00853 0.03846
7 0.39846 0.27644 0.00768 0.03365
7 0.42918 0.26442 0.00683 0.02885
7 0.42065 0.3744 0.01792 0.06851
7 0.41724 0.31731 0.01024 0.04808
2 0.52645 0.28606 0.00853 0.03846
2 0.60495 0.33113 0.01536 0.0613
2 0.7035 0.28005 0.00853 0.04327
7 0.85196 0.27644 0.0128 0.04808
2 0.81058 0.31731 0.01706 0.0625
7 0.35452 0.5 0.03584 0.13462
2 0.66212 0.38462 0.02048 0.08654
2 0.75 0.55529 0.04778 0.17067
9 0.86433 0.66526 0.1041 0.33053
2 0.54522 0.30409 0.01024 0.05048
2 0.5241 0.27103 0.00555 0.03966
7 0.45222 0.2524 0.00512 0.02644
7 0.48549 0.24639 0.00512 0.02404
2 0.53413 0.26082 0.00597 0.03125
2 0.55461 0.2512 0.00512 0.02644
2 0.57295 0.24519 0.00512 0.02404
2 0.59087 0.23918 0.00427 0.02163
2 0.67278 0.26082 0.00768 0.03606
2 0.65785 0.2512 0.00683 0.03125
2 0.65188 0.24159 0.00512 0.02644
2 0.64846 0.23558 0.00427 0.01923
7 0.77986 0.25962 0.00853 0.03365
7 0.76195 0.25 0.00683 0.03125
7 0.75341 0.23798 0.00683 0.02644
2 0.60004 0.23438 0.00384 0.01683
7 0.51706 0.24099 0.00512 0.02524
7 0.53904 0.23317 0.00299 0.01202
2 0.58426 0.22596 0.00299 0.01442
2 0.67086 0.22897 0.00469 0.01803
2 0.6875 0.22416 0.00469 0.02043
2 0.72718 0.22236 0.00469 0.01923
2 0.76898 0.22236 0.00469 0.01923
2 0.78882 0.21875 0.00427 0.02163
7 0.77944 0.23137 0.00427 0.01803
7 0.79885 0.21454 0.00299 0.01322
7 0.82551 0.22897 0.00512 0.02043
2 0.81442 0.22296 0.00597 0.02043
2 0.83106 0.21995 0.00512 0.01923
2 0.86156 0.22115 0.00555 0.02163
2 0.85644 0.22296 0.00469 0.02043
2 0.87777 0.22296 0.00555 0.02043
7 0.92747 0.23498 0.00597 0.02524
7 0.90124 0.22236 0.00384 0.01683
7 0.87095 0.23197 0.00469 0.02404
7 0.85004 0.21755 0.00384 0.01442
7 0.7099 0.21334 0.00341 0.01322
2 0.5657 0.22296 0.00427 0.01562
