2.0 0.8283586183841248 0.588166987314337 0.013333333333333334 0.02
2.0 0.7768846354009897 0.5920703371979806 0.016666666666666666 0.023333333333333334
2.0 0.7442160115802227 0.5996290786090512 0.015 0.025
2.0 0.44714048679642926 0.5540537150467258 0.015 0.023333333333333334
2.0 0.7467613740475395 0.6122941157347142 0.02 0.035
2.0 0.34533291238325586 0.5360029370857887 0.011666666666666667 0.018333333333333333
2.0 0.24700001419610426 0.5229740923289616 0.01 0.018333333333333333
2.0 0.5291149460140288 0.579550289814153 0.02 0.028333333333333332
2.0 0.8014481414854266 0.6377023300165168 0.03 0.045
7.0 0.24208761440002766 0.5367974020594759 0.015 0.021666666666666667
7.0 0.3127396063745488 0.5574851974049065 0.018333333333333333 0.028333333333333332
2.0 0.5690400102285039 0.6264296572247863 0.02666666666666667 0.04666666666666667
7.0 0.2536804776976539 0.5946863408448805 0.03166666666666667 0.04833333333333333
