7 0.21909 0.66228 0.04909 0.0848
7 0.40182 0.53874 0.01364 0.0307
7 0.44568 0.50841 0.00773 0.01974
7 0.47091 0.48904 0.00545 0.01462
7 0.48227 0.4788 0.00455 0.0117
7 0.49023 0.47222 0.00318 0.00877
7 0.35909 0.49269 0.00545 0.01462
7 0.22773 0.50731 0.00818 0.01754
2 0.68364 0.52266 0.01636 0.03655
2 0.62955 0.49123 0.01 0.02339
2 0.60477 0.47734 0.00682 0.01608
2 0.59136 0.47003 0.00455 0.0117
2 0.89318 0.64181 0.05364 0.09211
2 0.41364 0.49854 0.00909 0.02047
2 0.28364 0.51462 0.01091 0.02339
2 0.07091 0.54459 0.01273 0.0307
2 0.58386 0.46564 0.00409 0.01023
2 0.57773 0.46382 0.00364 0.0095
7 0.49591 0.46784 0.00364 0.00877
7 0.50159 0.46418 0.00318 0.00731
2 0.57182 0.46053 0.00364 0.00877
2 0.5675 0.45687 0.00318 0.00877
7 0.50523 0.46162 0.00318 0.00658
