2.0 0.5370122275686509 0.5314113431488375 0.008670520231213872 0.008670520231213872
7.0 0.46073630384397446 0.49504456961851573 0.008670520231213872 0.010115606936416185
2.0 0.5374432241787163 0.5366683335387596 0.010115606936416185 0.01300578034682081
7.0 0.4531396165121832 0.4951951938375993 0.008670520231213872 0.011560693641618497
2.0 0.5419137193698754 0.5423972216143205 0.010115606936416185 0.014450867052023121
2.0 0.5475099205356848 0.5520765417921047 0.014450867052023121 0.017341040462427744
7.0 0.44407623369001253 0.49707987494474093 0.010115606936416185 0.01300578034682081
7.0 0.43348194419912983 0.49982650034624704 0.01300578034682081 0.017341040462427744
2.0 0.5583549681850113 0.5720884612915226 0.01878612716763006 0.024566473988439308
7.0 0.4141781593598074 0.5038080012578684 0.015895953757225433 0.02167630057803468
2.0 0.5679586178361488 0.5964681431941941 0.02601156069364162 0.033236994219653176
7.0 0.3870652876545052 0.5103411042666327 0.024566473988439308 0.030346820809248554
2.0 0.5997154094917702 0.6519001904463749 0.04190751445086705 0.049132947976878616
7.0 0.33445426046526083 0.5234278992239596 0.036127167630057806 0.04335260115606936
2.0 0.6446715657983566 0.7512211841758794 0.07658959537572255 0.08959537572254335
7.0 0.19860709368454008 0.5475633334061064 0.07803468208092486 0.09104046242774566
