2 0.89615 0.514 0.00513 0.012
2 0.80577 0.518 0.00641 0.012
8 0.86667 0.5155 0.00385 0.007
2 0.72756 0.523 0.00513 0.012
2 0.71859 0.523 0.00513 0.012
8 0.77436 0.524 0.00641 0.012
8 0.68526 0.53 0.00641 0.012
2 0.59551 0.532 0.00513 0.012
8 0.62051 0.534 0.00641 0.012
8 0.57949 0.54 0.00513 0.012
2 0.52051 0.54 0.00641 0.012
2 0.46667 0.549 0.00513 0.012
8 0.52949 0.549 0.00769 0.016
2 0.43462 0.557 0.00769 0.014
8 0.53718 0.557 0.00769 0.018
8 0.56667 0.56 0.01026 0.02
8 0.64103 0.564 0.01282 0.024
8 0.85128 0.567 0.01923 0.032
2 0.4 0.57 0.00769 0.02
2 0.38205 0.584 0.01026 0.022
2 0.6359 0.597 0.02051 0.038
2 0.36859 0.609 0.01795 0.036
8 0.73077 0.66 0.04103 0.07
8 0.24423 0.704 0.04231 0.076
8 0.71346 0.5555 0.01923 0.019
8 0.70481 0.5385 0.00962 0.013
2 0.74135 0.535 0.01218 0.012
8 0.86378 0.526 0.00962 0.012
8 0.88365 0.5315 0.01603 0.015
