7 0.21923 0.574 0.0141 0.028
7 0.30545 0.5955 0.01859 0.037
7 0.31378 0.648 0.03269 0.058
7 0.23173 0.556 0.00962 0.02
2 0.3641 0.552 0.01026 0.022
2 0.41699 0.5525 0.0109 0.023
2 0.52468 0.576 0.01731 0.034
2 0.68077 0.636 0.03846 0.064
2 0.43622 0.539 0.00833 0.02
7 0.34231 0.54 0.00769 0.016
7 0.44199 0.5295 0.00577 0.013
7 0.49808 0.522 0.00513 0.012
2 0.52596 0.526 0.00833 0.018
2 0.57436 0.519 0.00641 0.014
2 0.56859 0.509 0.00513 0.01
7 0.45288 0.5105 0.00449 0.011
7 0.50256 0.5115 0.00385 0.009
7 0.49808 0.5095 0.00385 0.009
2 0.5641 0.507 0.00385 0.01
2 0.52981 0.507 0.00449 0.012
2 0.36987 0.5135 0.00385 0.009
7 0.35321 0.5165 0.00385 0.009
7 0.40064 0.5135 0.00385 0.009
7 0.14423 0.5305 0.00385 0.009
2 0.41282 0.512 0.00256 0.008
2 0.1266 0.53 0.00449 0.01
2 0.17853 0.5255 0.00449 0.011
2 0.24071 0.522 0.00449 0.01
2 0.30545 0.519 0.00449 0.01
7 0.20962 0.525 0.00513 0.012
7 0.2859 0.5205 0.00385 0.009
2 0.47917 0.508 0.00321 0.008
2 0.57628 0.5125 0.00513 0.011
7 0.49968 0.517 0.00449 0.01
