7.0 0.527226639002023 0.49529044852977455 0.0029239766081871343 0.0043859649122807015
7.0 0.5272796616771562 0.4977214209339593 0.0043859649122807015 0.005847953216374269
2.0 0.5584698124038403 0.48250896798227433 0.0029239766081871343 0.0043859649122807015
2.0 0.5625556223720699 0.4823483999676126 0.0043859649122807015 0.0043859649122807015
7.0 0.5273294029776237 0.5001456655230607 0.0043859649122807015 0.005847953216374269
2.0 0.5665815023868319 0.4828333521290942 0.005847953216374269 0.007309941520467836
7.0 0.5261546819329105 0.5031671203013786 0.0043859649122807015 0.0043859649122807015
2.0 0.5687706888838232 0.4842141195744001 0.0043859649122807015 0.007309941520467836
7.0 0.5248433639764292 0.5074794503662315 0.0043859649122807015 0.007309941520467836
2.0 0.5748693563265582 0.48430439614289555 0.005847953216374269 0.008771929824561403
7.0 0.5245236958295919 0.5107001583661134 0.007309941520467836 0.007309941520467836
2.0 0.5801129708714172 0.4841954194898268 0.007309941520467836 0.008771929824561403
2.0 0.5864579064798553 0.4847735451847451 0.007309941520467836 0.01023391812865497
7.0 0.523328776942129 0.5167879314692584 0.007309941520467836 0.008771929824561403
8.0 0.42562867266793036 0.5687285041783793 0.008771929824561403 0.011695906432748537
7.0 0.5219642568472634 0.5217425003355887 0.008771929824561403 0.011695906432748537
2.0 0.5952913338236209 0.4865947856547477 0.01023391812865497 0.011695906432748537
2.0 0.3976126304327985 0.584233383885065 0.01023391812865497 0.011695906432748537
8.0 0.4943437210767361 0.5419514887351724 0.008771929824561403 0.011695906432748537
7.0 0.5204429419978799 0.5310542628132816 0.01023391812865497 0.013157894736842105
2.0 0.6044807005870244 0.4906825996641312 0.008771929824561403 0.011695906432748537
2.0 0.49096289706694785 0.5466652222080948 0.01023391812865497 0.014619883040935672
8.0 0.6401790934043757 0.47694408769118884 0.01023391812865497 0.014619883040935672
9.0 0.5527605108054431 0.5220294843132619 0.02046783625730994 0.027777777777777776
7.0 0.518801767241561 0.5416570656432612 0.013157894736842105 0.017543859649122806
7.0 0.3829577919000675 0.6085205615140075 0.01608187134502924 0.019005847953216373
2.0 0.677630605502863 0.4660316081251422 0.013157894736842105 0.017543859649122806
2.0 0.6260572012860502 0.49301785272249293 0.014619883040935672 0.019005847953216373
8.0 0.7223261276968322 0.4466806504305117 0.014619883040935672 0.017543859649122806
8.0 0.6218912635216032 0.49689025923812546 0.014619883040935672 0.019005847953216373
9.0 0.5343495396410691 0.5432599683974016 0.024853801169590642 0.03508771929824561
8.0 0.4277291524118041 0.5970944205121566 0.01608187134502924 0.021929824561403508
8.0 0.8050390983018287 0.4136843542963756 0.017543859649122806 0.019005847953216373
8.0 0.6226957320809791 0.506291913874589 0.01608187134502924 0.021929824561403508
8.0 0.4899693961154869 0.5710268732859006 0.017543859649122806 0.021929824561403508
9.0 0.6794428116994338 0.4798387663598956 0.029239766081871343 0.039473684210526314
7.0 0.5158855458015618 0.5620594800773565 0.019005847953216373 0.023391812865497075
2.0 0.6533664064209239 0.4962298365703811 0.019005847953216373 0.024853801169590642
9.0 0.5868032507350252 0.5336001951292942 0.03508771929824561 0.04678362573099415
8.0 0.8136321422569418 0.42664111026929025 0.021929824561403508 0.029239766081871343
8.0 0.3855995555695302 0.6488733294977365 0.024853801169590642 0.03216374269005848
7.0 0.5076682325973686 0.591793290958919 0.024853801169590642 0.03216374269005848
2.0 0.6994607037749916 0.5006983575663506 0.024853801169590642 0.03216374269005848
7.0 0.3025322408434961 0.702863071915577 0.03070175438596491 0.03654970760233918
8.0 0.8266094583805879 0.45092629156132236 0.03216374269005848 0.039473684210526314
9.0 0.7170137627958888 0.5141820322823152 0.05847953216374269 0.07456140350877193
8.0 0.3221817315755335 0.7128757435239784 0.038011695906432746 0.04532163742690058
9.0 0.5308367539470628 0.6160048994301187 0.06140350877192982 0.08187134502923976
8.0 0.8105393503487401 0.48938717647632757 0.04239766081871345 0.05263157894736842
8.0 0.6075428037913916 0.59941348028919 0.04532163742690058 0.05701754385964912
8.0 0.5088592077554815 0.675719150516534 0.05263157894736842 0.06725146198830409
2.0 0.8488364933501704 0.5135739065233467 0.05847953216374269 0.07017543859649122
7.0 0.48908389595949286 0.6988309922613418 0.054093567251461985 0.06871345029239766
8.0 0.33768223859114127 0.6612258938542205 0.021929824561403508 0.03070175438596491
