7 0.82564 0.515 0.00256 0.008
7 0.81795 0.515 0.00256 0.006
7 0.77949 0.5155 0.00256 0.007
7 0.83654 0.516 0.00385 0.008
7 0.84679 0.517 0.00385 0.008
2 0.75385 0.5185 0.00256 0.009
7 0.86474 0.518 0.00385 0.01
7 0.88397 0.518 0.00513 0.01
7 0.90577 0.5195 0.00385 0.009
7 0.7609 0.522 0.00385 0.008
7 0.71859 0.522 0.00256 0.008
7 0.85577 0.524 0.00513 0.012
7 0.7391 0.524 0.00385 0.008
2 0.64808 0.525 0.00256 0.006
2 0.66538 0.526 0.00256 0.008
7 0.79808 0.527 0.00641 0.01
7 0.71218 0.527 0.00385 0.01
2 0.90577 0.527 0.00641 0.012
2 0.68333 0.528 0.00385 0.008
2 0.67115 0.528 0.00256 0.008
7 0.69744 0.529 0.00385 0.01
7 0.73718 0.529 0.00513 0.01
2 0.80769 0.529 0.00513 0.014
7 0.70449 0.53 0.00385 0.01
2 0.63974 0.531 0.00256 0.006
2 0.73077 0.532 0.00513 0.012
2 0.63077 0.533 0.00256 0.01
2 0.67179 0.535 0.00385 0.01
2 0.64295 0.535 0.00385 0.01
2 0.61667 0.571 0.01026 0.028
2 0.46731 0.58 0.01026 0.024
2 0.6359 0.595 0.01795 0.036
2 0.43077 0.602 0.01667 0.034
2 0.87564 0.621 0.03077 0.054
2 0.34968 0.658 0.03141 0.056
2 0.74103 0.66 0.03846 0.068
7 0.80994 0.5145 0.00321 0.007
7 0.80545 0.5145 0.00321 0.009
7 0.6891 0.5215 0.00385 0.009
7 0.69359 0.521 0.00385 0.01
7 0.70385 0.52 0.00385 0.008
7 0.73397 0.522 0.00385 0.01
2 0.90256 0.5115 0.00385 0.009
2 0.88846 0.5115 0.00385 0.009
2 0.87308 0.511 0.00385 0.006
9 0.86987 0.511 0.00513 0.014
7 0.90833 0.517 0.00385 0.01
2 0.72885 0.52 0.00385 0.008
2 0.75897 0.516 0.00385 0.008
