2 0.87051 0.524 0.00513 0.012
2 0.85769 0.525 0.00641 0.014
8 0.82308 0.536 0.01026 0.016
2 0.69487 0.538 0.00513 0.012
8 0.73526 0.541 0.00897 0.016
2 0.59808 0.547 0.00641 0.014
8 0.68077 0.548 0.00769 0.018
2 0.53013 0.559 0.00641 0.014
8 0.61538 0.562 0.01026 0.02
2 0.48654 0.572 0.00897 0.02
8 0.63462 0.578 0.01282 0.028
8 0.6891 0.589 0.01667 0.034
2 0.43333 0.596 0.01154 0.026
8 0.84744 0.606 0.02436 0.048
2 0.39103 0.626 0.02051 0.04
2 0.30385 0.727 0.04103 0.084
8 0.87756 0.5505 0.01667 0.017
