2.0 0.5561082348420501 0.5243588408880295 0.003189792663476874 0.004784688995215311
7.0 0.5258390022954339 0.5168653613539346 0.001594896331738437 0.004784688995215311
2.0 0.558462215044655 0.5256067248645971 0.003189792663476874 0.004784688995215311
7.0 0.5248084331078716 0.517840402796733 0.003189792663476874 0.004784688995215311
2.0 0.5603027409829914 0.527351073927773 0.001594896331738437 0.004784688995215311
2.0 0.5639358710455019 0.5295672958884758 0.004784688995215311 0.004784688995215311
7.0 0.522242294398373 0.5202554002730492 0.003189792663476874 0.006379585326953748
2.0 0.5671040349638282 0.5335187951230733 0.003189792663476874 0.007974481658692184
7.0 0.5191126661279699 0.5219022742942968 0.004784688995215311 0.007974481658692184
2.0 0.5679182186795495 0.5362224103811032 0.003189792663476874 0.004784688995215311
7.0 0.5151009787490761 0.5239383921019231 0.003189792663476874 0.007974481658692184
2.0 0.5728747597571028 0.5406615577611722 0.006379585326953748 0.009569377990430622
7.0 0.5120234992577826 0.5268419670408752 0.004784688995215311 0.009569377990430622
2.0 0.57675858397443 0.5448132715248365 0.004784688995215311 0.006379585326953748
2.0 0.5820800692371803 0.549341751474717 0.007974481658692184 0.011164274322169059
7.0 0.5064741288744788 0.5303259285059914 0.006379585326953748 0.011164274322169059
8.0 0.38942319253699176 0.5039415893487729 0.007974481658692184 0.012759170653907496
7.0 0.5020032494928997 0.5341073246939582 0.007974481658692184 0.012759170653907496
2.0 0.5875401121068409 0.5576439948367365 0.006379585326953748 0.011164274322169059
2.0 0.35541658100393064 0.49607227294562606 0.009569377990430622 0.012759170653907496
8.0 0.4653183627024333 0.530491277376305 0.009569377990430622 0.014354066985645933
7.0 0.4946055141815719 0.5401986105404848 0.011164274322169059 0.014354066985645933
2.0 0.5926894730528874 0.5671057189226766 0.011164274322169059 0.014354066985645933
2.0 0.4590069573825177 0.5325283245010959 0.012759170653907496 0.017543859649122806
8.0 0.6442539841824592 0.5840334342390376 0.012759170653907496 0.017543859649122806
9.0 0.5280350716568268 0.5559952627537638 0.019138755980861243 0.030303030303030304
7.0 0.48551158468031674 0.5483293118424202 0.011164274322169059 0.017543859649122806
2.0 0.670203009543326 0.599068411607767 0.012759170653907496 0.02073365231259968
7.0 0.34809169002350215 0.5133760805517876 0.012759170653907496 0.019138755980861243
8.0 0.584564011487924 0.5773642389326674 0.014354066985645933 0.019138755980861243
2.0 0.6087824853416026 0.5844706963259558 0.014354066985645933 0.02073365231259968
9.0 0.4973194550353426 0.5602007689594662 0.023923444976076555 0.03827751196172249
8.0 0.5863330500087507 0.5865373452368937 0.01594896331738437 0.023923444976076555
8.0 0.4403962799084869 0.5517874794380645 0.014354066985645933 0.025518341307814992
9.0 0.6623224679916805 0.6112524223142737 0.028708133971291867 0.044657097288676235
8.0 0.36587094402998355 0.5330612035682173 0.019138755980861243 0.02711323763955343
7.0 0.46881714752707926 0.5618882833535699 0.01594896331738437 0.025518341307814992
9.0 0.5708912930221302 0.5910988327838024 0.028708133971291867 0.046251993620414676
2.0 0.6289678683297985 0.6066604042366575 0.017543859649122806 0.02711323763955343
8.0 0.29766409589199927 0.5265953737536502 0.022328548644338118 0.030303030303030304
8.0 0.8134235690825665 0.6697636188615875 0.023923444976076555 0.03189792663476874
9.0 0.49512819838730077 0.5913158606136807 0.03668261562998405 0.05901116427432217
7.0 0.44133465153084833 0.5812556970710313 0.023923444976076555 0.03508771929824561
2.0 0.6644378540324868 0.6435214753990545 0.025518341307814992 0.03508771929824561
8.0 0.21556106139577685 0.5232453013109756 0.02711323763955343 0.03668261562998405
9.0 0.6407535299948662 0.6458743737610881 0.044657097288676235 0.07177033492822966
8.0 0.7376468613165509 0.6743223190296067 0.030303030303030304 0.0430622009569378
7.0 0.5872570519308414 0.6389964018326588 0.030303030303030304 0.0430622009569378
8.0 0.27804777174714324 0.5567696157274032 0.030303030303030304 0.0430622009569378
7.0 0.231283403992081 0.5448647319650574 0.03189792663476874 0.044657097288676235
8.0 0.4321006512845146 0.622910968210143 0.03827751196172249 0.05263157894736842
8.0 0.7854960459248572 0.7194712973195319 0.03827751196172249 0.05582137161084529
8.0 0.5721166247399793 0.6840484153495484 0.044657097288676235 0.06220095693779904
2.0 0.778206820540794 0.7610305324301683 0.05263157894736842 0.07655502392344497
8.0 0.7309774866415477 0.7508609259417172 0.05263157894736842 0.0733652312599681
7.0 0.35050744443191906 0.6563706515541473 0.05263157894736842 0.07496012759170653
