2.0 0.6293864990225672 0.638629844524532 0.011157601115760111 0.012552301255230125
2.0 0.6981127269747139 0.6904187719461601 0.012552301255230125 0.01394700139470014
2.0 0.6106552352553106 0.6307737567861762 0.012552301255230125 0.01394700139470014
2.0 0.690224416843959 0.6925217021033822 0.015341701534170154 0.016736401673640166
2.0 0.5827699844926345 0.6213844438759799 0.016736401673640166 0.019525801952580194
2.0 0.6884049375205167 0.7063508893657052 0.019525801952580194 0.023709902370990237
2.0 0.5188288075279844 0.5982370387539446 0.023709902370990237 0.026499302649930265
2.0 0.41089626016199443 0.5741285511152856 0.04184100418410042 0.04602510460251046
2.0 0.17316176970599978 0.526420333660132 0.08368200836820083 0.09065550906555091
8.0 0.6338357584060467 0.78370270366936 0.061366806136680614 0.06694560669456066
