8 0.12409 0.49559 0.01091 0.02353
2 0.57455 0.51103 0.00182 0.00588
7 0.53636 0.51176 0.00182 0.00588
2 0.57727 0.51176 0.00182 0.00588
7 0.53432 0.5136 0.00227 0.00515
2 0.58 0.51324 0.00273 0.00588
2 0.58545 0.51544 0.00364 0.00588
7 0.53318 0.51691 0.00273 0.00588
2 0.59 0.51765 0.00364 0.00735
7 0.53 0.51949 0.00273 0.00809
2 0.59182 0.52132 0.00364 0.00735
7 0.52591 0.52353 0.00364 0.00882
2 0.59909 0.525 0.00364 0.00882
2 0.60545 0.52794 0.00545 0.01029
7 0.52364 0.52794 0.00364 0.00882
2 0.61273 0.53309 0.00545 0.01029
7 0.51818 0.53382 0.00545 0.01176
8 0.34182 0.53897 0.00636 0.01471
7 0.51364 0.53971 0.00545 0.01471
2 0.62273 0.54044 0.00727 0.01324
8 0.45455 0.54559 0.00727 0.01471
2 0.63136 0.55 0.00727 0.01765
7 0.50636 0.55 0.00909 0.01618
8 0.15273 0.55147 0.01 0.01912
8 0.71 0.55441 0.00818 0.02059
9 0.52682 0.55588 0.01182 0.03529
7 0.49818 0.56176 0.00909 0.02059
8 0.82545 0.5625 0.01 0.02059
2 0.65545 0.56618 0.01091 0.02353
8 0.61545 0.56618 0.01 0.02059
9 0.51545 0.57206 0.01455 0.04412
8 0.91636 0.575 0.01091 0.02353
8 0.27955 0.57647 0.01182 0.02647
8 0.64364 0.57941 0.01091 0.02647
8 0.44545 0.58015 0.01182 0.02647
9 0.72682 0.58088 0.02091 0.05147
7 0.48227 0.58382 0.01273 0.02647
2 0.68636 0.58529 0.01455 0.02941
9 0.58455 0.59118 0.02182 0.05588
8 0.91909 0.59559 0.01636 0.03235
8 0.26 0.60147 0.01818 0.03382
7 0.45636 0.61471 0.01636 0.03971
8 0.28364 0.61618 0.01818 0.03971
2 0.74 0.61838 0.02 0.03824
8 0.92091 0.63088 0.02182 0.04706
9 0.75182 0.64559 0.04 0.09118
9 0.46932 0.65662 0.03773 0.10147
8 0.87818 0.66985 0.03091 0.06029
8 0.57136 0.68235 0.03364 0.06765
8 0.40727 0.71691 0.04 0.07941
2 0.91091 0.71985 0.04727 0.07941
7 0.37273 0.73309 0.04 0.08382
