2.0 0.6149464018224771 0.42208055882674106 0.012448132780082987 0.012448132780082987
2.0 0.5659646287732781 0.47753865814871255 0.011065006915629323 0.011065006915629323
2.0 0.5263132884263089 0.5236925913178241 0.008298755186721992 0.008298755186721992
2.0 0.6614617287865225 0.3778283587941553 0.019363762102351315 0.017980636237897647
2.0 0.48155943463329176 0.5786884273022241 0.009681881051175657 0.008298755186721992
7.0 0.5306661506049662 0.5294415398569591 0.012448132780082987 0.012448132780082987
7.0 0.49071154508912873 0.5759322831179274 0.012448132780082987 0.011065006915629323
7.0 0.5721145503389085 0.4855250867428155 0.015214384508990318 0.013831258644536652
2.0 0.4322293331627528 0.6430000179282692 0.009681881051175657 0.009681881051175657
2.0 0.394522526751468 0.6933443024229466 0.011065006915629323 0.009681881051175657
7.0 0.4491152859072685 0.6337712300604663 0.015214384508990318 0.015214384508990318
2.0 0.6923967130420311 0.36781314915912405 0.02627939142461964 0.02627939142461964
7.0 0.40646649518835615 0.6906624733502924 0.015214384508990318 0.013831258644536652
7.0 0.580740010127013 0.49817045583115555 0.02074688796680498 0.02074688796680498
2.0 0.35466559401360664 0.7503098608244152 0.012448132780082987 0.012448132780082987
2.0 0.7449587804770547 0.352828555435813 0.042876901798063624 0.042876901798063624
7.0 0.5496240030632047 0.5740031205130411 0.034578146611341634 0.0318118948824343
7.0 0.463057281064083 0.7611615143836807 0.058091286307053944 0.056708160442600276
