7.0 0.5063700654132516 0.5239555370429926 0.004149377593360996 0.004149377593360996
2.0 0.5385651137613936 0.554344886870006 0.005532503457814661 0.004149377593360996
7.0 0.5022437303348232 0.5244425625141934 0.005532503457814661 0.005532503457814661
2.0 0.5403013793443469 0.5601106216868181 0.006915629322268326 0.006915629322268326
7.0 0.4990685127234402 0.52509034357468 0.006915629322268326 0.006915629322268326
2.0 0.5422553052626854 0.5646715406619123 0.006915629322268326 0.006915629322268326
2.0 0.5439968335033237 0.5704420139969879 0.008298755186721992 0.009681881051175657
7.0 0.4936509351418332 0.5258155271618316 0.009681881051175657 0.009681881051175657
8.0 0.4133562640143218 0.45912107289498305 0.009681881051175657 0.011065006915629323
7.0 0.48841589310707206 0.5270576483252603 0.009681881051175657 0.009681881051175657
2.0 0.5452930398972431 0.578622643154921 0.009681881051175657 0.009681881051175657
2.0 0.39017762819813945 0.4396517335527677 0.012448132780082987 0.012448132780082987
8.0 0.46154748890218683 0.5095166371235933 0.009681881051175657 0.011065006915629323
7.0 0.4800051093215063 0.5289375493732267 0.012448132780082987 0.012448132780082987
2.0 0.5454376800357745 0.5885584643364962 0.011065006915629323 0.012448132780082987
2.0 0.4555180194551025 0.508995236375752 0.012448132780082987 0.012448132780082987
8.0 0.5787307324698469 0.6213372595711187 0.013831258644536652 0.013831258644536652
9.0 0.4996167880341235 0.5543051383047847 0.02351313969571231 0.024896265560165973
7.0 0.3634331600854345 0.4351916087719345 0.015214384508990318 0.017980636237897647
7.0 0.46971087456715765 0.531237074541678 0.013831258644536652 0.013831258644536652
2.0 0.59334820538227 0.6443140071534459 0.013831258644536652 0.013831258644536652
8.0 0.5341624656835265 0.5924237258519202 0.012448132780082987 0.013831258644536652
2.0 0.5507991502006261 0.608099098299468 0.017980636237897647 0.017980636237897647
8.0 0.6258044952443855 0.6763393779841618 0.015214384508990318 0.016597510373443983
9.0 0.4739850435164814 0.545243721997204 0.027662517289073305 0.030428769017980636
8.0 0.3894610306371898 0.47123439147303303 0.017980636237897647 0.017980636237897647
8.0 0.5326388433358302 0.6008574367439453 0.019363762102351315 0.02074688796680498
8.0 0.6578954152458648 0.7157449224179434 0.019363762102351315 0.019363762102351315
8.0 0.4341425306452878 0.5163733527129021 0.017980636237897647 0.019363762102351315
9.0 0.5815213677507541 0.6504746517745584 0.035961272475795295 0.03734439834024896
7.0 0.4532125670695062 0.5370508504734772 0.015214384508990318 0.016597510373443983
9.0 0.519257029649252 0.5979183497717395 0.034578146611341634 0.035961272475795295
2.0 0.5576600663525941 0.6331922337573913 0.02074688796680498 0.022130013831258646
8.0 0.6753443872073963 0.754573980411995 0.027662517289073305 0.027662517289073305
7.0 0.642568555143586 0.7250624886665133 0.024896265560165973 0.02627939142461964
8.0 0.32886934156384673 0.45241203468213775 0.030428769017980636 0.030428769017980636
7.0 0.42233230702692554 0.5400732266164651 0.029045643153526972 0.029045643153526972
2.0 0.5707919366712794 0.6758528393145204 0.030428769017980636 0.0318118948824343
9.0 0.4316363307044045 0.5547589631791755 0.051175656984785614 0.05255878284923928
9.0 0.5509772639230216 0.6685223781147626 0.056708160442600276 0.058091286307053944
7.0 0.25166000288821155 0.39866332391919834 0.0318118948824343 0.03319502074688797
8.0 0.6145425469367067 0.7292540466178293 0.03319502074688797 0.034578146611341634
7.0 0.5126991839583378 0.6417562649711589 0.035961272475795295 0.035961272475795295
8.0 0.2512532451199524 0.41931857813803103 0.04149377593360996 0.04149377593360996
8.0 0.6338365779516503 0.7816654808514284 0.04702627939142462 0.048409405255878286
8.0 0.34044465801726176 0.5213440220104739 0.04564315352697095 0.048409405255878286
8.0 0.4488059202797776 0.6472910136268636 0.056708160442600276 0.058091286307053944
2.0 0.6156606754619677 0.8136416526343726 0.056708160442600276 0.058091286307053944
7.0 0.32172279783350555 0.5608903472125751 0.059474412171507604 0.06224066390041494
8.0 0.591782109307377 0.8194711516704342 0.07053941908713693 0.07330567081604426
8.0 0.298918899666282 0.4142381509652075 0.019363762102351315 0.02074688796680498
