7.0 0.39740805231665594 0.41250968101081514 0.012012012012012012 0.013513513513513514
2.0 0.7158925409861484 0.28505243649115813 0.012012012012012012 0.013513513513513514
7.0 0.34707920251571855 0.43650038052006573 0.009009009009009009 0.013513513513513514
7.0 0.4297487626515775 0.42992251292457573 0.021021021021021023 0.025525525525525526
7.0 0.3696686386569393 0.44170126120896475 0.015015015015015015 0.01951951951951952
7.0 0.4620434752907399 0.44065444699803424 0.03303303303303303 0.03753753753753754
2.0 0.7616094697265643 0.3123005888922037 0.028528528528528527 0.03453453453453453
7.0 0.3930983732986491 0.5175870994186497 0.046546546546546545 0.05855855855855856
7.0 0.33531714993074263 0.4479603317880271 0.013513513513513514 0.018018018018018018
7.0 0.4705247113535375 0.3805226589271702 0.009009009009009009 0.012012012012012012
2.0 0.4866784681046312 0.3864996064531016 0.015015015015015015 0.018018018018018018
2.0 0.4800204856496667 0.38491951527111434 0.010510510510510511 0.013513513513513514
2.0 0.5265141615686078 0.3627851098065232 0.010510510510510511 0.015015015015015015
2.0 0.5478562152268077 0.36848996573220993 0.018018018018018018 0.021021021021021023
7.0 0.5584798393174388 0.34407442232424407 0.010510510510510511 0.012012012012012012
2.0 0.6439892569306982 0.3421448931754063 0.025525525525525526 0.028528528528528527
2.0 0.6203644264864653 0.3236483000536138 0.013513513513513514 0.016516516516516516
7.0 0.6443706694141031 0.309679057622135 0.009009009009009009 0.013513513513513514
7.0 0.724139724696697 0.27683670084648276 0.012012012012012012 0.015015015015015015
