2.0 0.3824686396310578 0.4155050801846438 0.015492957746478873 0.016901408450704224
2.0 0.33470335859753414 0.38546158142250525 0.018309859154929577 0.01971830985915493
2.0 0.41959082761537964 0.4427189022482395 0.016901408450704224 0.01971830985915493
2.0 0.28285869300338745 0.35527601115596485 0.01971830985915493 0.022535211267605635
2.0 0.4543347830224369 0.4718079303503903 0.016901408450704224 0.01971830985915493
2.0 0.4838558356994418 0.49954865618282634 0.02112676056338028 0.023943661971830985
2.0 0.5102171253719678 0.5290723571453588 0.02535211267605634 0.02676056338028169
7.0 0.2751217153637219 0.3783270251998768 0.02535211267605634 0.029577464788732393
7.0 0.30442614661055356 0.4150549164709798 0.035211267605633804 0.038028169014084505
2.0 0.5444632507044613 0.5795714956657267 0.035211267605633804 0.03943661971830986
2.0 0.5640011040472926 0.6514638769636018 0.059154929577464786 0.0676056338028169
7.0 0.24008854366702811 0.45298832523485094 0.0676056338028169 0.07464788732394366
