2.0 0.5092584088691794 0.2788783926488146 0.01023391812865497 0.008771929824561403
7.0 0.4049723493191965 0.4977166804617416 0.014619883040935672 0.011695906432748537
7.0 0.3732857060865285 0.5815181368824336 0.02046783625730994 0.01608187134502924
7.0 0.42853610012982 0.5033963722274885 0.029239766081871343 0.023391812865497075
7.0 0.5043659035052636 0.3680029522383332 0.029239766081871343 0.024853801169590642
7.0 0.5876851864467524 0.20721346493462567 0.03070175438596491 0.02631578947368421
2.0 0.5041677768792564 0.41172956273493283 0.04239766081871345 0.033625730994152045
2.0 0.33976288562409945 0.6339259840303395 0.017543859649122806 0.014619883040935672
2.0 0.3216099874586751 0.7132017490453891 0.024853801169590642 0.02046783625730994
2.0 0.3195428964898639 0.6923390171274877 0.02046783625730994 0.017543859649122806
2.0 0.3723226956553878 0.6437518278418166 0.03508771929824561 0.03070175438596491
7.0 0.3874816850826107 0.5681043957668245 0.021929824561403508 0.019005847953216373
7.0 0.383197295472631 0.5505242172273436 0.01608187134502924 0.013157894736842105
2.0 0.37586923365253594 0.5498566413733776 0.013157894736842105 0.008771929824561403
2.0 0.4134930911634367 0.4689426295930349 0.013157894736842105 0.011695906432748537
7.0 0.4337819791606265 0.43550630480441727 0.014619883040935672 0.013157894736842105
2.0 0.46229323988000665 0.3695192884815587 0.011695906432748537 0.008771929824561403
7.0 0.5084855188347593 0.28672973845365324 0.014619883040935672 0.011695906432748537
1.0 0.6584047756308219 0.4257017060880224 0.11988304093567251 0.10526315789473684
7.0 0.5497101975834621 0.20975396562873735 0.013157894736842105 0.011695906432748537
