7 0.78459 0.35037 0.00988 0.01691
2 0.70174 0.36287 0.01512 0.02279
7 0.8814 0.36287 0.01512 0.02279
2 0.76017 0.375 0.02035 0.02941
2 0.87936 0.39706 0.02616 0.03824
7 0.73169 0.34301 0.00872 0.01544
7 0.68314 0.33603 0.00698 0.01324
7 0.65262 0.33199 0.0064 0.0125
2 0.63866 0.34926 0.00988 0.01912
2 0.60407 0.34118 0.00814 0.01618
7 0.62994 0.32941 0.00523 0.01029
2 0.57587 0.33493 0.0064 0.0125
2 0.55843 0.33088 0.0064 0.01176
2 0.5439 0.32831 0.00523 0.01103
9 0.53256 0.32353 0.00581 0.01471
9 0.52849 0.32243 0.00465 0.01544
9 0.61017 0.32353 0.00523 0.01618
9 0.6032 0.32243 0.00523 0.01544
