7.0 0.5763102138104862 0.22921301123649143 0.009887005649717515 0.00847457627118644
7.0 0.5349379125641499 0.29584189661274846 0.00847457627118644 0.00847457627118644
7.0 0.49199480475501023 0.3629510450739162 0.009887005649717515 0.009887005649717515
7.0 0.4466451924458449 0.43376588549993556 0.009887005649717515 0.00847457627118644
2.0 0.5716469928045088 0.2432318374754851 0.012711864406779662 0.009887005649717515
7.0 0.4086072975859087 0.49429095185361543 0.00847457627118644 0.00847457627118644
2.0 0.5182499478717887 0.3288684850075357 0.011299435028248588 0.009887005649717515
7.0 0.3723826906566454 0.5534843637608647 0.007062146892655367 0.007062146892655367
2.0 0.4657928176259406 0.4111059460826961 0.009887005649717515 0.00847457627118644
7.0 0.33534652851525587 0.6149100224140296 0.00847457627118644 0.00847457627118644
2.0 0.4135480781846678 0.49449019596209637 0.009887005649717515 0.00847457627118644
2.0 0.3690980895014224 0.5648890209389817 0.011299435028248588 0.011299435028248588
7.0 0.2904033060255547 0.6889894890630865 0.009887005649717515 0.007062146892655367
2.0 0.32402863386670533 0.640145430893882 0.014124293785310734 0.011299435028248588
2.0 0.2894696220998091 0.7197181855071586 0.01694915254237288 0.015536723163841809
2.0 0.34063551458126423 0.6511801247949486 0.022598870056497175 0.01977401129943503
2.0 0.3932639597919092 0.5828330557932094 0.026836158192090395 0.02401129943502825
2.0 0.44462482053861363 0.5354783405134209 0.03531073446327684 0.03389830508474576
2.0 0.5108102167587576 0.5165483647646899 0.05790960451977401 0.052259887005649715
