7.0 0.2899427747406141 0.3715952346789832 0.01 0.01
2.0 0.6829288554318148 0.4390388429754965 0.008333333333333333 0.013333333333333334
7.0 0.23309860636813412 0.36502276796016053 0.01 0.011666666666666667
7.0 0.6929029977650051 0.43714398517915004 0.01 0.01
2.0 0.5952718083168906 0.4232779172813497 0.008333333333333333 0.011666666666666667
2.0 0.4140059062532579 0.3937981937263417 0.008333333333333333 0.011666666666666667
7.0 0.7721651502545742 0.4519077012473525 0.006666666666666667 0.01
7.0 0.21412323987531418 0.36644584324389196 0.011666666666666667 0.016666666666666666
7.0 0.23957869456308634 0.3758708026974388 0.013333333333333334 0.016666666666666666
2.0 0.4050177207608438 0.4009962150068019 0.011666666666666667 0.016666666666666666
7.0 0.27920946100045596 0.4008299458525142 0.016666666666666666 0.023333333333333334
2.0 0.4648206077100351 0.41837551718356203 0.013333333333333334 0.016666666666666666
7.0 0.277954361584733 0.38908507524072095 0.013333333333333334 0.02
7.0 0.1883223048822833 0.4029834243666643 0.023333333333333334 0.03166666666666667
2.0 0.5412251400964633 0.4543250840475593 0.023333333333333334 0.03
2.0 0.4749647968085181 0.5664079592835168 0.06833333333333333 0.08666666666666667
7.0 0.36845902401407216 0.3836668984542777 0.006666666666666667 0.01
2.0 0.36434366070790747 0.38797846575121864 0.008333333333333333 0.015
2.0 0.36100535642771225 0.3908415569818735 0.01 0.015
7.0 0.45927526936553137 0.39748615363396583 0.008333333333333333 0.011666666666666667
2.0 0.5076183304051635 0.40879556359217567 0.01 0.011666666666666667
2.0 0.49152216564673473 0.4746982892540898 0.03166666666666667 0.041666666666666664
2.0 0.5214607272194943 0.43641791786980816 0.015 0.023333333333333334
7.0 0.542547810599344 0.41111693949737405 0.006666666666666667 0.011666666666666667
7.0 0.616812379358322 0.42426593805944146 0.006666666666666667 0.01
2.0 0.7925109082434403 0.46033943627696594 0.008333333333333333 0.013333333333333334
