8.0 0.2748221757002357 0.45398642441399284 0.013953488372093023 0.018604651162790697
8.0 0.35615113263821874 0.4778995106561081 0.009302325581395349 0.015503875968992248
7.0 0.2898183613846307 0.4628819890933337 0.013953488372093023 0.021705426356589147
8.0 0.3939217675165988 0.49620644674048786 0.012403100775193798 0.018604651162790697
2.0 0.438427480646059 0.5141811021723658 0.015503875968992248 0.023255813953488372
2.0 0.2922657171368778 0.4767477878273843 0.02635658914728682 0.034108527131782945
7.0 0.5222014131143026 0.5529691391584727 0.021705426356589147 0.02945736434108527
8.0 0.36810889301876576 0.5124581763424996 0.024806201550387597 0.04186046511627907
2.0 0.37606006329902625 0.5185555408158828 0.027906976744186046 0.04496124031007752
8.0 0.3894066530022977 0.5264143298200743 0.034108527131782945 0.04806201550387597
8.0 0.5683775447247126 0.5780301952698252 0.024806201550387597 0.034108527131782945
7.0 0.5848709060635893 0.5864022964170819 0.02635658914728682 0.037209302325581395
8.0 0.6037549970167242 0.5955595391952123 0.02945736434108527 0.040310077519379844
2.0 0.41020872881696013 0.5653490561408737 0.06201550387596899 0.07906976744186046
8.0 0.32512360703884535 0.4632942584313302 0.009302325581395349 0.010852713178294573
8.0 0.2571255865542022 0.44220194117113265 0.009302325581395349 0.015503875968992248
8.0 0.24512654120667882 0.43428020641961557 0.009302325581395349 0.012403100775193798
8.0 0.23568064824404697 0.42869875600643537 0.007751937984496124 0.010852713178294573
8.0 0.30623951608571054 0.4541370156531997 0.007751937984496124 0.010852713178294573
