8.0 0.45782999999999996 0.12856999999999996 0.01953125 0.01171875
2.0 0.45181000000000004 0.20078999999999997 0.021484375 0.01171875
8.0 0.43372999999999995 0.23015999999999998 0.037109375 0.017578125
2.0 0.43133 0.2504 0.0390625 0.0234375
7.0 0.43735 0.33333 0.025390625 0.01171875
8.0 0.42830999999999997 0.27262 0.037109375 0.01953125
8.0 0.42771000000000003 0.40357 0.029296875 0.015625
7.0 0.42650999999999994 0.42341 0.029296875 0.013671875
8.0 0.42410000000000003 0.44365 0.029296875 0.013671875
2.0 0.40903999999999996 0.37262 0.05078125 0.025390625
7.0 0.40723 0.61032 0.03515625 0.015625
2.0 0.37529999999999997 0.45198 0.078125 0.0390625
2.0 0.26627 0.27937 0.1953125 0.12109375
