8.0 0.44166019510903465 0.32920334393201933 0.01 0.005
7.0 0.4094433033744976 0.19575098768490257 0.021666666666666667 0.016666666666666666
8.0 0.4402362845440514 0.3353392392216369 0.011666666666666667 0.006666666666666667
8.0 0.4526070632960906 0.40434800202882837 0.008333333333333333 0.005
8.0 0.4375567359550147 0.34311009367938067 0.016666666666666666 0.01
8.0 0.45407599741351495 0.42268298139804983 0.011666666666666667 0.006666666666666667
8.0 0.4337553001244519 0.35315927356982735 0.02 0.013333333333333334
7.0 0.4315970839717111 0.36634018441604077 0.02666666666666667 0.015
8.0 0.45484099828703883 0.45358585178513977 0.016666666666666666 0.01
2.0 0.4044245047571177 0.2319160061910405 0.03333333333333333 0.021666666666666667
8.0 0.4553894115579005 0.4914244104977064 0.02 0.013333333333333334
2.0 0.45934163918106036 0.5413627308474834 0.023333333333333334 0.016666666666666666
2.0 0.4122614319647477 0.34767928072353 0.04 0.03
7.0 0.4634523611578038 0.6433676864536092 0.03333333333333333 0.021666666666666667
8.0 0.4037147033345457 0.44109573004693764 0.06333333333333334 0.04
8.0 0.46107343425684405 0.7038469141955179 0.04666666666666667 0.03166666666666667
7.0 0.46162430740073157 0.7282368477526552 0.04833333333333333 0.03333333333333333
8.0 0.46117517569197153 0.7555768591364894 0.055 0.04
2.0 0.342936215021011 0.41669462871748053 0.12166666666666667 0.08833333333333333
2.0 0.4078181624885655 0.42718898029957625 0.055 0.02666666666666667
8.0 0.41190042245118863 0.42122310511354183 0.05 0.021666666666666667
