7.0 0.7404478900305489 0.30433234710431584 0.006666666666666667 0.008333333333333333
7.0 0.5649387847074925 0.340038689244338 0.005 0.011666666666666667
7.0 0.6575299916808597 0.3210845464050891 0.006666666666666667 0.01
7.0 0.5013117534641117 0.354649337922555 0.008333333333333333 0.01
2.0 0.7207706473025344 0.3123124931130412 0.008333333333333333 0.011666666666666667
2.0 0.8145210168995157 0.2940892672890046 0.01 0.011666666666666667
2.0 0.635292741844191 0.3302055930226304 0.008333333333333333 0.013333333333333334
7.0 0.44493200988644505 0.36879879893910156 0.008333333333333333 0.011666666666666667
2.0 0.5691710683307408 0.3462486933916927 0.01 0.011666666666666667
7.0 0.40924040869692957 0.38021346371403625 0.011666666666666667 0.016666666666666666
2.0 0.5455384841786657 0.3546760370713516 0.011666666666666667 0.015
7.0 0.3945516703266762 0.39042298478350984 0.013333333333333334 0.018333333333333333
2.0 0.5548386010813715 0.3595880044504966 0.015 0.018333333333333333
7.0 0.3760711816176634 0.40455989648681895 0.015 0.023333333333333334
2.0 0.5720270601971212 0.367426167635522 0.016666666666666666 0.025
7.0 0.3441129853701862 0.429948806934295 0.021666666666666667 0.03
2.0 0.6074566156150663 0.37939458326435704 0.023333333333333334 0.03166666666666667
7.0 0.28434368891897943 0.47607818630265397 0.03166666666666667 0.045
2.0 0.696436333232871 0.4068418021203955 0.04 0.051666666666666666
