7.0 0.3568675011858727 0.4230575578872129 0.012534818941504178 0.013927576601671309
8.0 0.31820411346449823 0.39394537002048263 0.011142061281337047 0.011142061281337047
2.0 0.32781118196638287 0.4128985565251548 0.02924791086350975 0.03064066852367688
7.0 0.3241724807029709 0.4051509891506888 0.018105849582172703 0.019498607242339833
7.0 0.42984206037271255 0.4909758980690112 0.020891364902506964 0.022284122562674095
8.0 0.5632468329721682 0.5973840026060543 0.018105849582172703 0.019498607242339833
8.0 0.6366730129694371 0.6509410805010412 0.009749303621169917 0.011142061281337047
8.0 0.6441477364530439 0.6611336716498976 0.011142061281337047 0.012534818941504178
8.0 0.5442105587712853 0.5923296892134651 0.022284122562674095 0.023676880222841225
2.0 0.38624387863765297 0.4759981681339755 0.037604456824512536 0.0403899721448468
7.0 0.5331097429456391 0.5918282689079464 0.02924791086350975 0.033426183844011144
8.0 0.6586014483885567 0.6817016470747558 0.016713091922005572 0.018105849582172703
8.0 0.6780412504255415 0.7110608361401912 0.027855153203342618 0.02924791086350975
2.0 0.4021567492360484 0.5254964603033349 0.06545961002785515 0.06963788300835655
8.0 0.2915107533559767 0.5333617883088867 0.14623955431754876 0.1573816155988858
2.0 0.20952137829888443 0.48892347756335347 0.1309192200557103 0.14206128133704735
2.0 0.33020750269487725 0.403866401478371 0.009749303621169917 0.009749303621169917
8.0 0.5729432810628908 0.6005979517321218 0.011142061281337047 0.012534818941504178
8.0 0.5780963729573199 0.6013572031979607 0.009749303621169917 0.009749303621169917
