2.0 0.36186048175383617 0.25338081368662674 0.013412816691505217 0.00894187779433681
2.0 0.3474295433000119 0.24996532243142414 0.028315946348733235 0.020864381520119227
7.0 0.36087140844320553 0.2722196234594836 0.019374068554396422 0.011922503725782414
8.0 0.3527619382628441 0.2684252720950702 0.028315946348733235 0.022354694485842028
8.0 0.38093966071936 0.33244487475291384 0.022354694485842028 0.01788375558867362
7.0 0.38528134544071146 0.3473796173606794 0.020864381520119227 0.014903129657228018
8.0 0.39039925036019496 0.3629713086933922 0.022354694485842028 0.01639344262295082
2.0 0.381046535522341 0.3574002394021294 0.03427719821162444 0.02533532041728763
7.0 0.4278757732749603 0.47008596140622505 0.02384500745156483 0.01639344262295082
2.0 0.405541222018452 0.44568777377639973 0.044709388971684055 0.03427719821162444
2.0 0.40231687027770174 0.4957398811886319 0.07600596125186289 0.06110283159463487
7.0 0.4787122078388151 0.6415996857575018 0.03576751117734724 0.026825633383010434
2.0 0.488876760817882 0.6514267487848516 0.026825633383010434 0.020864381520119227
8.0 0.5401399835314314 0.7980901566757251 0.026825633383010434 0.020864381520119227
2.0 0.2171486682547529 0.31480733412500866 0.13114754098360656 0.08047690014903129
