1 0.22209 0.42721 0.01279 0.02059
2 0.61628 0.40404 0.00698 0.0125
7 0.59506 0.41287 0.00872 0.01544
9 0.91017 0.42316 0.01453 0.0375
7 0.67471 0.42316 0.01221 0.01985
8 0.12616 0.4375 0.01512 0.025
8 0.33692 0.43971 0.0157 0.025
7 0.52616 0.44154 0.01628 0.02721
2 0.6689 0.45441 0.02035 0.03382
7 0.29622 0.45993 0.02151 0.03309
2 0.50494 0.47243 0.025 0.04044
2 0.36279 0.50956 0.03837 0.05735
2 0.28081 0.60404 0.06744 0.09779
8 0.41686 0.42757 0.01395 0.02132
2 0.4811 0.41176 0.00523 0.01471
2 0.47733 0.41985 0.01047 0.01912
2 0.53488 0.40699 0.00814 0.01397
2 0.55407 0.42831 0.01279 0.02279
7 0.6064 0.41765 0.01047 0.01765
7 0.62791 0.40919 0.00814 0.01397
7 0.6814 0.40662 0.00814 0.01324
2 0.71541 0.40184 0.0064 0.0125
7 0.75872 0.40478 0.00814 0.0125
7 0.81395 0.42831 0.01395 0.02279
2 0.86453 0.44596 0.0186 0.03162
2 0.84012 0.40147 0.00698 0.01176
7 0.85465 0.40441 0.00814 0.01324
