7.0 0.7220186174027262 0.366278263551626 0.01037037037037037 0.013333333333333334
7.0 0.6657798308325441 0.39297798833619363 0.01037037037037037 0.013333333333333334
7.0 0.6233290784355788 0.41478433762526423 0.01037037037037037 0.014814814814814815
7.0 0.5804541372841862 0.43802500074822487 0.01037037037037037 0.014814814814814815
2.0 0.7324736946581686 0.3724172877981436 0.01925925925925926 0.02074074074074074
2.0 0.6906399768130693 0.39560951938147504 0.017777777777777778 0.022222222222222223
7.0 0.5487861829984099 0.45835174656345956 0.014814814814814815 0.017777777777777778
7.0 0.5096712398974999 0.48406986013908626 0.016296296296296295 0.022222222222222223
2.0 0.6450228903045608 0.43003468693617763 0.022222222222222223 0.02666666666666667
7.0 0.46112332926754973 0.5214605184408269 0.023703703703703703 0.02962962962962963
2.0 0.6552164145785387 0.46369012438630913 0.04 0.047407407407407405
7.0 0.4152515291891257 0.5738505823816072 0.034074074074074076 0.044444444444444446
8.0 0.7280505038982711 0.4897985816772169 0.06074074074074074 0.07407407407407407
8.0 0.35636593050552046 0.6573589703590581 0.06074074074074074 0.07555555555555556
8.0 0.298221011918812 0.6911346239575359 0.0637037037037037 0.07703703703703704
8.0 0.7934483408477644 0.4777027774200972 0.06666666666666667 0.08
8.0 0.3300006506498143 0.6931763040073876 0.08 0.0962962962962963
8.0 0.769208171797308 0.5009497243424239 0.08148148148148149 0.09333333333333334
