8.0 0.425726985219497 0.21688424164813455 0.01384083044982699 0.010380622837370242
7.0 0.42128085504341706 0.22744720549308098 0.02249134948096886 0.010380622837370242
2.0 0.4168310727223843 0.23410163658609498 0.03460207612456748 0.02422145328719723
7.0 0.4331288478788021 0.2772526755825472 0.01384083044982699 0.00865051903114187
7.0 0.44044798745827596 0.398325818545155 0.02768166089965398 0.01903114186851211
8.0 0.4778817943267146 0.6301838151279642 0.012110726643598616 0.006920415224913495
8.0 0.47441052858841015 0.6246426147409272 0.015570934256055362 0.00865051903114187
8.0 0.46779706241700997 0.6120827371873933 0.02249134948096886 0.012110726643598616
8.0 0.4862383840386804 0.7241414199493296 0.012110726643598616 0.006920415224913495
2.0 0.41502437123184394 0.340141314668586 0.04844290657439446 0.0328719723183391
8.0 0.45508767363511904 0.58689024607628 0.029411764705882353 0.01730103806228374
8.0 0.4843957147403115 0.7378897298401415 0.015570934256055362 0.00865051903114187
7.0 0.44563784074377333 0.5733067093877121 0.039792387543252594 0.02249134948096886
8.0 0.48023337320301895 0.7658111954298851 0.02249134948096886 0.012110726643598616
8.0 0.47206136380984726 0.8035186692523805 0.0328719723183391 0.025951557093425604
2.0 0.38678826946139083 0.38847775965077835 0.07958477508650519 0.05363321799307959
8.0 0.28269085129889987 0.2689299164277093 0.17474048442906576 0.12629757785467127
2.0 0.4285143768321372 0.23671756353314222 0.01730103806228374 0.00865051903114187
