2.0 0.16189430197103996 0.4944949248617712 0.015384615384615385 0.02564102564102564
7.0 0.22423472170091321 0.5027647941342662 0.011965811965811967 0.020512820512820513
2.0 0.2950912044590856 0.517186263698082 0.015384615384615385 0.02564102564102564
7.0 0.38195431781631883 0.5304123552977542 0.010256410256410256 0.020512820512820513
2.0 0.41079767497670394 0.5392518086992374 0.018803418803418803 0.03076923076923077
8.0 0.5465967197011534 0.5543535927636937 0.006837606837606838 0.013675213675213675
2.0 0.5620355884988816 0.5567988693574658 0.008547008547008548 0.015384615384615385
2.0 0.5101345568206183 0.560328548775983 0.022222222222222223 0.03418803418803419
7.0 0.5330811759267361 0.5575562645696133 0.013675213675213675 0.02564102564102564
7.0 0.5996026567151395 0.563821117653289 0.010256410256410256 0.017094017094017096
7.0 0.6967738581637146 0.5941515632490891 0.018803418803418803 0.03247863247863248
2.0 0.5838635119923332 0.5965605453781401 0.035897435897435895 0.05641025641025641
2.0 0.5483008784632067 0.6501741829971973 0.07692307692307693 0.11452991452991453
