8.0 0.390501470651763 0.4492063970630301 0.0070126227208976155 0.008415147265077139
7.0 0.2857703755767216 0.3816761798305557 0.0182328190743338 0.021037868162692847
8.0 0.3922969602047205 0.45310226614748894 0.008415147265077139 0.009817671809256662
8.0 0.3929100402521214 0.45669618067753115 0.009817671809256662 0.012622720897615708
8.0 0.4420197880020826 0.48791856499230524 0.0070126227208976155 0.008415147265077139
8.0 0.4519798682308639 0.49753134201437266 0.008415147265077139 0.009817671809256662
2.0 0.2961436847773218 0.4021416842440799 0.02664796633941094 0.029453015427769985
8.0 0.3934161348170082 0.46392332450334345 0.015427769985974754 0.0182328190743338
8.0 0.4693252846674289 0.5154887846722468 0.011220196353436185 0.012622720897615708
7.0 0.3972424047204973 0.4718798150623941 0.021037868162692847 0.02244039270687237
8.0 0.4908410839955034 0.5374183158572263 0.016830294530154277 0.0182328190743338
2.0 0.5233627568756026 0.5660022876786666 0.019635343618513323 0.021037868162692847
2.0 0.3645764687485498 0.4653735468265708 0.037868162692847124 0.04067321178120617
7.0 0.5880189038025262 0.6281676530175279 0.030855539971949508 0.03506311360448808
8.0 0.40185976530710515 0.5104936785568677 0.037868162692847124 0.04488078541374474
2.0 0.3986347372702554 0.5150994959193821 0.04067321178120617 0.04908835904628331
8.0 0.4021802019336025 0.5244460633079681 0.05329593267882188 0.061711079943899017
8.0 0.6231845099351676 0.6723309394426302 0.04207573632538569 0.04488078541374474
7.0 0.6388946553285921 0.6891433529890812 0.04628330995792426 0.04908835904628331
8.0 0.6580929135483075 0.7089241469252519 0.051893408134642355 0.056100981767180924
2.0 0.2937931991087085 0.5351636276675793 0.13183730715287517 0.14446002805049088
