8.0 0.6613223827078396 0.6575908452743049 0.014245014245014245 0.01282051282051282
2.0 0.690566648378055 0.7369766566090914 0.022792022792022793 0.018518518518518517
8.0 0.6203002212869405 0.5976451638390764 0.01566951566951567 0.01566951566951567
8.0 0.5724005438865373 0.5111577619205824 0.014245014245014245 0.01282051282051282
7.0 0.4963164614432619 0.4230646292007288 0.022792022792022793 0.019943019943019943
7.0 0.6708181116156156 0.6884900038145185 0.021367521367521368 0.018518518518518517
7.0 0.5849216364977512 0.5533511272901408 0.021367521367521368 0.019943019943019943
2.0 0.6162608491614846 0.6206039476684511 0.027065527065527065 0.024216524216524215
2.0 0.5482147337581054 0.5229757622033515 0.029914529914529916 0.02564102564102564
7.0 0.38908197133614625 0.2794749775881985 0.03276353276353276 0.029914529914529916
2.0 0.4764876149736069 0.4374465481311641 0.037037037037037035 0.03133903133903134
2.0 0.394929860078753 0.3709447136738491 0.05555555555555555 0.04843304843304843
2.0 0.3071612327607631 0.4024094774319223 0.10683760683760683 0.09971509971509972
1.0 0.6078082009247802 0.563841003943 0.01282051282051282 0.011396011396011397
2.0 0.696978228087053 0.709129433530908 0.014245014245014245 0.01282051282051282
2.0 0.7111828966303115 0.7275587288606992 0.008547008547008548 0.007122507122507123
