2.0 0.21494121758912313 0.6069634919047011 0.017741935483870968 0.024193548387096774
2.0 0.22590998696003517 0.6021775499477924 0.014516129032258065 0.020967741935483872
2.0 0.27531778209880614 0.5944716966835238 0.024193548387096774 0.03225806451612903
7.0 0.28102806128152985 0.5848434817951703 0.00967741935483871 0.012903225806451613
2.0 0.3400915015991321 0.5711471279146624 0.00967741935483871 0.016129032258064516
7.0 0.3823337685493747 0.5590744796949203 0.00967741935483871 0.012903225806451613
2.0 0.41334387348006735 0.5533939127606052 0.00967741935483871 0.012903225806451613
7.0 0.4770927239780399 0.5354484185863853 0.0064516129032258064 0.012903225806451613
7.0 0.5718927718169452 0.5133525801547426 0.00967741935483871 0.01129032258064516
8.0 0.6136218987526136 0.5019185245405556 0.0064516129032258064 0.00967741935483871
7.0 0.6510177947149424 0.49208402805519447 0.008064516129032258 0.00967741935483871
2.0 0.4239005352398894 0.5605067919168554 0.024193548387096774 0.037096774193548385
2.0 0.4877504065521615 0.5348422804712549 0.008064516129032258 0.01129032258064516
8.0 0.5240803411018968 0.5288566359036427 0.012903225806451613 0.01935483870967742
2.0 0.5621489268595483 0.5162926459885264 0.00967741935483871 0.012903225806451613
2.0 0.627291675343287 0.4985102664438905 0.0064516129032258064 0.00967741935483871
7.0 0.6684699786875581 0.4902944829066048 0.00967741935483871 0.014516129032258065
2.0 0.6373574419157712 0.499592177728769 0.00967741935483871 0.012903225806451613
2.0 0.7099687926201214 0.48199878710445 0.01129032258064516 0.016129032258064516
7.0 0.768399224525846 0.46846025994705837 0.008064516129032258 0.012903225806451613
7.0 0.2984876828282102 0.6061250612377674 0.03870967741935484 0.056451612903225805
2.0 0.7788245962902407 0.4709844688792529 0.008064516129032258 0.017741935483870968
2.0 0.622810936094554 0.5211599510332429 0.024193548387096774 0.037096774193548385
2.0 0.7760724976780948 0.48704979316301544 0.025806451612903226 0.03225806451612903
7.0 0.7413539646706814 0.5198088903810001 0.04032258064516129 0.056451612903225805
8.0 0.6505221591515359 0.5727034486815239 0.06774193548387097 0.09032258064516129
