7.0 0.4696871050446427 0.4400113141551583 0.019498607242339833 0.018105849582172703
7.0 0.5594446572650966 0.3191618818821584 0.018105849582172703 0.016713091922005572
2.0 0.5902837241871207 0.28905994525062856 0.020891364902506964 0.019498607242339833
7.0 0.29377326342213944 0.7069026293373332 0.02924791086350975 0.026462395543175487
2.0 0.44632023755587413 0.49120823591974105 0.025069637883008356 0.023676880222841225
7.0 0.3858888508249007 0.5613178006996504 0.022284122562674095 0.020891364902506964
2.0 0.5114788951902938 0.3971646096897474 0.020891364902506964 0.019498607242339833
2.0 0.3897689340459894 0.5882845635262586 0.034818941504178275 0.03203342618384401
2.0 0.35332207746433303 0.6758207533451795 0.04596100278551532 0.04456824512534819
2.0 0.37959470805989914 0.7260740220598332 0.07242339832869081 0.07103064066852367
2.0 0.6248546994514703 0.6335904100766293 0.15459610027855153 0.14623955431754876
9.0 0.4425074275473341 0.693674836899093 0.149025069637883 0.1392757660167131
