7 0.15278 0.53855 0.00714 0.01928
2 0.12817 0.55843 0.03413 0.05663
2 0.22103 0.54217 0.01032 0.01928
2 0.33532 0.54277 0.00873 0.01807
7 0.30635 0.54217 0.00635 0.01446
7 0.44087 0.54096 0.00397 0.01205
2 0.44444 0.54458 0.00794 0.01687
7 0.57421 0.54578 0.00714 0.01446
8 0.45317 0.5506 0.01429 0.02651
2 0.55079 0.54699 0.00952 0.01687
7 0.69921 0.54518 0.00635 0.01325
7 0.70952 0.5488 0.00794 0.01807
8 0.64802 0.54518 0.00556 0.01084
2 0.65556 0.5494 0.00952 0.01928
2 0.66627 0.54518 0.00556 0.01084
2 0.75873 0.55241 0.01111 0.02048
7 0.8504 0.55542 0.00714 0.01687
2 0.85357 0.56265 0.01508 0.02651
2 0.48254 0.58193 0.03016 0.06265
2 0.79603 0.59217 0.02857 0.05422
7 0.54286 0.66928 0.06508 0.13614
