7 0.56744 0.39412 0.0093 0.01618
2 0.77994 0.40478 0.01221 0.02132
2 0.90988 0.43566 0.01628 0.03309
7 0.61221 0.42831 0.01744 0.03015
7 0.7061 0.46287 0.03081 0.04338
7 0.20262 0.7386 0.12035 0.17279
7 0.55698 0.40147 0.00698 0.01765
7 0.60785 0.38971 0.00872 0.01471
7 0.68895 0.38676 0.00814 0.01324
7 0.56105 0.41103 0.01279 0.02353
7 0.66744 0.52684 0.0407 0.07132
2 0.77122 0.39375 0.00988 0.01691
7 0.78227 0.3864 0.00756 0.0125
2 0.82703 0.41985 0.01686 0.02647
7 0.89419 0.3886 0.00465 0.0125
2 0.8968 0.39412 0.00988 0.01471
