2.0 0.7467289269842879 0.48289708382509955 0.009302325581395349 0.012403100775193798
2.0 0.7544137245823495 0.4906105826976877 0.010852713178294573 0.013953488372093023
7.0 0.6144849214585584 0.4568050061879373 0.013953488372093023 0.017054263565891473
2.0 0.7909446557672334 0.5126044951433469 0.015503875968992248 0.020155038759689922
2.0 0.7772053480258873 0.502614946513296 0.012403100775193798 0.015503875968992248
7.0 0.5340103956215718 0.4386364929360524 0.013953488372093023 0.020155038759689922
7.0 0.4061591260632764 0.40721939065014123 0.017054263565891473 0.023255813953488372
7.0 0.24407798621812787 0.3698968860799485 0.023255813953488372 0.02945736434108527
2.0 0.45470942232445966 0.49602613296314774 0.04806201550387597 0.06046511627906977
2.0 0.4951870577683528 0.46253792319393966 0.02635658914728682 0.037209302325581395
2.0 0.6903146734553355 0.7364372276497295 0.11472868217054263 0.14728682170542637
2.0 0.6455846987510311 0.4865492293117405 0.021705426356589147 0.027906976744186046
7.0 0.6413092587463939 0.45937774445713203 0.010852713178294573 0.015503875968992248
7.0 0.6345774823554498 0.45320083509830067 0.009302325581395349 0.013953488372093023
7.0 0.6305254358713454 0.44851226308852143 0.007751937984496124 0.010852713178294573
7.0 0.655782725897005 0.4536473454643162 0.006201550387596899 0.010852713178294573
7.0 0.7043524524810664 0.46697473796685124 0.006201550387596899 0.009302325581395349
2.0 0.7345121941752331 0.48168196868712976 0.009302325581395349 0.012403100775193798
2.0 0.7532171937776871 0.5092434588833898 0.017054263565891473 0.023255813953488372
7.0 0.7721354186974986 0.486853710615254 0.006201550387596899 0.010852713178294573
2.0 0.79828298162806 0.49749461696428865 0.009302325581395349 0.012403100775193798
