2.0 0.23385893671612046 0.39882460753658106 0.01859799713876967 0.022889842632331903
7.0 0.3014829603373287 0.4363364772616237 0.017167381974248927 0.020028612303290415
2.0 0.3286967120685636 0.45663252180599856 0.022889842632331903 0.02575107296137339
7.0 0.4194402217315865 0.5069849594794782 0.015736766809728183 0.020028612303290415
8.0 0.577618344433121 0.5957633156021102 0.011444921316165951 0.012875536480686695
2.0 0.5897025581360565 0.6027401396364449 0.012875536480686695 0.015736766809728183
7.0 0.6229937144426477 0.6229842026667061 0.011444921316165951 0.015736766809728183
2.0 0.4080456415624941 0.5075447566996008 0.027181688125894134 0.032904148783977114
7.0 0.5373403872939063 0.5806622344360884 0.020028612303290415 0.024320457796852647
2.0 0.4681727097653028 0.5498966125091013 0.03862660944206009 0.045779685264663805
7.0 0.6792069570003254 0.6773448745901749 0.034334763948497854 0.04148783977110158
2.0 0.4611186056914906 0.5952518465487968 0.07439198855507868 0.08869814020028613
