7.0 0.3088545596031405 0.6146123622404072 0.01037037037037037 0.013333333333333334
2.0 0.2915800435084138 0.6313122478185395 0.025185185185185185 0.03111111111111111
7.0 0.41385039123514206 0.5758693163631209 0.017777777777777778 0.023703703703703703
8.0 0.5742594332477592 0.5069498181599915 0.013333333333333334 0.017777777777777778
8.0 0.6554552190819538 0.4673035542307428 0.007407407407407408 0.01037037037037037
2.0 0.38322517056958944 0.6055127635035411 0.034074074074074076 0.04148148148148148
8.0 0.6679392483569103 0.46574736139085376 0.01037037037037037 0.013333333333333334
8.0 0.5607346110745793 0.5209755671582946 0.016296296296296295 0.023703703703703703
7.0 0.5549043016942835 0.5300726519239288 0.025185185185185185 0.03259259259259259
8.0 0.6907066201186856 0.4621119381787309 0.014814814814814815 0.02074074074074074
8.0 0.7230298420261964 0.45922039373671697 0.02074074074074074 0.028148148148148148
2.0 0.4405654636105463 0.608495787061555 0.054814814814814816 0.0637037037037037
2.0 0.7848604817226846 0.44269311933269345 0.03111111111111111 0.037037037037037035
8.0 0.4154838562817806 0.6816780861542742 0.10962962962962963 0.13185185185185186
2.0 0.3605439333300602 0.7336551203989193 0.1348148148148148 0.16148148148148148
8.0 0.2596308865707345 0.6350253070528793 0.01037037037037037 0.014814814814814815
7.0 0.2776209319056409 0.6325205243391343 0.016296296296296295 0.023703703703703703
8.0 0.58184990900517 0.4995682655161002 0.01037037037037037 0.014814814814814815
8.0 0.5844968483238043 0.49589056351942307 0.007407407407407408 0.01037037037037037
