7.0 0.753813763191789 0.5433024104114516 0.008583690987124463 0.010014306151645207
7.0 0.6960799001685841 0.5121434273890133 0.008583690987124463 0.010014306151645207
2.0 0.7752855844234597 0.5584987345492219 0.010014306151645207 0.010014306151645207
7.0 0.6545275549224737 0.491265674062539 0.008583690987124463 0.011444921316165951
2.0 0.7314288266918632 0.5356646440196206 0.010014306151645207 0.011444921316165951
2.0 0.7206602736077705 0.5313166112083046 0.011444921316165951 0.012875536480686695
7.0 0.6330838487515893 0.48199764891918345 0.008583690987124463 0.010014306151645207
2.0 0.7371461672958676 0.543634308736633 0.012875536480686695 0.01430615164520744
7.0 0.6356092429448648 0.4865597324309533 0.010014306151645207 0.011444921316165951
2.0 0.7554629048744419 0.5591827228133387 0.01430615164520744 0.015736766809728183
7.0 0.6408681060699734 0.49363881101780005 0.012875536480686695 0.01430615164520744
2.0 0.7659993846155931 0.5711695710923497 0.017167381974248927 0.01859799713876967
7.0 0.6168831533900233 0.48663352704713836 0.01430615164520744 0.015736766809728183
2.0 0.7330433625677916 0.560541090000654 0.01859799713876967 0.020028612303290415
7.0 0.5479178362293312 0.4549021277115328 0.017167381974248927 0.01859799713876967
7.0 0.43937445173928447 0.4018765727427332 0.020028612303290415 0.022889842632331903
2.0 0.6397502713198856 0.5194243424348974 0.024320457796852647 0.02575107296137339
7.0 0.3010274478100869 0.33786044094921475 0.02575107296137339 0.02861230329041488
2.0 0.509110314133701 0.46888244729644407 0.030042918454935622 0.0357653791130186
2.0 0.4682295443691772 0.4928555683679632 0.05150214592274678 0.05722460658082976
2.0 0.638886894966762 0.7555607841874794 0.12017167381974249 0.13590844062947066
