7 0.36978 0.37446 0.01741 0.06848
7 0.72737 0.38315 0.01184 0.04674
7 0.55606 0.36685 0.01393 0.05326
7 0.13057 0.45109 0.0383 0.11957
2 0.74478 0.45652 0.02089 0.07826
2 0.87326 0.46141 0.0195 0.0663
2 0.66696 0.47717 0.02194 0.09348
7 0.89258 0.40978 0.01149 0.04565
2 0.63788 0.57011 0.02994 0.14022
2 0.84088 0.80272 0.02437 0.09022
8 0.30014 0.24891 0.00418 0.01739
8 0.29631 0.24565 0.00348 0.01522
8 0.30571 0.24022 0.00348 0.01522
8 0.26219 0.23478 0.00279 0.01522
8 0.25958 0.23587 0.00313 0.01739
8 0.2204 0.22554 0.00348 0.01413
8 0.37134 0.25543 0.00383 0.01739
8 0.37918 0.26196 0.00348 0.01739
