7 0.82956 0.38804 0.0087 0.03478
2 0.57051 0.39946 0.01497 0.06413
2 0.66034 0.38967 0.01219 0.05326
7 0.41156 0.34293 0.01393 0.05326
7 0.24408 0.37446 0.02089 0.07717
7 0.54962 0.34402 0.0094 0.04239
2 0.50104 0.44783 0.02159 0.0913
2 0.88579 0.4212 0.01114 0.04457
7 0.6868 0.36196 0.0087 0.03696
2 0.76532 0.39837 0.01114 0.04457
2 0.51079 0.62935 0.04039 0.16957
1 0.9093 0.36902 0.00383 0.0163
1 0.64363 0.3212 0.00383 0.02065
1 0.86821 0.36522 0.00453 0.01957
1 0.72441 0.34457 0.00522 0.02391
1 0.71118 0.32717 0.00383 0.01739
1 0.77054 0.33315 0.00348 0.0163
1 0.7883 0.35109 0.00487 0.02174
1 0.79056 0.32989 0.00313 0.01413
1 0.8125 0.33804 0.00313 0.01522
1 0.83113 0.35109 0.00348 0.01739
1 0.86421 0.35435 0.00348 0.01522
1 0.88788 0.35598 0.00348 0.0163
1 0.93837 0.37174 0.00418 0.01739
