7.0 0.2641606271633447 0.37058395951962336 0.015789473684210527 0.04736842105263158
7.0 0.3664526907899889 0.34523654659131847 0.012280701754385965 0.03508771929824561
2.0 0.3902869579289289 0.4200216679357326 0.02631578947368421 0.06666666666666667
7.0 0.11985445834267508 0.41682785429667957 0.02631578947368421 0.06491228070175438
7.0 0.8470897780806876 0.3280323300945629 0.008771929824561403 0.021052631578947368
9.0 0.7908359987426032 0.3177174415967663 0.008771929824561403 0.028070175438596492
2.0 0.3939490136614821 0.5267953911001293 0.043859649122807015 0.11929824561403508
7.0 0.3944648003880332 0.3103214952328097 0.007017543859649123 0.02456140350877193
2.0 0.47752437780258106 0.37340925549261633 0.014035087719298246 0.04736842105263158
7.0 0.40271984004267763 0.3275072784908912 0.008771929824561403 0.02982456140350877
7.0 0.09906824832993202 0.27576701345460153 0.008771929824561403 0.021052631578947368
9.0 0.7273954660286827 0.3117420421530751 0.010526315789473684 0.02982456140350877
2.0 0.5143804101999598 0.3206750181557604 0.010526315789473684 0.02631578947368421
2.0 0.1397909672491624 0.2712555875855118 0.008771929824561403 0.01929824561403509
7.0 0.1700277211536321 0.2788553720569182 0.005263157894736842 0.021052631578947368
2.0 0.8072752219296867 0.3309480618947494 0.007017543859649123 0.02280701754385965
2.0 0.4702826030626443 0.3054376469908631 0.005263157894736842 0.01929824561403509
2.0 0.07361007986681008 0.26610535667868274 0.007017543859649123 0.017543859649122806
9.0 0.7483118532530396 0.316549511678855 0.008771929824561403 0.02982456140350877
7.0 0.36112715736533024 0.2967041637077575 0.005263157894736842 0.01929824561403509
7.0 0.3131959318054791 0.28488774871934736 0.005263157894736842 0.017543859649122806
7.0 0.7071146515831485 0.31078419626580567 0.005263157894736842 0.014035087719298246
2.0 0.6263497081531456 0.3010263739145338 0.005263157894736842 0.014035087719298246
7.0 0.2433230555732229 0.2816569229188535 0.007017543859649123 0.01929824561403509
2.0 0.6996290489205789 0.3126897531990019 0.007017543859649123 0.015789473684210527
2.0 0.291131645571887 0.2797234782643787 0.005263157894736842 0.014035087719298246
2.0 0.6604800882119103 0.3056955548345445 0.005263157894736842 0.017543859649122806
2.0 0.4136128430324038 0.29173486762879747 0.005263157894736842 0.01929824561403509
9.0 0.7695753261774649 0.3139386854925586 0.010526315789473684 0.02631578947368421
2.0 0.5711435565151171 0.29157834331959337 0.005263157894736842 0.012280701754385965
7.0 0.6750593827701559 0.3063579689276567 0.005263157894736842 0.015789473684210527
2.0 0.518136788009409 0.342349879709053 0.014035087719298246 0.03508771929824561
7.0 0.6376544412593484 0.2981631914346047 0.0035087719298245615 0.014035087719298246
2.0 0.3609209868134803 0.28345325616420164 0.005263157894736842 0.015789473684210527
2.0 0.1453109974970867 0.25975411736483434 0.0035087719298245615 0.010526315789473684
7.0 0.10993354180593913 0.2552471079915766 0.005263157894736842 0.012280701754385965
7.0 0.7784769118061343 0.3197326918644201 0.007017543859649123 0.01929824561403509
2.0 0.2983186271896695 0.26506706057298757 0.005263157894736842 0.010526315789473684
2.0 0.09494328701249251 0.2575763751363931 0.005263157894736842 0.012280701754385965
2.0 0.20712512611737813 0.2743003834778074 0.007017543859649123 0.015789473684210527
2.0 0.7391144741537865 0.3186652483301934 0.008771929824561403 0.01929824561403509
2.0 0.5969667654605829 0.2952946356027376 0.0035087719298245615 0.015789473684210527
2.0 0.2211181789961683 0.2612698616016982 0.0035087719298245615 0.010526315789473684
2.0 0.26131537839211577 0.26272350457395893 0.0035087719298245615 0.008771929824561403
2.0 0.4660887467531171 0.2764408220963094 0.0035087719298245615 0.012280701754385965
2.0 0.3390396404356448 0.2669541324966764 0.0035087719298245615 0.008771929824561403
7.0 0.5981611952098983 0.2921977064917195 0.0035087719298245615 0.012280701754385965
2.0 0.5422589110416147 0.28725150767909713 0.005263157894736842 0.010526315789473684
2.0 0.18399023694449965 0.2604167517984831 0.0035087719298245615 0.012280701754385965
2.0 0.37364791459158025 0.2691030591132692 0.005263157894736842 0.010526315789473684
7.0 0.2521143324894899 0.2609029793762412 0.005263157894736842 0.010526315789473684
7.0 0.5587080127378684 0.2852318119500754 0.0035087719298245615 0.010526315789473684
7.0 0.5165757780151983 0.27959035407265936 0.0035087719298245615 0.010526315789473684
2.0 0.5032883841561605 0.28171053618536573 0.0035087719298245615 0.010526315789473684
2.0 0.4228032405445837 0.27290479923342686 0.0035087719298245615 0.010526315789473684
7.0 0.1586908418490616 0.257133888466767 0.0017543859649122807 0.008771929824561403
7.0 0.30182571505369893 0.2641477490373743 0.0035087719298245615 0.008771929824561403
7.0 0.34536415079610866 0.26716402076632 0.0035087719298245615 0.007017543859649123
7.0 0.39119728987095703 0.2708849788513688 0.0 0.008771929824561403
7.0 0.4397696889282051 0.2737718528972812 0.0017543859649122807 0.008771929824561403
7.0 0.47989348729952264 0.27720738937647904 0.0017543859649122807 0.010526315789473684
