7.0 0.6121906963120612 0.42396588815325864 0.05 0.03235294117647059
7.0 0.5982166946108844 0.45015491102918875 0.057352941176470586 0.03529411764705882
7.0 0.6099902518998981 0.3630906536518617 0.033823529411764704 0.023529411764705882
2.0 0.7215672300351494 0.6314263243801921 0.05 0.03235294117647059
2.0 0.7278291841377832 0.7494178546253691 0.07647058823529412 0.051470588235294115
7.0 0.6144504667298941 0.3900797669267691 0.03823529411764706 0.023529411764705882
7.0 0.6025880423797344 0.3326964376879579 0.029411764705882353 0.01764705882352941
7.0 0.5666141490197538 0.48600150601944964 0.07941176470588235 0.04852941176470588
7.0 0.5846546085844501 0.28262196366879005 0.023529411764705882 0.014705882352941176
7.0 0.5944518449461059 0.3094402554165692 0.025 0.014705882352941176
2.0 0.7107617813727745 0.563713699849883 0.041176470588235294 0.026470588235294117
7.0 0.7843365438978053 0.5597784927540573 0.013235294117647059 0.007352941176470588
2.0 0.6961672129013053 0.5023954080871827 0.03235294117647059 0.01911764705882353
2.0 0.6378341613871631 0.35212561758917604 0.022058823529411766 0.013235294117647059
7.0 0.8421436135158127 0.641147844067743 0.008823529411764706 0.0058823529411764705
2.0 0.6807205723804537 0.45376996833865985 0.026470588235294117 0.01764705882352941
2.0 0.7845425707562138 0.5660461854521036 0.014705882352941176 0.008823529411764706
7.0 0.5716356070995582 0.2324324923389975 0.016176470588235296 0.010294117647058823
2.0 0.8048322368775463 0.6037316481897509 0.014705882352941176 0.008823529411764706
7.0 0.4673629244051726 0.5055320390161626 0.12205882352941176 0.07794117647058824
2.0 0.6805730905995093 0.38470133943869667 0.013235294117647059 0.008823529411764706
2.0 0.7296306419578957 0.4695774208408178 0.013235294117647059 0.008823529411764706
2.0 0.6644310748677895 0.3588145669495977 0.013235294117647059 0.008823529411764706
7.0 0.8283339831882037 0.63284105908178 0.011764705882352941 0.007352941176470588
2.0 0.6176842441576313 0.3002019047902398 0.016176470588235296 0.008823529411764706
7.0 0.5715026821722717 0.24666756033337447 0.01911764705882353 0.013235294117647059
2.0 0.6633538245133357 0.41168087650858454 0.025 0.016176470588235296
2.0 0.6203542763145833 0.31269792752319103 0.016176470588235296 0.010294117647058823
7.0 0.7117919748496163 0.4313222757744464 0.011764705882352941 0.008823529411764706
2.0 0.646375957567165 0.33267341381052173 0.016176470588235296 0.008823529411764706
7.0 0.6606555604595438 0.34683403905637916 0.010294117647058823 0.007352941176470588
7.0 0.7972823312810613 0.5836747283786808 0.013235294117647059 0.008823529411764706
7.0 0.5860544294107136 0.24494971903376447 0.014705882352941176 0.008823529411764706
2.0 0.824467868095204 0.6381082052041629 0.014705882352941176 0.008823529411764706
7.0 0.8337152059964539 0.6385730780665361 0.011764705882352941 0.007352941176470588
7.0 0.8213801936474409 0.6227745901301434 0.011764705882352941 0.008823529411764706
2.0 0.703335902066246 0.4238422005808129 0.013235294117647059 0.008823529411764706
7.0 0.6087636752129715 0.2713797212689414 0.011764705882352941 0.007352941176470588
7.0 0.8108884055313021 0.6051030426428226 0.011764705882352941 0.0058823529411764705
2.0 0.6517595118717879 0.3829506978000194 0.022058823529411766 0.014705882352941176
7.0 0.6876922354491789 0.38933217953232396 0.011764705882352941 0.007352941176470588
7.0 0.7360374636499832 0.4726628628873335 0.008823529411764706 0.0058823529411764705
2.0 0.6311579925959434 0.31069241402430176 0.014705882352941176 0.010294117647058823
2.0 0.8439695208079027 0.6702376727233265 0.013235294117647059 0.008823529411764706
2.0 0.8536117826664084 0.6657414121767693 0.008823529411764706 0.0058823529411764705
7.0 0.8305112122763169 0.6258940407920927 0.011764705882352941 0.007352941176470588
7.0 0.6340199917481409 0.306175959602045 0.011764705882352941 0.0058823529411764705
7.0 0.2872535231671863 0.4736663468114241 0.1661764705882353 0.11176470588235295
2.0 0.8566386501826683 0.6867526769337056 0.013235294117647059 0.008823529411764706
2.0 0.8615430764616345 0.6866340377254787 0.011764705882352941 0.0058823529411764705
2.0 0.8589912406111143 0.6743736716836111 0.010294117647058823 0.007352941176470588
2.0 0.869524229749779 0.6911536892167892 0.008823529411764706 0.0058823529411764705
2.0 0.8545536744723395 0.6677613056729603 0.010294117647058823 0.0058823529411764705
2.0 0.8619625957865037 0.6923618645572067 0.011764705882352941 0.007352941176470588
9.0 0.7551964105088709 0.5069792367215081 0.022058823529411766 0.013235294117647059
9.0 0.7599273524815624 0.5151828189643481 0.022058823529411766 0.013235294117647059
2.0 0.7537973706108128 0.5126910618305645 0.013235294117647059 0.008823529411764706
2.0 0.6210574168971247 0.30064776067373494 0.014705882352941176 0.007352941176470588
7.0 0.7578909955052562 0.5117957231681137 0.011764705882352941 0.008823529411764706
9.0 0.758829887057123 0.5070212461982777 0.01911764705882353 0.010294117647058823
9.0 0.7630612445246415 0.5141534660123948 0.022058823529411766 0.011764705882352941
