7.0 0.07805566370505987 0.3265127721466817 0.008547008547008548 0.023931623931623933
7.0 0.7806177692097559 0.3568315121777566 0.010256410256410256 0.02735042735042735
7.0 0.7330196571305122 0.3475162469018916 0.006837606837606838 0.020512820512820513
9.0 0.25618473362710237 0.41580871306623685 0.02735042735042735 0.10085470085470086
2.0 0.6379467831903649 0.33945535331387655 0.006837606837606838 0.018803418803418803
2.0 0.22356344812654472 0.3997882084416503 0.017094017094017096 0.04786324786324787
2.0 0.18445164721427224 0.3525230890163867 0.010256410256410256 0.02905982905982906
7.0 0.0937922838736866 0.3187301801257874 0.006837606837606838 0.018803418803418803
2.0 0.5473482170191507 0.6567260147407199 0.0735042735042735 0.1811965811965812
2.0 0.17665842382876634 0.33739071655065506 0.008547008547008548 0.02564102564102564
2.0 0.3419425635938936 0.5033592621049813 0.042735042735042736 0.10085470085470086
2.0 0.19931965044642355 0.3723213117398838 0.013675213675213675 0.037606837606837605
9.0 0.2849654159066559 0.43292487731056234 0.044444444444444446 0.11965811965811966
7.0 0.17130824678899034 0.2987435848064601 0.005128205128205128 0.010256410256410256
2.0 0.3804247420833086 0.30607431546658603 0.005128205128205128 0.011965811965811967
2.0 0.7396716299925865 0.36909426759207675 0.011965811965811967 0.03076923076923077
7.0 0.10328242395739211 0.31240657871873795 0.008547008547008548 0.017094017094017096
7.0 0.1370812429104153 0.2998314666065353 0.006837606837606838 0.011965811965811967
2.0 0.5427459964572303 0.3188937965571672 0.005128205128205128 0.013675213675213675
2.0 0.48850810953733304 0.3144848047617047 0.005128205128205128 0.011965811965811967
7.0 0.10743100776136306 0.30452760250610883 0.005128205128205128 0.015384615384615385
7.0 0.6903843095073986 0.3335603204967951 0.006837606837606838 0.017094017094017096
2.0 0.32619778083416007 0.30262946763778237 0.005128205128205128 0.013675213675213675
2.0 0.18039877658392267 0.30645744026714516 0.003418803418803419 0.011965811965811967
7.0 0.7245963534695076 0.34306398183372755 0.008547008547008548 0.018803418803418803
2.0 0.21741493856289115 0.3015516693588117 0.003418803418803419 0.015384615384615385
2.0 0.6278016386175362 0.33190853242454665 0.005128205128205128 0.017094017094017096
2.0 0.6650749953183095 0.3520127322370274 0.010256410256410256 0.02564102564102564
7.0 0.3489184139148741 0.3009537604960479 0.003418803418803419 0.011965811965811967
7.0 0.31265928347265415 0.2999532440839294 0.003418803418803419 0.008547008547008548
2.0 0.2696034819713247 0.4440242547256495 0.02564102564102564 0.07008547008547009
2.0 0.5944101384036882 0.32467630393269165 0.005128205128205128 0.017094017094017096
7.0 0.12278115143751382 0.3011305041681549 0.006837606837606838 0.013675213675213675
7.0 0.6448899760393384 0.3258347370356046 0.006837606837606838 0.017094017094017096
7.0 0.5518501170327981 0.3160074644974193 0.005128205128205128 0.013675213675213675
2.0 0.27082680700838785 0.3008013333851534 0.0017094017094017094 0.010256410256410256
7.0 0.4675315525325036 0.30865351106834144 0.003418803418803419 0.010256410256410256
2.0 0.4316471083235793 0.31096978005041587 0.003418803418803419 0.013675213675213675
2.0 0.17148696938281666 0.32616737849875266 0.008547008547008548 0.020512820512820513
7.0 0.22532522207426361 0.29789740932464714 0.003418803418803419 0.011965811965811967
7.0 0.5084491172710411 0.3127708404300336 0.003418803418803419 0.010256410256410256
2.0 0.1681149396067073 0.3194795504589017 0.006837606837606838 0.017094017094017096
2.0 0.1695523804539253 0.31395286471869116 0.003418803418803419 0.015384615384615385
7.0 0.8451858385130556 0.3018114006419163 0.005128205128205128 0.011965811965811967
7.0 0.5916368523712535 0.3188595186230065 0.006837606837606838 0.015384615384615385
7.0 0.42428615167240363 0.3053922425560017 0.003418803418803419 0.010256410256410256
7.0 0.38712481191512793 0.3026117344487305 0.0017094017094017094 0.010256410256410256
7.0 0.2774547678083305 0.2987856931004559 0.003418803418803419 0.010256410256410256
