2 0.63057 0.29837 0.01253 0.05326
2 0.76079 0.32826 0.02019 0.07174
7 0.61038 0.22772 0.00557 0.02283
7 0.36925 0.31196 0.01149 0.04565
7 0.41052 0.35054 0.01602 0.06413
7 0.4462 0.45435 0.02751 0.11304
7 0.41887 0.28043 0.00836 0.03478
7 0.53517 0.24185 0.00557 0.025
2 0.91226 0.39402 0.03412 0.10761
7 0.46762 0.25924 0.00696 0.02717
7 0.6915 0.2163 0.00487 0.02174
7 0.44655 0.38261 0.02054 0.08043
2 0.81407 0.21413 0.00696 0.02609
7 0.34871 0.6538 0.05258 0.19674
2 0.87013 0.20978 0.00766 0.02609
2 0.62361 0.23967 0.00766 0.02935
2 0.67114 0.22989 0.00662 0.02717
7 0.87604 0.19946 0.00487 0.02065
2 0.72841 0.22174 0.00696 0.02609
7 0.78151 0.20761 0.00522 0.02174
2 0.57242 0.28315 0.01045 0.04457
2 0.56233 0.26576 0.00836 0.03587
2 0.58322 0.25163 0.00766 0.03152
