7 0.48816 0.36576 0.01532 0.06848
7 0.4852 0.49565 0.03169 0.12609
7 0.45178 0.31902 0.0101 0.04457
2 0.74721 0.31196 0.01323 0.05652
2 0.62187 0.2875 0.00836 0.04022
7 0.79526 0.23152 0.00418 0.01739
2 0.56058 0.26087 0.00557 0.02609
2 0.54561 0.27554 0.00696 0.03152
7 0.40738 0.30163 0.00766 0.0337
2 0.75226 0.23913 0.00522 0.01957
7 0.41609 0.28261 0.00557 0.02609
7 0.56494 0.24185 0.00383 0.01848
2 0.66783 0.24185 0.00487 0.02065
7 0.71222 0.23261 0.00453 0.01739
2 0.93907 0.23696 0.00557 0.02174
2 0.83861 0.23859 0.00453 0.02065
7 0.89049 0.2288 0.00453 0.01848
7 0.50905 0.25435 0.00418 0.01957
7 0.46361 0.2663 0.00453 0.02174
7 0.63562 0.23424 0.00383 0.0163
2 0.60951 0.2462 0.00522 0.02283
