2.0 0.3279891869794073 0.2282029980459132 0.052704576976421634 0.05825242718446602
2.0 0.36779823462686506 0.19460304164809783 0.033287101248266296 0.036061026352288486
2.0 0.40019002656416874 0.35680084182476235 0.06241331484049931 0.06934812760055478
7.0 0.46193572601760624 0.23378830470574136 0.018030513176144243 0.018030513176144243
7.0 0.47104006459645087 0.23639413031051412 0.013869625520110958 0.015256588072122053
2.0 0.466379681640431 0.26925777899044523 0.023578363384188627 0.026352288488210817
2.0 0.5008225279851144 0.29110427248357623 0.020804438280166437 0.023578363384188627
7.0 0.7754649146028969 0.5532971505608288 0.009708737864077669 0.009708737864077669
7.0 0.44100849393839936 0.22026073123034684 0.018030513176144243 0.020804438280166437
2.0 0.4443708552066981 0.4991711302246332 0.09431345353675451 0.10263522884882108
7.0 0.4701024906135179 0.22250887230072638 0.012482662968099861 0.013869625520110958
7.0 0.4143162766912858 0.19937431504676958 0.022191400832177532 0.023578363384188627
2.0 0.7475629936857244 0.5303945101788518 0.012482662968099861 0.012482662968099861
2.0 0.8116243794078076 0.599258529948754 0.011095700416088766 0.012482662968099861
2.0 0.6714215280867865 0.434763681716862 0.009708737864077669 0.009708737864077669
7.0 0.7211814909160621 0.4916273828120991 0.009708737864077669 0.012482662968099861
2.0 0.5252849034929603 0.3040755754310314 0.013869625520110958 0.016643550624133148
7.0 0.4900392057081669 0.2372168979509932 0.011095700416088766 0.012482662968099861
2.0 0.5561058973445403 0.3027299476351251 0.009708737864077669 0.011095700416088766
2.0 0.6525912951969435 0.4098878894400843 0.008321775312066574 0.009708737864077669
2.0 0.7969664374360224 0.5859486239301414 0.011095700416088766 0.012482662968099861
2.0 0.632827513185381 0.3857490399246156 0.009708737864077669 0.011095700416088766
7.0 0.7672729280336096 0.544411663040641 0.008321775312066574 0.009708737864077669
7.0 0.7540226793052224 0.5307719384395947 0.009708737864077669 0.011095700416088766
7.0 0.5635614944542209 0.3059639094925052 0.008321775312066574 0.009708737864077669
2.0 0.7764343545922673 0.5636865392497961 0.012482662968099861 0.012482662968099861
2.0 0.519882206159718 0.2743555263546007 0.012482662968099861 0.012482662968099861
2.0 0.6874355445786076 0.4562566855152242 0.009708737864077669 0.011095700416088766
2.0 0.5931040684122578 0.34133943667242944 0.008321775312066574 0.009708737864077669
7.0 0.6459313456976427 0.39725431212142326 0.006934812760055479 0.006934812760055479
2.0 0.5220932158255847 0.2832652699211475 0.013869625520110958 0.013869625520110958
2.0 0.5739963566958125 0.32026327125841925 0.009708737864077669 0.009708737864077669
7.0 0.5103081679366189 0.25422457668123355 0.008321775312066574 0.011095700416088766
2.0 0.6180110417079573 0.3687835037812217 0.011095700416088766 0.011095700416088766
7.0 0.708097411120725 0.4751050635739288 0.011095700416088766 0.012482662968099861
7.0 0.6713358144166717 0.4281378543840031 0.008321775312066574 0.009708737864077669
2.0 0.8217224752873458 0.6072312573293576 0.011095700416088766 0.012482662968099861
7.0 0.7387572109286696 0.5124192168474719 0.009708737864077669 0.009708737864077669
2.0 0.7073147974433814 0.4820034400448139 0.009708737864077669 0.012482662968099861
7.0 0.5916843072454956 0.33611565635721014 0.008321775312066574 0.008321775312066574
7.0 0.7867363289178064 0.5627549901553157 0.008321775312066574 0.009708737864077669
7.0 0.47059111306347046 0.23097452368467478 0.015256588072122053 0.016643550624133148
7.0 0.693834573018243 0.45709306752747614 0.008321775312066574 0.009708737864077669
2.0 0.5268645344250951 0.2771923684992779 0.011095700416088766 0.012482662968099861
2.0 0.5563507872311704 0.8001979145509416 0.08460471567267684 0.09431345353675451
2.0 0.5391431436084742 0.2869854937676613 0.011095700416088766 0.012482662968099861
2.0 0.5294101108973774 0.29897153580743946 0.012482662968099861 0.013869625520110958
7.0 0.536115334586214 0.277900225331179 0.008321775312066574 0.008321775312066574
