7.0 0.5895033772038133 0.44654674097556163 0.06461538461538462 0.11076923076923077
7.0 0.7044507260423858 0.3014743154473275 0.036923076923076927 0.06461538461538462
7.0 0.780175432917114 0.23328803028947595 0.023076923076923078 0.046153846153846156
7.0 0.24545714410912808 0.8104033083543192 0.06769230769230769 0.12923076923076923
7.0 0.5365311466983748 0.20173330448959148 0.004615384615384616 0.009230769230769232
7.0 0.5676786844379876 0.19236626703015489 0.006153846153846154 0.012307692307692308
7.0 0.5152488875021092 0.20815331715827418 0.004615384615384616 0.006153846153846154
7.0 0.6616700929086703 0.15954423586044583 0.006153846153846154 0.012307692307692308
7.0 0.606590293623746 0.17941778853447707 0.007692307692307693 0.012307692307692308
7.0 0.504886003474998 0.21217140730664155 0.003076923076923077 0.007692307692307693
7.0 0.7102659044481073 0.14145343618690304 0.007692307692307693 0.009230769230769232
7.0 0.5061819166882747 0.2117251886028834 0.003076923076923077 0.007692307692307693
7.0 0.5168054729134589 0.2076173418187026 0.004615384615384616 0.006153846153846154
