7 0.44203 0.37228 0.01985 0.07283
7 0.3501 0.34185 0.01497 0.05326
7 0.76306 0.24946 0.01079 0.03804
7 0.48955 0.46141 0.02786 0.11848
7 0.66609 0.27935 0.01184 0.04565
9 0.37187 0.2913 0.01462 0.06087
7 0.78029 0.22772 0.00696 0.02935
7 0.68854 0.21739 0.00453 0.02174
7 0.26428 0.34022 0.01184 0.04565
2 0.45787 0.29348 0.01045 0.0413
7 0.15338 0.35163 0.01149 0.04239
8 0.88109 0.3038 0.01985 0.06848
2 0.64293 0.31957 0.01497 0.06522
2 0.56999 0.27283 0.00905 0.03913
7 0.74617 0.21902 0.00627 0.025
9 0.33409 0.29511 0.01358 0.05978
2 0.83983 0.40217 0.02925 0.11087
7 0.15233 0.32065 0.00801 0.03043
2 0.62987 0.22826 0.00557 0.02391
8 0.10707 0.32446 0.0087 0.02935
9 0.24304 0.32826 0.01811 0.07174
2 0.66313 0.23152 0.00592 0.02609
2 0.3515 0.30543 0.0087 0.03696
2 0.26863 0.28967 0.00662 0.02717
2 0.30449 0.27717 0.00592 0.02174
9 0.28499 0.325 0.01845 0.07609
2 0.64798 0.2538 0.00836 0.0337
7 0.18646 0.30272 0.00662 0.025
2 0.58357 0.22989 0.00557 0.02283
2 0.35515 0.26413 0.00557 0.02174
2 0.25592 0.30163 0.00836 0.03152
8 0.83653 0.26739 0.01358 0.05
2 0.67427 0.23804 0.00731 0.03043
7 0.54805 0.22826 0.00487 0.01739
7 0.6203 0.22065 0.00522 0.01957
7 0.24565 0.28424 0.00522 0.02065
7 0.39798 0.25054 0.00487 0.01848
2 0.52925 0.23478 0.00557 0.02174
7 0.34523 0.76033 0.03308 0.175
2 0.27925 0.30707 0.00557 0.0337
7 0.31946 0.2663 0.00453 0.01957
2 0.41365 0.25272 0.00557 0.02065
1 0.94533 0.18587 0.00627 0.01957
1 0.7554 0.20272 0.00383 0.0163
2 0.47284 0.24239 0.00487 0.01957
7 0.47493 0.2375 0.00279 0.01848
2 0.05101 0.35652 0.00383 0.02609
1 0.84384 0.1913 0.00662 0.02174
1 0.74739 0.19837 0.00313 0.0163
