7 0.24304 0.36413 0.02019 0.07609
7 0.41522 0.3337 0.01149 0.05
7 0.84593 0.37446 0.00801 0.03587
2 0.57208 0.3875 0.01462 0.06196
7 0.70456 0.35 0.00801 0.03696
7 0.5585 0.33478 0.00975 0.0413
2 0.49304 0.43207 0.02019 0.09022
2 0.77855 0.38533 0.01114 0.04457
2 0.88162 0.35815 0.00627 0.025
8 0.65895 0.31793 0.00662 0.02717
8 0.74478 0.34402 0.00836 0.03152
2 0.91069 0.35652 0.00522 0.02174
8 0.71414 0.32283 0.00627 0.02391
8 0.79997 0.34728 0.00731 0.02935
2 0.90286 0.375 0.00836 0.03261
2 0.46953 0.57935 0.03586 0.15652
2 0.66626 0.37717 0.01149 0.05
1 0.1734 0.2413 0.00557 0.02609
2 0.91295 0.4087 0.01253 0.04565
1 0.05327 0.23967 0.00905 0.03152
1 0.16034 0.23043 0.00522 0.02174
1 0.4946 0.27772 0.00383 0.01848
1 0.29074 0.24837 0.00418 0.02065
1 0.62604 0.3 0.00418 0.01957
1 0.07329 0.225 0.00592 0.02391
1 0.38962 0.26033 0.00418 0.02065
1 0.26114 0.23859 0.00348 0.01848
1 0.58635 0.29783 0.00348 0.01957
1 0.51567 0.27663 0.00348 0.01848
1 0.09018 0.21902 0.00487 0.02065
1 0.38005 0.25326 0.00313 0.01739
