7 0.27194 0.32663 0.01253 0.05326
7 0.07521 0.4 0.03343 0.09565
7 0.32242 0.30815 0.00975 0.04239
2 0.44673 0.43913 0.02089 0.09348
7 0.39189 0.28587 0.00592 0.02826
7 0.44342 0.27772 0.00522 0.02283
2 0.48242 0.35272 0.01219 0.05326
7 0.3602 0.2962 0.00801 0.03587
2 0.91052 0.32446 0.00487 0.02283
7 0.50749 0.28098 0.00453 0.02065
2 0.64554 0.2962 0.00418 0.02065
2 0.50209 0.31848 0.00836 0.03696
2 0.80223 0.29565 0.00279 0.01304
2 0.90268 0.31848 0.00383 0.01957
7 0.59889 0.27989 0.00279 0.0163
2 0.51515 0.30163 0.00592 0.02935
2 0.82051 0.29511 0.00244 0.01196
2 0.58966 0.74293 0.05397 0.20761
7 0.63893 0.2837 0.00348 0.01522
2 0.69098 0.28967 0.00313 0.0163
2 0.6626 0.29185 0.00348 0.01848
7 0.75418 0.28478 0.00279 0.01304
7 0.7829 0.28641 0.00244 0.01196
2 0.85376 0.29728 0.00279 0.01196
7 0.56233 0.28098 0.00348 0.01848
7 0.67932 0.28478 0.00279 0.01522
2 0.92723 0.31739 0.00348 0.01739
2 0.78029 0.29674 0.00279 0.01304
2 0.54701 0.29728 0.00487 0.025
7 0.72772 0.28641 0.00279 0.01196
2 0.73137 0.29511 0.00313 0.01413
2 0.60341 0.29783 0.00487 0.02174
7 0.81633 0.28859 0.00244 0.01196
7 0.84697 0.28967 0.00244 0.00978
7 0.87657 0.29076 0.00244 0.01196
7 0.90912 0.29293 0.00209 0.01196
2 0.9281 0.29837 0.00244 0.01196
2 0.90425 0.29728 0.00209 0.01196
2 0.88196 0.29728 0.00209 0.01196
