7 0.06616 0.2087 0.00627 0.02174
2 0.32799 0.41413 0.02437 0.09565
2 0.88092 0.31739 0.00418 0.01522
7 0.18907 0.21413 0.00418 0.01739
7 0.1727 0.21413 0.00487 0.01739
2 0.25087 0.22609 0.00453 0.01739
2 0.82312 0.30707 0.00348 0.01413
7 0.14084 0.21304 0.00453 0.01957
2 0.77403 0.29837 0.00348 0.01413
2 0.63492 0.26902 0.00313 0.01196
2 0.22354 0.225 0.00487 0.01957
7 0.23137 0.20978 0.00313 0.01304
2 0.19742 0.34565 0.01741 0.07174
7 0.84627 0.30761 0.00313 0.01304
7 0.33496 0.22174 0.00279 0.01304
7 0.11455 0.21196 0.00418 0.02174
7 0.76724 0.29457 0.00313 0.01304
2 0.56772 0.25163 0.00244 0.01196
2 0.62326 0.26304 0.00279 0.01087
7 0.71675 0.28478 0.00244 0.01304
7 0.58391 0.2538 0.00209 0.00978
2 0.41626 0.2337 0.00313 0.01304
2 0.11055 0.22065 0.00731 0.02609
7 0.29944 0.21793 0.00348 0.01196
2 0.49286 0.23967 0.00244 0.00978
7 0.90494 0.31793 0.00418 0.01413
7 0.37726 0.22663 0.00244 0.01196
2 0.59436 0.25652 0.00279 0.01087
2 0.17653 0.22446 0.00627 0.02283
7 0.79439 0.29891 0.00313 0.01304
7 0.61821 0.26033 0.00174 0.00978
2 0.43506 0.23533 0.00313 0.01196
2 0.64659 0.27228 0.00348 0.01196
7 0.41347 0.2288 0.00244 0.00978
7 0.19795 0.21304 0.00313 0.01739
7 0.73955 0.28913 0.00279 0.01304
2 0.27194 0.21793 0.00348 0.01413
2 0.72754 0.28967 0.00383 0.01413
2 0.46797 0.56359 0.04526 0.15761
7 0.39189 0.22772 0.00313 0.01196
7 0.20247 0.2087 0.00313 0.01304
7 0.69603 0.27989 0.00279 0.01196
7 0.35498 0.22446 0.00313 0.01196
2 0.54213 0.24728 0.00279 0.01196
2 0.51758 0.24348 0.00244 0.01087
7 0.3992 0.22826 0.00244 0.01087
7 0.67984 0.27446 0.00244 0.00978
7 0.668 0.27065 0.00244 0.01087
2 0.63005 0.2663 0.00313 0.01087
7 0.50905 0.2413 0.00209 0.0087
2 0.34767 0.22663 0.00383 0.01413
2 0.26149 0.21957 0.00279 0.01522
2 0.29231 0.21902 0.00383 0.01413
2 0.68558 0.28098 0.00348 0.01413
2 0.47145 0.23696 0.00279 0.01087
2 0.92183 0.32391 0.00383 0.01522
2 0.60951 0.26033 0.00244 0.01196
2 0.45317 0.23533 0.00313 0.01196
7 0.26532 0.21359 0.00279 0.01196
2 0.26915 0.22283 0.00348 0.01522
2 0.26323 0.22446 0.00418 0.0163
2 0.37918 0.23043 0.00348 0.01304
7 0.4429 0.23261 0.00209 0.0087
7 0.54648 0.24728 0.00244 0.00978
2 0.44429 0.23478 0.00279 0.01087
7 0.6868 0.27717 0.00244 0.01087
7 0.47354 0.23641 0.00209 0.00978
7 0.19516 0.21196 0.00313 0.01739
7 0.64694 0.2663 0.00209 0.01087
