7 0.12639 0.29837 0.01741 0.05543
7 0.79213 0.33804 0.00766 0.03261
2 0.41069 0.32283 0.01288 0.05
7 0.52838 0.29457 0.00731 0.03043
7 0.6593 0.31304 0.00731 0.03043
7 0.93471 0.36576 0.0094 0.0337
2 0.39955 0.48859 0.03029 0.125
2 0.58426 0.32446 0.00975 0.04022
2 0.81633 0.36359 0.0101 0.04022
2 0.35742 0.3413 0.01636 0.06304
7 0.27298 0.28098 0.00975 0.04022
2 0.49373 0.31957 0.01045 0.04565
2 0.67288 0.33587 0.0094 0.03913
7 0.40077 0.2837 0.00766 0.03478
2 0.34314 0.37989 0.01985 0.07935
2 0.94603 0.825 0.00975 0.04348
