7.0 0.4000662423046025 0.23606954637413344 0.06859205776173286 0.023465703971119134
7.0 0.29855175675724815 0.15159771929736182 0.02707581227436823 0.010830324909747292
7.0 0.3430847675068906 0.19006062454983036 0.04332129963898917 0.01444043321299639
7.0 0.5987274687639355 0.39735776348169577 0.16967509025270758 0.061371841155234655
7.0 0.31533528705063046 0.16727872727225834 0.030685920577617327 0.010830324909747292
7.0 0.3033766706745672 0.5632308359240009 0.032490974729241874 0.010830324909747292
7.0 0.2747271055848929 0.12997559190429694 0.01444043321299639 0.005415162454873646
7.0 0.287786025381178 0.14210228013998852 0.021660649819494584 0.007220216606498195
7.0 0.28032311118148034 0.13515015471667235 0.016245487364620937 0.0036101083032490976
2.0 0.27580621429022517 0.06578842336104733 0.016245487364620937 0.005415162454873646
7.0 0.2700081705024945 0.12633428003601305 0.01263537906137184 0.0036101083032490976
7.0 0.26673883719886166 0.12330220523575189 0.01263537906137184 0.0036101083032490976
2.0 0.27145091085730544 0.06944295686527538 0.01263537906137184 0.005415162454873646
2.0 0.26778401551108394 0.07106107565488584 0.01263537906137184 0.005415162454873646
2.0 0.2645305122591407 0.0736801882578442 0.010830324909747292 0.0018050541516245488
9.0 0.25619997233576525 0.11704579569133057 0.016245487364620937 0.005415162454873646
7.0 0.2644121649059071 0.12115971722363764 0.010830324909747292 0.0036101083032490976
7.0 0.2615654304056756 0.11912944171940111 0.009025270758122744 0.0018050541516245488
9.0 0.25567232258231987 0.07695004744231017 0.016245487364620937 0.005415162454873646
8.0 0.2589469478650094 0.07981559599567786 0.009025270758122744 0.0018050541516245488
2.0 0.2622149498051325 0.07703076262850257 0.010830324909747292 0.0018050541516245488
