7.0 0.6819978577217897 0.7418529665308751 0.061371841155234655 0.021660649819494584
7.0 0.7750030188298279 0.8136575269837405 0.02527075812274368 0.009025270758122744
7.0 0.7328770869996599 0.7816537580532996 0.04332129963898917 0.01444043321299639
7.0 0.7592455525855887 0.8006657752503799 0.030685920577617327 0.009025270758122744
7.0 0.5567110447377855 0.6468594727052521 0.11191335740072202 0.04151624548736462
7.0 0.7933774775302984 0.8277191267062929 0.016245487364620937 0.005415162454873646
7.0 0.7847643340683345 0.8215240715017389 0.023465703971119134 0.007220216606498195
8.0 0.5853863177906997 0.4040253705867429 0.0776173285198556 0.030685920577617327
9.0 0.8114761147556723 0.8387341111917563 0.023465703971119134 0.007220216606498195
7.0 0.7993225367277219 0.8323663905299278 0.016245487364620937 0.005415162454873646
7.0 0.8036778401606417 0.8360209240341557 0.01444043321299639 0.0036101083032490976
