7.0 0.5873843463985384 0.40707008012960505 0.037868162692847124 0.030855539971949508
7.0 0.6113661215101325 0.3589909657782153 0.021037868162692847 0.016830294530154277
7.0 0.5654787530736938 0.25330677718272776 0.015427769985974754 0.012622720897615708
7.0 0.5923046716549614 0.3093083002168011 0.016830294530154277 0.014025245441795231
2.0 0.4596121310235636 0.21847037968391206 0.04908835904628331 0.04067321178120617
2.0 0.5337718362096886 0.2944346228992103 0.0364656381486676 0.030855539971949508
2.0 0.56461774146784 0.30991750088560227 0.028050490883590462 0.02244039270687237
2.0 0.569327803822928 0.29487264900584353 0.023842917251051893 0.019635343618513323
2.0 0.5409790660941375 0.22376360745848156 0.021037868162692847 0.016830294530154277
7.0 0.6154870318184541 0.39685119656631423 0.02664796633941094 0.02244039270687237
7.0 0.5316850595089065 0.19211167369459797 0.015427769985974754 0.012622720897615708
7.0 0.49177810436362995 0.3392500910878859 0.06311360448807854 0.05049088359046283
8.0 0.5976470943540597 0.5135828284031416 0.05750350631136045 0.04628330995792426
2.0 0.5600786099192641 0.26396077072330243 0.019635343618513323 0.016830294530154277
8.0 0.6951193501653644 0.6657078240739966 0.05329593267882188 0.043478260869565216
7.0 0.48990546994278245 0.1229293691330648 0.0182328190743338 0.015427769985974754
2.0 0.5139347167015456 0.17493683087831655 0.019635343618513323 0.016830294530154277
8.0 0.5655648892886527 0.673248259705222 0.10659186535764376 0.08695652173913043
1.0 0.7563494294730929 0.6211596992863243 0.015427769985974754 0.012622720897615708
2.0 0.3438340022531089 0.36882786683404606 0.13043478260869565 0.10799438990182328
2.0 0.4805637597488236 0.12046752358098321 0.019635343618513323 0.015427769985974754
1.0 0.6264135417890139 0.352574805709561 0.012622720897615708 0.011220196353436185
1.0 0.6998029649628882 0.48188654665671954 0.014025245441795231 0.009817671809256662
1.0 0.6628457809552599 0.4059700676968012 0.012622720897615708 0.009817671809256662
1.0 0.6595885412183942 0.41084563382112677 0.014025245441795231 0.011220196353436185
1.0 0.6905996647347545 0.4721481926015746 0.012622720897615708 0.009817671809256662
1.0 0.6998017319591583 0.47303345552237425 0.009817671809256662 0.0070126227208976155
1.0 0.6270475939387341 0.34327688312185706 0.014025245441795231 0.009817671809256662
1.0 0.775656036131723 0.6528137682633995 0.015427769985974754 0.012622720897615708
1.0 0.7461691218975193 0.5828085066901388 0.015427769985974754 0.012622720897615708
1.0 0.7469880262604195 0.5744506367617155 0.012622720897615708 0.009817671809256662
1.0 0.746779467755527 0.5680307186077654 0.011220196353436185 0.009817671809256662
1.0 0.7224718821572184 0.5407900671066977 0.015427769985974754 0.012622720897615708
1.0 0.7237987670179054 0.534522300754466 0.009817671809256662 0.008415147265077139
1.0 0.7359707276325129 0.5328634084821804 0.008415147265077139 0.0070126227208976155
1.0 0.7265589976727477 0.5303015643411298 0.011220196353436185 0.008415147265077139
1.0 0.7305677219085658 0.5271878052074083 0.009817671809256662 0.0070126227208976155
