7.0 0.5431501715155649 0.6353249783018687 0.11642743221690591 0.05901116427432217
9.0 0.7109183675684564 0.6853008044364908 0.09250398724082935 0.0430622009569378
8.0 0.7775524203800698 0.7179246791958193 0.02711323763955343 0.01594896331738437
8.0 0.7933095008199588 0.7235683184034777 0.023923444976076555 0.011164274322169059
2.0 0.6703929117177567 0.49805862839244647 0.0430622009569378 0.019138755980861243
8.0 0.8057260381766737 0.7236228892036581 0.014354066985645933 0.004784688995215311
8.0 0.8288249161019835 0.7892581518991204 0.014354066985645933 0.006379585326953748
8.0 0.808020843789199 0.7287482162911967 0.017543859649122806 0.006379585326953748
8.0 0.8207928825552384 0.7335685404650387 0.011164274322169059 0.006379585326953748
9.0 0.7230001593786423 0.6926562722353357 0.08133971291866028 0.03349282296650718
8.0 0.8324744065882381 0.7840110392739432 0.014354066985645933 0.006379585326953748
8.0 0.816162299847484 0.7317151630207686 0.014354066985645933 0.007974481658692184
8.0 0.7519724245404698 0.7099168096693266 0.03668261562998405 0.01594896331738437
8.0 0.8366381586791186 0.7755404462557041 0.011164274322169059 0.006379585326953748
8.0 0.8039282073470451 0.7271987548638833 0.017543859649122806 0.009569377990430622
8.0 0.8111438281297525 0.7301178908615716 0.014354066985645933 0.006379585326953748
8.0 0.8350601300267407 0.7799366248090432 0.012759170653907496 0.006379585326953748
8.0 0.8242757143276906 0.7345459066603389 0.009569377990430622 0.004784688995215311
8.0 0.8273869327042538 0.7924417091842708 0.017543859649122806 0.006379585326953748
8.0 0.8387297635725726 0.7730609603276217 0.011164274322169059 0.004784688995215311
8.0 0.8398538298468997 0.7704095751665729 0.007974481658692184 0.003189792663476874
