7.0 0.23311658664942458 0.5806460408479297 0.027855153203342618 0.03064066852367688
7.0 0.40644447850609683 0.4506298622967367 0.03899721448467967 0.04596100278551532
7.0 0.3485643021004967 0.4771640771064516 0.033426183844011144 0.03899721448467967
7.0 0.2931268343589827 0.5219516042428416 0.02924791086350975 0.033426183844011144
7.0 0.46699745284300676 0.46037631833389075 0.0584958217270195 0.06685236768802229
7.0 0.5251485685150317 0.5600215261055724 0.10027855153203342 0.11420612813370473
2.0 0.323219775179765 0.4654920432289856 0.022284122562674095 0.026462395543175487
2.0 0.599968384360035 0.3018938167231012 0.05153203342618384 0.05988857938718663
2.0 0.3959100036283895 0.4042751212945397 0.025069637883008356 0.02924791086350975
2.0 0.2523274599304362 0.5380908948187075 0.019498607242339833 0.023676880222841225
2.0 0.48050912413230357 0.3480155969852839 0.036211699164345405 0.0403899721448468
1.0 0.1875212705746297 0.5803615169355251 0.009749303621169917 0.012534818941504178
1.0 0.18205320206166845 0.5757834577493639 0.009749303621169917 0.013927576601671309
