7.0 0.3134650925900496 0.44608226854398386 0.017980636237897647 0.017980636237897647
7.0 0.3710294133711881 0.3933858321030472 0.015214384508990318 0.013831258644536652
7.0 0.3845085011220094 0.37949199505461156 0.013831258644536652 0.013831258644536652
2.0 0.4600539318977887 0.31541510546287443 0.013831258644536652 0.012448132780082987
7.0 0.16990291336437197 0.5684365347818686 0.017980636237897647 0.017980636237897647
7.0 0.40116012405913826 0.36332784394054257 0.012448132780082987 0.011065006915629323
2.0 0.33352561958709726 0.4448907102329636 0.02074688796680498 0.019363762102351315
2.0 0.21454489169605798 0.5431378404026471 0.02074688796680498 0.019363762102351315
7.0 0.2893869088517581 0.46795718789425594 0.016597510373443983 0.016597510373443983
2.0 0.2868385434730239 0.4848013000512125 0.022130013831258646 0.022130013831258646
2.0 0.4459387619093191 0.33562935697970075 0.016597510373443983 0.015214384508990318
7.0 0.23083635515307824 0.5155122149818041 0.016597510373443983 0.015214384508990318
7.0 0.3460476417055954 0.41679044576853524 0.016597510373443983 0.016597510373443983
2.0 0.5611658057691047 0.21770178037555932 0.009681881051175657 0.008298755186721992
2.0 0.58834344480422 0.19533782745047631 0.008298755186721992 0.008298755186721992
2.0 0.42262553704901046 0.3617615432492805 0.017980636237897647 0.016597510373443983
2.0 0.6085617593355888 0.17929463935733334 0.008298755186721992 0.008298755186721992
2.0 0.44848328241085994 0.3170968396539029 0.009681881051175657 0.011065006915629323
2.0 0.5444359237848815 0.23564238233784573 0.009681881051175657 0.009681881051175657
2.0 0.5727505936081634 0.20810295807913068 0.008298755186721992 0.008298755186721992
7.0 0.4838303566273724 0.2814553700724251 0.009681881051175657 0.009681881051175657
2.0 0.5576690492778458 0.22202269112775402 0.011065006915629323 0.008298755186721992
2.0 0.16735454798563773 0.5852806469388252 0.022130013831258646 0.02074688796680498
7.0 0.519694743668588 0.25201887997461964 0.006915629322268326 0.006915629322268326
2.0 0.5204597025465708 0.25627614689392736 0.009681881051175657 0.009681881051175657
2.0 0.5554850660549083 0.22605725469408833 0.009681881051175657 0.009681881051175657
2.0 0.34714218934564867 0.6379609103016508 0.08713692946058091 0.08298755186721991
7.0 0.4104634452421987 0.35109801021445913 0.012448132780082987 0.012448132780082987
7.0 0.4077149338397321 0.35460614273683266 0.012448132780082987 0.011065006915629323
7.0 0.5112003870915494 0.25943543388479096 0.008298755186721992 0.008298755186721992
7.0 0.5221584014024849 0.2482451171089632 0.006915629322268326 0.005532503457814661
7.0 0.43848172676533076 0.31822774010593724 0.008298755186721992 0.006915629322268326
2.0 0.38472018177732187 0.3978931901957186 0.02074688796680498 0.019363762102351315
2.0 0.4620496532435792 0.3031197865686963 0.011065006915629323 0.011065006915629323
2.0 0.4996855343554715 0.2734761299543404 0.009681881051175657 0.009681881051175657
7.0 0.4176453132256372 0.33436265973091206 0.009681881051175657 0.008298755186721992
2.0 0.4575941190410854 0.32087727349737216 0.013831258644536652 0.015214384508990318
2.0 0.4493159504697686 0.3128188558920177 0.012448132780082987 0.011065006915629323
7.0 0.46035222382779817 0.29985208826797255 0.009681881051175657 0.008298755186721992
2.0 0.659803469780198 0.5729892338703371 0.14661134163208853 0.1396957123098202
7.0 0.5961090653531547 0.18757093385509638 0.006915629322268326 0.008298755186721992
7.0 0.568261440276341 0.20897121416178333 0.006915629322268326 0.006915629322268326
7.0 0.5469416177159939 0.22618524138987278 0.006915629322268326 0.008298755186721992
7.0 0.5282099435867318 0.24175563262318236 0.008298755186721992 0.008298755186721992
7.0 0.40407929190792324 0.34834972161633415 0.008298755186721992 0.008298755186721992
