7 0.05884 0.30163 0.01811 0.0663
7 0.84575 0.36793 0.00557 0.02283
2 0.34175 0.35598 0.01497 0.06413
2 0.44168 0.51902 0.03377 0.12717
2 0.86525 0.38261 0.00696 0.02609
2 0.26288 0.28967 0.01184 0.04457
2 0.14937 0.24348 0.00905 0.03478
2 0.5867 0.31793 0.00487 0.02283
7 0.77107 0.35109 0.00522 0.02174
9 0.51584 0.29239 0.00592 0.03478
2 0.76288 0.35978 0.00627 0.02609
7 0.44029 0.27283 0.00383 0.01739
2 0.50226 0.29348 0.00453 0.02174
2 0.39519 0.26359 0.00418 0.02065
7 0.48189 0.2837 0.00418 0.01739
2 0.21414 0.21359 0.00348 0.0163
2 0.34488 0.25054 0.00453 0.02065
2 0.26027 0.22663 0.00453 0.01848
7 0.68193 0.33207 0.00453 0.02065
2 0.30066 0.23804 0.00453 0.01957
2 0.45038 0.2788 0.00453 0.02065
7 0.60707 0.31413 0.00453 0.01957
7 0.28882 0.2288 0.00383 0.0163
9 0.54509 0.29402 0.00592 0.03152
9 0.48938 0.2837 0.00522 0.03696
2 0.6774 0.3413 0.00522 0.02391
7 0.53047 0.2962 0.00313 0.01848
7 0.23102 0.21141 0.00383 0.01413
9 0.52089 0.2875 0.00487 0.03152
7 0.34662 0.2462 0.00244 0.01848
7 0.39728 0.2625 0.00209 0.01848
