7.0 0.5106817010585998 0.4213304215766839 0.04415954415954416 0.0584045584045584
7.0 0.47382207557170525 0.33721348532422446 0.02564102564102564 0.03276353276353276
7.0 0.3555453308888548 0.2633717852804851 0.017094017094017096 0.022792022792022793
7.0 0.4949368430820868 0.513609429281485 0.07264957264957266 0.09686609686609686
7.0 0.29058860450293816 0.232671941284544 0.01566951566951567 0.021367521367521368
7.0 0.41771778574079743 0.2979549029722493 0.018518518518518517 0.02564102564102564
7.0 0.8478197186219518 0.46991149366599744 0.01282051282051282 0.01566951566951567
2.0 0.7653995636118056 0.4305649682215186 0.01282051282051282 0.017094017094017096
2.0 0.6439019425582649 0.41212863339196437 0.027065527065527065 0.03561253561253561
2.0 0.3641978906957633 0.24452495772178662 0.011396011396011397 0.01566951566951567
2.0 0.7303833369359232 0.5070952675953593 0.04415954415954416 0.05698005698005698
2.0 0.42651104761345887 0.28012007467595434 0.011396011396011397 0.017094017094017096
2.0 0.7341378763990114 0.41085359455891624 0.009971509971509971 0.014245014245014245
2.0 0.8269772594719911 0.47403976164051165 0.017094017094017096 0.021367521367521368
7.0 0.3060773644988342 0.2170052602711201 0.009971509971509971 0.014245014245014245
2.0 0.493896304004393 0.3136745665017491 0.017094017094017096 0.022792022792022793
7.0 0.818220238121644 0.4484250125405745 0.011396011396011397 0.01566951566951567
2.0 0.5670349952931105 0.35762072582435356 0.019943019943019943 0.027065527065527065
7.0 0.5089039046566161 0.37448498166977734 0.029914529914529916 0.042735042735042736
2.0 0.384253536622716 0.24640761441238132 0.009971509971509971 0.014245014245014245
2.0 0.3698974781265731 0.2530378653112971 0.014245014245014245 0.018518518518518517
2.0 0.7959965256168583 0.4531102707777931 0.01282051282051282 0.017094017094017096
7.0 0.3409747754692211 0.22548285237338553 0.009971509971509971 0.014245014245014245
2.0 0.4104438939960561 0.257056118798647 0.007122507122507123 0.011396011396011397
2.0 0.6057742407212381 0.3434334580245711 0.007122507122507123 0.011396011396011397
2.0 0.6443180436722343 0.36335957523190415 0.008547008547008548 0.011396011396011397
7.0 0.4241183389016629 0.2601843042718556 0.008547008547008548 0.011396011396011397
2.0 0.48837841229255985 0.2927799448585572 0.007122507122507123 0.009971509971509971
7.0 0.46594383595671707 0.27884041735733983 0.007122507122507123 0.009971509971509971
2.0 0.5292064278428689 0.31037723651318994 0.007122507122507123 0.011396011396011397
2.0 0.4497784214284852 0.2746749804111435 0.008547008547008548 0.011396011396011397
7.0 0.59324470480597 0.33174416029283954 0.007122507122507123 0.009971509971509971
7.0 0.7176506381705143 0.3953993383568125 0.008547008547008548 0.011396011396011397
7.0 0.7558631007814557 0.41512636620231136 0.009971509971509971 0.011396011396011397
2.0 0.5699122005225401 0.32744160316445775 0.007122507122507123 0.011396011396011397
2.0 0.6891638607072758 0.386604341667262 0.009971509971509971 0.014245014245014245
7.0 0.6260022205827489 0.34773405133035934 0.007122507122507123 0.009971509971509971
7.0 0.666075195841957 0.36857047917821095 0.008547008547008548 0.011396011396011397
7.0 0.5486594922612149 0.313744230790469 0.007122507122507123 0.008547008547008548
7.0 0.5090415161696485 0.2973334782705058 0.007122507122507123 0.009971509971509971
7.0 0.38293706333160343 0.24144729565100112 0.007122507122507123 0.009971509971509971
7.0 0.6905092750163976 0.38140555003137355 0.008547008547008548 0.011396011396011397
