7.0 0.30143123108508507 0.5288200730488661 0.0075075075075075074 0.010510510510510511
7.0 0.6854700775883955 0.392728615324706 0.010510510510510511 0.015015015015015015
2.0 0.39509461219609854 0.48766103537481303 0.0075075075075075074 0.010510510510510511
2.0 0.37200174490475746 0.5015514504343599 0.010510510510510511 0.012012012012012012
2.0 0.6590157113963239 0.4088063079244667 0.012012012012012012 0.013513513513513514
2.0 0.6305466922487103 0.4120171000218799 0.009009009009009009 0.012012012012012012
7.0 0.7874052999795006 0.37600385501533673 0.0075075075075075074 0.013513513513513514
2.0 0.4612119039058398 0.47504336058832825 0.010510510510510511 0.015015015015015015
7.0 0.7307381686143684 0.38438884527115086 0.010510510510510511 0.015015015015015015
2.0 0.4251162187971698 0.48962696401171835 0.010510510510510511 0.015015015015015015
2.0 0.7706807040901189 0.3964419035034845 0.021021021021021023 0.024024024024024024
7.0 0.434736434416751 0.5035667368665742 0.016516516516516516 0.02252252252252252
7.0 0.4639623524132531 0.4963189905659938 0.018018018018018018 0.02252252252252252
7.0 0.22614649251119953 0.5654556605343789 0.010510510510510511 0.012012012012012012
2.0 0.3869192848776409 0.5075469585403083 0.013513513513513514 0.018018018018018018
2.0 0.5020078383716088 0.46353559611392064 0.010510510510510511 0.015015015015015015
2.0 0.5526973913702723 0.4521762694148279 0.015015015015015015 0.018018018018018018
2.0 0.3340372552961167 0.5226941066701153 0.009009009009009009 0.013513513513513514
2.0 0.698518813061308 0.4052831762430194 0.015015015015015015 0.018018018018018018
2.0 0.6009179613503781 0.44720391147669103 0.015015015015015015 0.021021021021021023
2.0 0.3061575427923598 0.5497119743882266 0.016516516516516516 0.01951951951951952
7.0 0.38483697051705457 0.5287022918943817 0.021021021021021023 0.025525525525525526
7.0 0.3238069239588576 0.5736740550097973 0.028528528528528527 0.03453453453453453
2.0 0.21147658732464958 0.6041338680952624 0.02252252252252252 0.02702702702702703
2.0 0.2523988282565516 0.5672861857968657 0.016516516516516516 0.01951951951951952
7.0 0.4609077738123882 0.517038000345379 0.02252252252252252 0.03003003003003003
2.0 0.6259435643924108 0.4802083904929042 0.028528528528528527 0.03903903903903904
7.0 0.42363562516997544 0.5793581239836874 0.036036036036036036 0.04804804804804805
2.0 0.6069346427884973 0.4140946928136996 0.006006006006006006 0.009009009009009009
2.0 0.5958164603990278 0.4148555828647521 0.0045045045045045045 0.009009009009009009
2.0 0.5896151407496569 0.4152882190723785 0.0045045045045045045 0.0075075075075075074
2.0 0.3973640607511549 0.48342754333557625 0.006006006006006006 0.009009009009009009
7.0 0.3380029570929535 0.5094838455735153 0.006006006006006006 0.010510510510510511
2.0 0.41143874647227635 0.47483899779214644 0.006006006006006006 0.0075075075075075074
2.0 0.4215132921548733 0.4695249013836992 0.0075075075075075074 0.0075075075075075074
2.0 0.44199318350286004 0.46166506008995917 0.006006006006006006 0.009009009009009009
7.0 0.36478099536791503 0.4961773843554054 0.006006006006006006 0.0075075075075075074
7.0 0.3799120452014139 0.4875766119196455 0.006006006006006006 0.006006006006006006
7.0 0.49550394993636504 0.4487513172614108 0.0075075075075075074 0.009009009009009009
7.0 0.6593248005429341 0.3970734142362789 0.0075075075075075074 0.009009009009009009
7.0 0.6396930358158375 0.40044487100133724 0.0075075075075075074 0.0075075075075075074
7.0 0.3937629896396331 0.48239503902712066 0.006006006006006006 0.009009009009009009
7.0 0.40552541267249836 0.4759844239900704 0.0045045045045045045 0.006006006006006006
7.0 0.4177967864519489 0.4701973233299439 0.006006006006006006 0.006006006006006006
7.0 0.43341970811253505 0.46347068134179764 0.0075075075075075074 0.009009009009009009
7.0 0.4488673021290209 0.4576440201461845 0.003003003003003003 0.006006006006006006
7.0 0.47711660437125136 0.4466451330918807 0.006006006006006006 0.0075075075075075074
7.0 0.4965928967596555 0.4396053440111343 0.0045045045045045045 0.0075075075075075074
7.0 0.5450983490669704 0.4241535883139957 0.0045045045045045045 0.006006006006006006
7.0 0.5639502561173868 0.418195211111026 0.0045045045045045045 0.006006006006006006
7.0 0.5730882237930017 0.4145032325192436 0.0045045045045045045 0.0075075075075075074
7.0 0.585455176858447 0.4115795187126377 0.0045045045045045045 0.006006006006006006
7.0 0.5977451579516964 0.4091014755145544 0.0045045045045045045 0.006006006006006006
7.0 0.610575424510835 0.40599057090571306 0.0045045045045045045 0.0075075075075075074
7.0 0.6257465120916237 0.40276305704034154 0.0075075075075075074 0.009009009009009009
2.0 0.5745281530409669 0.41806718247073155 0.0045045045045045045 0.0075075075075075074
2.0 0.560869615166346 0.42109815850003335 0.0045045045045045045 0.0075075075075075074
2.0 0.5400660517354694 0.42618676841212233 0.006006006006006006 0.006006006006006006
2.0 0.511535891543549 0.4364699856176325 0.006006006006006006 0.006006006006006006
2.0 0.48522676626788297 0.4450267026422777 0.006006006006006006 0.006006006006006006
2.0 0.4608692973726773 0.45445318695780357 0.0045045045045045045 0.006006006006006006
7.0 0.46091771101147916 0.4519461950994318 0.0045045045045045045 0.0075075075075075074
