7.0 0.5762895191900307 0.34533706905301464 0.005555555555555556 0.005555555555555556
2.0 0.4987582047199007 0.4450351524269444 0.009722222222222222 0.008333333333333333
7.0 0.4643654948383553 0.4858116619541963 0.011111111111111112 0.011111111111111112
2.0 0.5806606529890045 0.36705837012988296 0.016666666666666666 0.015277777777777777
7.0 0.4880921499044074 0.44577699904268536 0.005555555555555556 0.004166666666666667
7.0 0.6699632965309222 0.26751347358526084 0.013888888888888888 0.0125
7.0 0.4767711186284333 0.4591923250040956 0.005555555555555556 0.005555555555555556
2.0 0.641521103886234 0.28173227170543247 0.011111111111111112 0.011111111111111112
2.0 0.5350271514727146 0.4013766999520423 0.009722222222222222 0.008333333333333333
7.0 0.5678067936904116 0.3569423293928305 0.006944444444444444 0.006944444444444444
7.0 0.5570036479603336 0.37254303681787554 0.008333333333333333 0.006944444444444444
2.0 0.5101043929052903 0.4457133445279919 0.016666666666666666 0.015277777777777777
2.0 0.6217258744271904 0.3445962134601094 0.022222222222222223 0.022222222222222223
7.0 0.5205682543613164 0.41019221695618896 0.005555555555555556 0.005555555555555556
7.0 0.5847419682746238 0.3354641470830278 0.008333333333333333 0.006944444444444444
7.0 0.5669708030781604 0.3641895088964689 0.005555555555555556 0.005555555555555556
2.0 0.5057407914918532 0.4313275255439906 0.008333333333333333 0.008333333333333333
7.0 0.6209262002189829 0.31168472664591007 0.011111111111111112 0.009722222222222222
7.0 0.5984470298294202 0.3219297057608787 0.006944444444444444 0.005555555555555556
2.0 0.6294739537158791 0.29660926319515446 0.008333333333333333 0.006944444444444444
2.0 0.5473929041749311 0.39232108417533895 0.011111111111111112 0.009722222222222222
7.0 0.5928908795984289 0.33444081358575645 0.006944444444444444 0.006944444444444444
7.0 0.5839034179095673 0.35062425480280957 0.009722222222222222 0.009722222222222222
7.0 0.4662971650340652 0.4952908986991749 0.015277777777777777 0.013888888888888888
7.0 0.4689725786480348 0.5100665058854322 0.018055555555555554 0.015277777777777777
2.0 0.5259221388075672 0.4470844397928523 0.018055555555555554 0.016666666666666666
7.0 0.642433209565117 0.3009453163281619 0.015277777777777777 0.013888888888888888
7.0 0.6106801667842773 0.327727424422198 0.0125 0.0125
2.0 0.5582358485675972 0.4433392671944994 0.02638888888888889 0.025
7.0 0.47073432176132896 0.5440498700256875 0.02638888888888889 0.025
7.0 0.47728160308326795 0.6156273061553528 0.04861111111111111 0.044444444444444446
2.0 0.6359802965936704 0.4394251587552364 0.05138888888888889 0.04861111111111111
2.0 0.49414344165180557 0.4445190931441387 0.008333333333333333 0.006944444444444444
7.0 0.46649033361147657 0.4769728875214941 0.009722222222222222 0.008333333333333333
2.0 0.6641157629647837 0.2651298588631423 0.013888888888888888 0.0125
7.0 0.4688511223953035 0.4706676559431594 0.006944444444444444 0.005555555555555556
2.0 0.6192405721723206 0.3041615866320227 0.009722222222222222 0.008333333333333333
2.0 0.6120915385541649 0.3118599411783878 0.009722222222222222 0.008333333333333333
7.0 0.621157177596957 0.2989698591912672 0.008333333333333333 0.006944444444444444
7.0 0.49954629439324716 0.4327622753235444 0.006944444444444444 0.005555555555555556
7.0 0.5131384270118619 0.4176723395125734 0.008333333333333333 0.006944444444444444
2.0 0.5180844445029658 0.415519400168978 0.008333333333333333 0.006944444444444444
7.0 0.5623964085634332 0.3613636651205577 0.006944444444444444 0.005555555555555556
7.0 0.5431452889159873 0.38683176814430814 0.009722222222222222 0.008333333333333333
7.0 0.5324172633215285 0.3983848263351372 0.008333333333333333 0.006944444444444444
