7 0.74006 0.4565 0.00577 0.013
7 0.68205 0.445 0.00513 0.01
7 0.72692 0.45 0.00513 0.01
2 0.62244 0.441 0.00385 0.008
7 0.49936 0.4545 0.00513 0.017
2 0.58237 0.459 0.00705 0.018
2 0.28814 0.424 0.00449 0.01
2 0.78654 0.4545 0.00641 0.011
7 0.75897 0.454 0.00513 0.014
2 0.65865 0.4535 0.00705 0.013
2 0.77404 0.4685 0.00705 0.015
2 0.70256 0.4595 0.00641 0.015
7 0.71571 0.453 0.00577 0.012
2 0.84135 0.473 0.00833 0.016
7 0.4891 0.465 0.00897 0.02
2 0.59423 0.472 0.01026 0.022
7 0.45577 0.486 0.01282 0.028
2 0.62756 0.499 0.01538 0.03
7 0.40385 0.531 0.02308 0.044
2 0.68045 0.5755 0.03013 0.061
7 0.51571 0.4425 0.00449 0.011
7 0.51955 0.44 0.00449 0.01
7 0.52276 0.436 0.00321 0.008
7 0.52885 0.435 0.00385 0.008
2 0.57692 0.452 0.00641 0.016
2 0.57115 0.445 0.00513 0.016
2 0.56827 0.437 0.00449 0.01
2 0.63045 0.4435 0.00449 0.011
2 0.6516 0.448 0.00577 0.012
9 0.89455 0.467 0.00577 0.016
9 0.88782 0.4665 0.00513 0.017
2 0.87308 0.473 0.00897 0.016
2 0.87885 0.473 0.00513 0.014
2 0.86282 0.4665 0.00769 0.013
2 0.84744 0.4615 0.00513 0.011
2 0.84103 0.4625 0.00641 0.011
7 0.50705 0.4485 0.00513 0.015
7 0.76571 0.4595 0.00577 0.013
2 0.86058 0.822 0.08269 0.076
7 0.53429 0.4335 0.00321 0.007
7 0.54744 0.432 0.00385 0.008
7 0.83077 0.4565 0.00385 0.009
7 0.8 0.4525 0.00385 0.009
2 0.58558 0.4375 0.00321 0.007
2 0.60481 0.438 0.00321 0.008
