7.0 0.8179278143509313 0.44643133475633207 0.010676156583629894 0.01601423487544484
2.0 0.8651126538347573 0.4680374654658933 0.01601423487544484 0.028469750889679714
7.0 0.6404019512050142 0.4586777031091456 0.010676156583629894 0.01601423487544484
7.0 0.4931098849692297 0.4819451501959371 0.014234875444839857 0.021352313167259787
7.0 0.566982923483845 0.46410422825279396 0.010676156583629894 0.017793594306049824
7.0 0.7271850880966837 0.4518465534911249 0.010676156583629894 0.014234875444839857
2.0 0.6330854360813932 0.5231121920424082 0.030249110320284697 0.042704626334519574
7.0 0.5299080912661505 0.4716651511309335 0.012455516014234875 0.021352313167259787
7.0 0.4537201659432272 0.5121926085473506 0.021352313167259787 0.03202846975088968
2.0 0.6952341570240879 0.4831442642185398 0.019572953736654804 0.026690391459074734
7.0 0.25254795898912935 0.7156306587831714 0.07295373665480427 0.1103202846975089
