7.0 0.5778957998758918 0.2890854401209284 0.01267605633802817 0.011267605633802818
7.0 0.5522279704178049 0.32584997725744314 0.011267605633802818 0.011267605633802818
2.0 0.528537167303775 0.3912782839324548 0.01971830985915493 0.016901408450704224
7.0 0.5276595599197531 0.3642085211669827 0.009859154929577466 0.008450704225352112
7.0 0.48739276547796556 0.43099921623817816 0.011267605633802818 0.011267605633802818
2.0 0.5341587529297702 0.39841896007603894 0.02676056338028169 0.023943661971830985
7.0 0.49722242623180574 0.4144917674240836 0.011267605633802818 0.009859154929577466
7.0 0.5086927939274225 0.3949070780550999 0.011267605633802818 0.009859154929577466
7.0 0.6034900118120095 0.25114046048459737 0.015492957746478873 0.014084507042253521
7.0 0.4689699675791037 0.4654048546385045 0.014084507042253521 0.01267605633802817
7.0 0.4528225265620851 0.4977267227008598 0.014084507042253521 0.011267605633802818
7.0 0.4780727474844189 0.44868546603470627 0.011267605633802818 0.011267605633802818
7.0 0.4600330361042164 0.4825231553149048 0.01267605633802817 0.011267605633802818
7.0 0.43842776783165754 0.5306740948261275 0.016901408450704224 0.015492957746478873
2.0 0.5429043133024246 0.364174981705744 0.01971830985915493 0.018309859154929577
7.0 0.42556845329958953 0.5652138322070372 0.023943661971830985 0.02112676056338028
2.0 0.6249196699826642 0.24580617748418584 0.02676056338028169 0.02535211267605634
7.0 0.4145737963989273 0.6040818182686606 0.0323943661971831 0.029577464788732393
7.0 0.4094048081567435 0.7787464113842146 0.07887323943661972 0.0647887323943662
2.0 0.5689918904098802 0.3725684093269181 0.036619718309859155 0.03380281690140845
7.0 0.4055231928870893 0.660700986087091 0.05070422535211268 0.04507042253521127
2.0 0.6389398249510944 0.3146465979872977 0.059154929577464786 0.05352112676056338
2.0 0.5869042588127755 0.29571841746419425 0.02112676056338028 0.01971830985915493
2.0 0.5642451830025362 0.3286670863607832 0.018309859154929577 0.016901408450704224
