2.0 0.7520541143253111 0.5104589202639014 0.006589785831960461 0.009884678747940691
7.0 0.8431167887441113 0.5345577411543438 0.006589785831960461 0.011532125205930808
2.0 0.6445965314195825 0.4815817489276266 0.006589785831960461 0.008237232289950576
2.0 0.5241055072095072 0.4607134430289392 0.008237232289950576 0.011532125205930808
2.0 0.8315730478583522 0.5342598850644507 0.011532125205930808 0.014827018121911038
7.0 0.4407206997387054 0.44471412848270364 0.006589785831960461 0.011532125205930808
7.0 0.486282822712402 0.45008697312119234 0.004942339373970346 0.009884678747940691
2.0 0.4399401778005861 0.460070284250702 0.011532125205930808 0.019769357495881382
2.0 0.5035724549024129 0.46367887008737035 0.009884678747940691 0.014827018121911038
7.0 0.704567706308938 0.5206302853968598 0.013179571663920923 0.018121911037891267
7.0 0.3804301033153581 0.43836649195070243 0.009884678747940691 0.013179571663920923
7.0 0.2861192021538057 0.4243564480602633 0.013179571663920923 0.016474464579901153
2.0 0.3425535378907299 0.45144282889578974 0.016474464579901153 0.023064250411861616
2.0 0.5379464995134059 0.5477332662453026 0.03130148270181219 0.04612850082372323
2.0 0.3187987746209218 0.48907926536742474 0.03130148270181219 0.042833607907743
2.0 0.4346188098253462 0.5111105636850661 0.026359143327841845 0.04118616144975288
2.0 0.6896529502269144 0.6649196339869113 0.05601317957166392 0.07742998352553541
7.0 0.765719221377966 0.512501191721229 0.006589785831960461 0.011532125205930808
7.0 0.5143164473473776 0.45345869384683857 0.004942339373970346 0.006589785831960461
7.0 0.537845243018921 0.4558728836171062 0.006589785831960461 0.008237232289950576
2.0 0.5546906773335054 0.4637651747780394 0.006589785831960461 0.011532125205930808
2.0 0.5761950047507087 0.46531788218063563 0.006589785831960461 0.008237232289950576
2.0 0.6918435132858184 0.4933490783676744 0.006589785831960461 0.008237232289950576
2.0 0.6102153094889137 0.4729802895390736 0.004942339373970346 0.009884678747940691
7.0 0.6264319620305911 0.47470257201985516 0.006589785831960461 0.009884678747940691
7.0 0.6777351696828708 0.48690091051002304 0.006589785831960461 0.008237232289950576
7.0 0.7178463417142245 0.49844498181579316 0.006589785831960461 0.011532125205930808
7.0 0.6017565192790894 0.4685953080382731 0.004942339373970346 0.009884678747940691
7.0 0.6489148538352667 0.4794814581982562 0.004942339373970346 0.009884678747940691
7.0 0.5567113002873106 0.4594518195260262 0.004942339373970346 0.009884678747940691
