7.0 0.6028374505774433 0.4097732923443693 0.01293103448275862 0.014367816091954023
7.0 0.2916462534423 0.604137678946977 0.017241379310344827 0.020114942528735632
7.0 0.6669210310622713 0.38434424023128466 0.014367816091954023 0.017241379310344827
7.0 0.635706007770606 0.396600481883585 0.014367816091954023 0.017241379310344827
7.0 0.27751157448362856 0.6044028669837793 0.01867816091954023 0.020114942528735632
7.0 0.26244313127979124 0.6098116332682141 0.015804597701149427 0.01867816091954023
7.0 0.4744170647684326 0.4864249469139044 0.014367816091954023 0.017241379310344827
7.0 0.5414562485003462 0.43959200799510684 0.010057471264367816 0.014367816091954023
7.0 0.5057927274500659 0.46230442869470784 0.01293103448275862 0.014367816091954023
7.0 0.7351206356727744 0.36294179906381396 0.020114942528735632 0.022988505747126436
7.0 0.4554674137243334 0.5120684949082563 0.017241379310344827 0.021551724137931036
7.0 0.5669422009955998 0.42672654591698717 0.010057471264367816 0.014367816091954023
7.0 0.31081267579989547 0.6216900072228434 0.031609195402298854 0.035919540229885055
2.0 0.6148349517967757 0.452326619744571 0.027298850574712645 0.031609195402298854
2.0 0.650438578558465 0.42123651849196825 0.02442528735632184 0.028735632183908046
2.0 0.7663206491935364 0.3851784875105073 0.035919540229885055 0.03879310344827586
7.0 0.40839639497175767 0.6416142168052773 0.05747126436781609 0.06465517241379311
2.0 0.7088505822563222 0.4750697412465578 0.05603448275862069 0.06321839080459771
7.0 0.3025823532164824 0.6073276684037849 0.022988505747126436 0.027298850574712645
