7 0.90321 0.448 0.00513 0.008
7 0.86346 0.4525 0.00641 0.011
7 0.88814 0.4485 0.00449 0.009
7 0.84455 0.454 0.00577 0.012
7 0.82756 0.4555 0.00769 0.015
7 0.76763 0.464 0.00833 0.016
7 0.80545 0.46 0.00577 0.014
7 0.73237 0.469 0.00962 0.018
7 0.6641 0.476 0.01282 0.02
2 0.83526 0.5035 0.01795 0.027
2 0.87564 0.4945 0.01538 0.025
7 0.47372 0.5125 0.01795 0.037
7 0.59006 0.4895 0.01346 0.025
2 0.84135 0.5405 0.03013 0.043
2 0.79936 0.7455 0.07308 0.127
2 0.90833 0.4865 0.00385 0.015
7 0.27949 0.5635 0.03462 0.059
7 0.87596 0.451 0.00577 0.012
