7.0 0.5934903751699309 0.460716469824952 0.020348837209302327 0.024709302325581394
2.0 0.6841314859444863 0.4704922253355252 0.03924418604651163 0.046511627906976744
7.0 0.6433033842030519 0.43658830329520304 0.020348837209302327 0.023255813953488372
7.0 0.5402135993073882 0.4932912699108571 0.020348837209302327 0.02616279069767442
7.0 0.7310865862642757 0.40397121092927785 0.023255813953488372 0.027616279069767442
7.0 0.5105126104023697 0.5222058018068585 0.02616279069767442 0.030523255813953487
7.0 0.46700234007845504 0.5865539778981852 0.036337209302325583 0.046511627906976744
2.0 0.7342580280246381 0.44119298858496825 0.0377906976744186 0.04505813953488372
2.0 0.6852717053048117 0.5058256941577327 0.050872093023255814 0.05813953488372093
7.0 0.43345252017130775 0.7397892476528972 0.08866279069767442 0.10465116279069768
2.0 0.8572728500367646 0.5864834679994272 0.07412790697674419 0.07412790697674419
