2.0 0.5858670676023648 0.40552458003749225 0.04225352112676056 0.03129890453834116
2.0 0.5492859677277262 0.44156254963297403 0.028169014084507043 0.02034428794992175
2.0 0.6858260953700476 0.25994127458066946 0.06885758998435054 0.056338028169014086
8.0 0.5164884518655533 0.48638182629252186 0.009389671361502348 0.004694835680751174
2.0 0.547267634451474 0.41390765823800024 0.012519561815336464 0.009389671361502348
2.0 0.5599838844246978 0.36828610701557674 0.009389671361502348 0.006259780907668232
2.0 0.563570356130996 0.3545272981689783 0.006259780907668232 0.006259780907668232
2.0 0.5572777095480544 0.3811661778971272 0.010954616588419406 0.00782472613458529
8.0 0.5332958846817055 0.4374363455812914 0.009389671361502348 0.00782472613458529
2.0 0.5434595563878221 0.43844903544450403 0.018779342723004695 0.014084507042253521
8.0 0.545620100047418 0.4021682194192608 0.00782472613458529 0.004694835680751174
8.0 0.5501086372744186 0.38850086991462857 0.006259780907668232 0.006259780907668232
