2 0.36705 0.50993 0.01136 0.02868
2 0.40068 0.49412 0.00864 0.02059
2 0.42705 0.4864 0.00682 0.01691
8 0.57 0.5114 0.01091 0.03015
8 0.65659 0.59044 0.03136 0.07353
2 0.44705 0.47978 0.005 0.0125
8 0.5525 0.48934 0.00591 0.01691
8 0.53977 0.48015 0.005 0.01176
8 0.50841 0.4739 0.00409 0.01103
8 0.46182 0.47096 0.00364 0.01103
2 0.34432 0.47574 0.00318 0.01029
2 0.4175 0.4761 0.00409 0.01103
2 0.28864 0.47794 0.00273 0.01176
8 0.40364 0.47059 0.00364 0.00882
2 0.38273 0.47574 0.00364 0.01029
8 0.33864 0.47279 0.00273 0.01029
