7.0 0.6038040266043152 0.401837197471131 0.018333333333333333 0.03
2.0 0.7745727267602748 0.4306506441900886 0.028333333333333332 0.043333333333333335
7.0 0.679986145205149 0.37297223326306467 0.013333333333333334 0.021666666666666667
7.0 0.7430309029984761 0.3639079227844995 0.01 0.016666666666666666
7.0 0.47165422144624186 0.46396577940439915 0.02666666666666667 0.04833333333333333
2.0 0.8230725492021409 0.37520223161498806 0.013333333333333334 0.018333333333333333
7.0 0.20767934035628102 0.6386403586031255 0.045 0.08333333333333333
2.0 0.7894617823846317 0.5600647127179874 0.051666666666666666 0.08666666666666667
2.0 0.7860961177691517 0.38622335645419764 0.016666666666666666 0.025
2.0 0.8542797093192133 0.7593584565934619 0.06666666666666667 0.041666666666666664
1.0 0.8381366428548342 0.36428515628316654 0.006666666666666667 0.015
1.0 0.844930893893551 0.3677543577366883 0.01 0.011666666666666667
