2 0.36864 0.51029 0.01455 0.03088
2 0.42159 0.48309 0.00682 0.01618
2 0.31455 0.54706 0.01273 0.04265
8 0.51636 0.49779 0.01 0.02353
2 0.38614 0.49044 0.00864 0.02059
2 0.42295 0.525 0.00955 0.02794
2 0.44977 0.48051 0.005 0.01397
8 0.55705 0.50662 0.01045 0.02647
8 0.6825 0.5375 0.01682 0.03971
8 0.53727 0.48529 0.00455 0.01618
2 0.805 0.51949 0.01091 0.02426
2 0.33 0.49963 0.01273 0.02574
8 0.61682 0.51471 0.01182 0.02941
8 0.70955 0.5875 0.02818 0.06765
8 0.70182 0.68529 0.05273 0.125
8 0.81977 0.52684 0.00955 0.02574
2 0.46091 0.47684 0.00455 0.0125
2 0.46864 0.47463 0.00273 0.00956
2 0.43227 0.52463 0.00909 0.03456
8 0.52045 0.49081 0.00727 0.01985
2 0.47136 0.47243 0.00182 0.00809
2 0.46227 0.46985 0.00273 0.01029
8 0.53477 0.47721 0.00227 0.00882
8 0.52795 0.47316 0.00227 0.00956
8 0.50955 0.47096 0.00182 0.00809
8 0.51091 0.46875 0.00091 0.00515
2 0.45818 0.46581 0.00182 0.00662
2 0.44932 0.46581 0.00136 0.00662
2 0.4725 0.47132 0.00136 0.00735
8 0.50091 0.46838 0.00182 0.00735
8 0.49045 0.46912 0.00182 0.00588
