2 0.70614 0.50551 0.00682 0.01544
2 0.67273 0.50625 0.00727 0.01544
8 0.70523 0.5614 0.01864 0.04485
8 0.84818 0.51985 0.00818 0.01912
8 0.69432 0.54081 0.01409 0.03456
8 0.46818 0.51838 0.01182 0.025
2 0.65182 0.50662 0.00636 0.01618
8 0.43068 0.5114 0.00955 0.02132
2 0.57545 0.50662 0.00818 0.01765
2 0.53614 0.50478 0.00682 0.01691
8 0.83341 0.50846 0.005 0.00956
8 0.87318 0.54779 0.01364 0.03235
2 0.7375 0.50441 0.00591 0.01471
8 0.76614 0.58787 0.02682 0.05809
8 0.92886 0.55772 0.01409 0.03603
8 0.39273 0.50331 0.00818 0.01691
2 0.61977 0.50331 0.00591 0.01544
8 0.50864 0.52206 0.01273 0.02647
8 0.72955 0.53272 0.01273 0.02868
2 0.75318 0.49816 0.00545 0.01103
8 0.79977 0.54706 0.01591 0.03529
8 0.8525 0.66397 0.04318 0.10147
8 0.42068 0.49522 0.00591 0.0125
2 0.56364 0.49485 0.00455 0.01029
2 0.74568 0.50147 0.00591 0.01324
2 0.39818 0.52978 0.00727 0.01985
2 0.50114 0.50037 0.00682 0.01544
2 0.59318 0.50294 0.00727 0.01471
2 0.76227 0.49596 0.00455 0.00956
8 0.46705 0.49228 0.00409 0.00956
2 0.57682 0.49301 0.00364 0.00809
2 0.52682 0.49632 0.00455 0.01324
8 0.84023 0.51397 0.00682 0.01471
2 0.61182 0.50294 0.00545 0.01471
2 0.79 0.49191 0.00364 0.00735
2 0.775 0.49375 0.00455 0.00809
8 0.49182 0.48971 0.00364 0.00882
8 0.8275 0.50441 0.00409 0.00882
8 0.44773 0.48787 0.00364 0.00809
2 0.51977 0.48787 0.00318 0.00662
2 0.58205 0.50331 0.00773 0.01691
2 0.54364 0.48824 0.00364 0.00882
2 0.78568 0.4864 0.00318 0.00662
8 0.84364 0.49743 0.00364 0.00809
8 0.84955 0.49522 0.00364 0.00662
2 0.49591 0.48676 0.00364 0.00735
8 0.47182 0.48897 0.00364 0.00882
8 0.83409 0.49963 0.00364 0.00809
2 0.47636 0.48603 0.00273 0.00735
2 0.60773 0.51029 0.01091 0.01029
8 0.42682 0.4864 0.00364 0.00809
2 0.79568 0.49044 0.00318 0.00735
8 0.72045 0.53824 0.01455 0.02059
8 0.88318 0.55735 0.02091 0.02353
8 0.89341 0.52831 0.00955 0.01544
8 0.88773 0.5261 0.00818 0.0125
8 0.82841 0.49963 0.00409 0.00809
2 0.79727 0.48897 0.00364 0.00735
2 0.66295 0.50735 0.01045 0.01176
2 0.6425 0.50772 0.01045 0.0125
2 0.61659 0.50772 0.00682 0.01691
2 0.57455 0.49081 0.00364 0.00809
2 0.50386 0.49853 0.00409 0.01324
