8.0 0.591051011899634 0.716366443435966 0.04426002766251729 0.04426002766251729
8.0 0.5339333459815747 0.6028130063225705 0.030428769017980636 0.029045643153526972
8.0 0.5477358994403577 0.5668385839250918 0.008298755186721992 0.009681881051175657
8.0 0.4059567552810175 0.39227701770311196 0.011065006915629323 0.011065006915629323
8.0 0.4430540964887978 0.44351216655481657 0.016597510373443983 0.016597510373443983
8.0 0.48058213224609597 0.506662299680374 0.022130013831258646 0.02074688796680498
8.0 0.6671465522829478 0.7292501944232206 0.008298755186721992 0.008298755186721992
8.0 0.41401879517135975 0.4001644935510188 0.009681881051175657 0.009681881051175657
8.0 0.42051507692134504 0.41171007447552205 0.013831258644536652 0.013831258644536652
2.0 0.6763788910908279 0.736482078124247 0.009681881051175657 0.009681881051175657
8.0 0.5783195781808899 0.6091781008718334 0.009681881051175657 0.009681881051175657
2.0 0.5837494628514279 0.6142429358220942 0.009681881051175657 0.009681881051175657
2.0 0.655994273105805 0.7092746929083498 0.006915629322268326 0.006915629322268326
2.0 0.605669907184887 0.6430972931580861 0.009681881051175657 0.009681881051175657
2.0 0.6649484619612742 0.7211716624873493 0.006915629322268326 0.006915629322268326
2.0 0.6253980432906152 0.6695903041387586 0.006915629322268326 0.008298755186721992
8.0 0.4960010873884696 0.4980064688680144 0.009681881051175657 0.009681881051175657
8.0 0.6083766353871934 0.6498106883544574 0.011065006915629323 0.011065006915629323
8.0 0.4815233127998071 0.4782755946941757 0.006915629322268326 0.006915629322268326
2.0 0.5620140703440571 0.5836764381867088 0.006915629322268326 0.006915629322268326
8.0 0.5159448100485394 0.5232042775757603 0.006915629322268326 0.006915629322268326
2.0 0.5136793266861913 0.5184904500873246 0.006915629322268326 0.006915629322268326
8.0 0.4520122586292121 0.4439602760448955 0.009681881051175657 0.008298755186721992
2.0 0.5374997269511 0.5497560706447769 0.008298755186721992 0.008298755186721992
8.0 0.43757159577429805 0.42617978342052737 0.008298755186721992 0.009681881051175657
8.0 0.6423909172500011 0.6962132702853593 0.008298755186721992 0.006915629322268326
2.0 0.40521737605083535 0.3846101812807653 0.006915629322268326 0.008298755186721992
2.0 0.4918203013242442 0.49045996000405123 0.006915629322268326 0.006915629322268326
2.0 0.644098641413535 0.6930812150600527 0.006915629322268326 0.006915629322268326
2.0 0.5290604034667538 0.5380374166494967 0.005532503457814661 0.005532503457814661
8.0 0.4685570573218171 0.46131820693718356 0.005532503457814661 0.005532503457814661
2.0 0.5914900135651209 0.6233016636752847 0.005532503457814661 0.005532503457814661
2.0 0.4374539369888845 0.42452721927248543 0.008298755186721992 0.006915629322268326
