8.0 0.5819028320583947 0.4225121196167089 0.0315955766192733 0.023696682464454975
8.0 0.5418202165726551 0.49917657983824926 0.01579778830963665 0.011058451816745656
8.0 0.6482341771786313 0.3208610105626614 0.07109004739336493 0.05529225908372828
8.0 0.5608722378768863 0.4549188022332799 0.022116903633491312 0.018957345971563982
8.0 0.5319898813783067 0.522366774444932 0.011058451816745656 0.007898894154818325
8.0 0.4700307807614614 0.7239476050674377 0.011058451816745656 0.009478672985781991
8.0 0.52169039047461 0.5540304009639581 0.009478672985781991 0.007898894154818325
8.0 0.45722721721055687 0.7600596592832521 0.007898894154818325 0.004739336492890996
8.0 0.46722681423076895 0.7166476419581306 0.00631911532385466 0.004739336492890996
8.0 0.4707166197514065 0.7096125485653219 0.00631911532385466 0.00315955766192733
8.0 0.4633235903460398 0.74478537770613 0.00631911532385466 0.004739336492890996
8.0 0.47461213004000147 0.6977292764478383 0.004739336492890996 0.004739336492890996
2.0 0.46311076398831497 0.7489315648782767 0.00631911532385466 0.004739336492890996
8.0 0.5090241518537402 0.5871105661416293 0.004739336492890996 0.004739336492890996
