2.0 0.6022646675643827 0.643368915803986 0.03333333333333333 0.03333333333333333
2.0 0.5825412443642048 0.5742431665754789 0.013888888888888888 0.015277777777777777
2.0 0.5806582402455651 0.5532007708102964 0.009722222222222222 0.009722222222222222
2.0 0.5313595989367224 0.49646128474739376 0.013888888888888888 0.013888888888888888
2.0 0.5441148895506015 0.5007328232821905 0.008333333333333333 0.009722222222222222
2.0 0.5779845349919163 0.542626530250025 0.006944444444444444 0.006944444444444444
2.0 0.5568986503768231 0.5080653129021526 0.004166666666666667 0.005555555555555556
2.0 0.5754268806381676 0.5355135726661879 0.005555555555555556 0.006944444444444444
2.0 0.5502500043744868 0.5036878774541935 0.005555555555555556 0.006944444444444444
2.0 0.6983978271348951 0.7457662422157357 0.009722222222222222 0.0125
2.0 0.5543841514437534 0.506029111814667 0.004166666666666667 0.004166666666666667
2.0 0.5742274510159889 0.5308364261594343 0.005555555555555556 0.005555555555555556
