2.0 0.33838605120281007 0.5116190648764535 0.011532125205930808 0.029654036243822075
8.0 0.6481168002384099 0.6053509605887607 0.03789126853377265 0.06260296540362438
2.0 0.7777264697012503 0.5561782489656215 0.006589785831960461 0.013179571663920923
8.0 0.8040513413536103 0.5696986475595894 0.009884678747940691 0.016474464579901153
8.0 0.562913202536287 0.547926446090143 0.0214168039538715 0.03459637561779242
2.0 0.4525318273114644 0.50481150681894 0.009884678747940691 0.014827018121911038
2.0 0.5485859081167482 0.5166654284127964 0.008237232289950576 0.014827018121911038
8.0 0.7550098282452495 0.5561097764188018 0.008237232289950576 0.014827018121911038
2.0 0.49875156437095347 0.5095652753392897 0.009884678747940691 0.014827018121911038
8.0 0.6776037246737494 0.5431404415104251 0.008237232289950576 0.014827018121911038
2.0 0.8455847361947303 0.5734563032911935 0.006589785831960461 0.013179571663920923
8.0 0.5327434119908395 0.5285182448860526 0.013179571663920923 0.023064250411861616
2.0 0.6034812227666809 0.5257985178114262 0.009884678747940691 0.014827018121911038
8.0 0.7166886505569182 0.5482747998667734 0.008237232289950576 0.013179571663920923
8.0 0.5659856559854829 0.5270210984152607 0.011532125205930808 0.018121911037891267
2.0 0.41686369991866773 0.5038872517206795 0.011532125205930808 0.019769357495881382
2.0 0.6713978100113529 0.5345259650388563 0.008237232289950576 0.011532125205930808
2.0 0.829250433239258 0.563646165179817 0.004942339373970346 0.008237232289950576
8.0 0.6329567755163833 0.5365047740273088 0.009884678747940691 0.014827018121911038
2.0 0.8141908492997328 0.5598070226300988 0.004942339373970346 0.008237232289950576
8.0 0.8596908939531293 0.5707459906450341 0.0032948929159802307 0.006589785831960461
2.0 0.715660332424752 0.5420371138460883 0.004942339373970346 0.009884678747940691
2.0 0.6740554830771355 0.53033939560113 0.0032948929159802307 0.008237232289950576
2.0 0.38096036128999 0.5003777309957002 0.004942339373970346 0.009884678747940691
2.0 0.636199828831467 0.5286311027327862 0.004942339373970346 0.011532125205930808
