2.0 0.44017847502710267 0.5746899649797331 0.022130013831258646 0.022130013831258646
8.0 0.5233453163961097 0.466833782879876 0.015214384508990318 0.013831258644536652
8.0 0.4966068314164363 0.4866522410101156 0.011065006915629323 0.009681881051175657
8.0 0.5619108365190582 0.4546267040234483 0.022130013831258646 0.02074688796680498
8.0 0.6175973383217659 0.4752951821296011 0.05394190871369295 0.05394190871369295
8.0 0.4529510831400822 0.5277303718866804 0.011065006915629323 0.011065006915629323
2.0 0.40563851907045506 0.5965927932608401 0.016597510373443983 0.016597510373443983
2.0 0.4286035344665716 0.5769303491263421 0.02074688796680498 0.02074688796680498
8.0 0.41337489757345275 0.5698340924410004 0.008298755186721992 0.008298755186721992
8.0 0.3789949548610603 0.6118070465326253 0.008298755186721992 0.008298755186721992
