2.0 0.3317725193531135 0.6246651689232513 0.03003003003003003 0.04354354354354354
2.0 0.3075459920010148 0.6006159617870843 0.018018018018018018 0.025525525525525526
8.0 0.4197242832709445 0.5452354755328204 0.013513513513513514 0.01951951951951952
8.0 0.5246897107805067 0.5345331499269451 0.02702702702702703 0.036036036036036036
8.0 0.4878580296264107 0.5039936162554208 0.010510510510510511 0.013513513513513514
2.0 0.2973951615324476 0.573624270027795 0.006006006006006006 0.010510510510510511
8.0 0.39793698276854894 0.5342215788796979 0.0075075075075075074 0.012012012012012012
8.0 0.3444221219223711 0.5640763843276643 0.009009009009009009 0.016516516516516516
8.0 0.42051715191611094 0.5318063719142678 0.009009009009009009 0.013513513513513514
8.0 0.4591193549626775 0.5088970209613344 0.006006006006006006 0.010510510510510511
2.0 0.32566243366528413 0.5591605929111464 0.006006006006006006 0.0075075075075075074
8.0 0.8669030831410162 0.5956293142339574 0.10510510510510511 0.14714714714714713
2.0 0.31146224543319084 0.5566644431745161 0.006006006006006006 0.009009009009009009
2.0 0.32716707455568245 0.5521516881926775 0.0045045045045045045 0.0075075075075075074
2.0 0.33395092983846963 0.5521552988108916 0.0045045045045045045 0.009009009009009009
8.0 0.3347430878650003 0.5615859775893098 0.0075075075075075074 0.012012012012012012
8.0 0.37025809603131804 0.5417480507499066 0.0075075075075075074 0.009009009009009009
8.0 0.3591974273492253 0.5376849610011211 0.006006006006006006 0.0075075075075075074
8.0 0.37321285744084176 0.5350653175199122 0.0045045045045045045 0.0075075075075075074
7.0 0.5531152046521306 0.4812845303946683 0.006006006006006006 0.010510510510510511
7.0 0.5739510738135948 0.4661585192613878 0.0045045045045045045 0.0075075075075075074
7.0 0.5503279621211571 0.4720463516474124 0.0045045045045045045 0.0075075075075075074
2.0 0.2896552065253614 0.5642562173765691 0.0045045045045045045 0.0075075075075075074
8.0 0.30468236121148534 0.5557471699346577 0.0045045045045045045 0.006006006006006006
7.0 0.5773812088150968 0.4681223958204843 0.006006006006006006 0.009009009009009009
8.0 0.33470037707334777 0.5451447289191423 0.0045045045045045045 0.006006006006006006
2.0 0.2961437911385906 0.5527959858369544 0.003003003003003003 0.006006006006006006
8.0 0.27039752641236636 0.5692923591262327 0.003003003003003003 0.006006006006006006
7.0 0.6087485368523775 0.46459462906206306 0.009009009009009009 0.012012012012012012
7.0 0.6080970313990605 0.45785158902006584 0.0045045045045045045 0.010510510510510511
7.0 0.8154285455701599 0.44023331430727064 0.01951951951951952 0.03153153153153153
7.0 0.8161525344406231 0.413109709600475 0.010510510510510511 0.01951951951951952
7.0 0.7679621112183438 0.41977792373980344 0.0075075075075075074 0.015015015015015015
7.0 0.7480974118032447 0.4424381718043114 0.013513513513513514 0.021021021021021023
7.0 0.7058060965960035 0.4455041501720125 0.010510510510510511 0.018018018018018018
7.0 0.7250551637262102 0.4264506661921922 0.006006006006006006 0.010510510510510511
7.0 0.7068978130915098 0.4276842134794447 0.0075075075075075074 0.010510510510510511
7.0 0.6622476303542031 0.4524318318476278 0.009009009009009009 0.013513513513513514
7.0 0.689269265217475 0.431150084870392 0.0045045045045045045 0.009009009009009009
7.0 0.6718438191137399 0.4351391728127526 0.0045045045045045045 0.009009009009009009
7.0 0.6663561504107087 0.4355322184698262 0.0045045045045045045 0.009009009009009009
7.0 0.6621938206015661 0.4369071256576005 0.006006006006006006 0.009009009009009009
7.0 0.5804414337863845 0.4626241854084472 0.006006006006006006 0.006006006006006006
7.0 0.5912409296077834 0.45764733943941494 0.006006006006006006 0.006006006006006006
7.0 0.5990748553353491 0.4541754447785386 0.0045045045045045045 0.006006006006006006
7.0 0.6167145021703686 0.4497930309074512 0.003003003003003003 0.0075075075075075074
7.0 0.6186181019325281 0.44750659347809446 0.0045045045045045045 0.006006006006006006
7.0 0.6257639384197163 0.4498016370455068 0.0045045045045045045 0.009009009009009009
7.0 0.5552110975002806 0.47434352759488624 0.006006006006006006 0.0075075075075075074
7.0 0.6327921211815707 0.45274949079664917 0.009009009009009009 0.009009009009009009
7.0 0.6364174291275593 0.45006592988522337 0.0045045045045045045 0.009009009009009009
7.0 0.5411013028078849 0.47486210577799765 0.006006006006006006 0.006006006006006006
7.0 0.5278381865132926 0.47747628653258395 0.0045045045045045045 0.0075075075075075074
7.0 0.5155785624143694 0.48212271297173476 0.0045045045045045045 0.0045045045045045045
