2.0 0.43584363255516817 0.5462031538857824 0.015988372093023256 0.02180232558139535
2.0 0.5822498201764365 0.4758985036912924 0.01308139534883721 0.01744186046511628
2.0 0.7048908941525462 0.4312249878299194 0.011627906976744186 0.014534883720930232
8.0 0.6313854203209128 0.47696327511904285 0.020348837209302327 0.027616279069767442
2.0 0.7500138272693696 0.4162184037165771 0.010174418604651164 0.01308139534883721
8.0 0.7743606204460387 0.41854636541250656 0.01308139534883721 0.01744186046511628
2.0 0.6431393448676979 0.45531398532449263 0.01308139534883721 0.015988372093023256
8.0 0.7443823828639794 0.431983557435057 0.01744186046511628 0.02180232558139535
8.0 0.703412986358657 0.44917518949669194 0.0188953488372093 0.024709302325581394
2.0 0.6743642614778791 0.44432353865952745 0.011627906976744186 0.014534883720930232
2.0 0.5290274661206199 0.4981055567537274 0.01744186046511628 0.020348837209302327
2.0 0.3808959775133513 0.584022564141642 0.01308139534883721 0.01744186046511628
2.0 0.4769535265300728 0.5203371736732876 0.01744186046511628 0.02180232558139535
8.0 0.7735720844761623 0.5294978009761884 0.06395348837209303 0.08575581395348837
8.0 0.6150549579256086 0.5033999728234914 0.029069767441860465 0.03924418604651163
2.0 0.7780121176341438 0.39887895437888243 0.007267441860465116 0.00872093023255814
2.0 0.7967671913284086 0.39546163053826927 0.005813953488372093 0.007267441860465116
2.0 0.8064998038367152 0.39295816218072255 0.007267441860465116 0.00872093023255814
2.0 0.7553866449877856 0.4036502825362797 0.00436046511627907 0.00436046511627907
