2 0.87023 0.53051 0.01318 0.03015
8 0.495 0.53346 0.01727 0.0375
8 0.285 0.51507 0.01 0.01985
8 0.63477 0.56213 0.02409 0.05515
8 0.40773 0.52279 0.01273 0.02941
8 0.33545 0.51581 0.01182 0.02279
8 0.36636 0.49559 0.00727 0.01324
8 0.85864 0.64338 0.04818 0.10294
8 0.31273 0.50368 0.00727 0.01618
8 0.37318 0.48897 0.00455 0.01029
2 0.30409 0.49559 0.00455 0.01176
2 0.26568 0.5011 0.005 0.0125
8 0.25818 0.51324 0.00909 0.01765
2 0.24614 0.49816 0.005 0.01103
2 0.35273 0.48603 0.00364 0.00735
8 0.47545 0.48603 0.00636 0.01176
8 0.33364 0.48897 0.00364 0.01029
2 0.27523 0.49559 0.00409 0.00882
8 0.34773 0.48824 0.00455 0.01029
2 0.29705 0.49706 0.005 0.01176
8 0.32273 0.48971 0.00273 0.00882
8 0.42182 0.48382 0.00364 0.01176
2 0.25636 0.49816 0.00364 0.00956
2 0.29136 0.49522 0.00455 0.00956
2 0.26136 0.49706 0.00455 0.00882
2 0.73205 0.51838 0.01591 0.01765
8 0.68773 0.51213 0.01364 0.01544
2 0.48818 0.4864 0.00545 0.0125
