2.0 0.3343063491928526 0.5568837571413199 0.022598870056497175 0.02401129943502825
2.0 0.712769778970141 0.41571781616370773 0.029661016949152543 0.03248587570621469
8.0 0.517391614085702 0.46461381764498166 0.015536723163841809 0.018361581920903956
2.0 0.6043001655117899 0.4240233409167651 0.009887005649717515 0.011299435028248588
2.0 0.6375090909164762 0.4208408946965665 0.01694915254237288 0.0211864406779661
2.0 0.5868616001834049 0.4258371952184411 0.00847457627118644 0.00847457627118644
8.0 0.5306902776899988 0.4464666820839239 0.00847457627118644 0.009887005649717515
2.0 0.5780683044968635 0.42647745697080547 0.005649717514124294 0.007062146892655367
2.0 0.5721950632455701 0.4264889560092963 0.005649717514124294 0.007062146892655367
2.0 0.32374129464823775 0.5409203904842627 0.007062146892655367 0.009887005649717515
2.0 0.32668633827018484 0.5348861869798117 0.005649717514124294 0.007062146892655367
2.0 0.49582129022732696 0.45674585786710975 0.005649717514124294 0.007062146892655367
2.0 0.3554972058313225 0.516486609466085 0.005649717514124294 0.007062146892655367
2.0 0.5684254031587463 0.42671233492268423 0.00423728813559322 0.005649717514124294
