2.0 0.6134383275677953 0.630480675326608 0.04 0.04888888888888889
2.0 0.6080687908122961 0.5963475623469516 0.022222222222222223 0.028148148148148148
2.0 0.6621988490972666 0.6125101309808002 0.011851851851851851 0.016296296296296295
2.0 0.6783370806195707 0.6190809111873466 0.008888888888888889 0.01037037037037037
8.0 0.573287699645369 0.5515523661965014 0.011851851851851851 0.014814814814814815
2.0 0.6402123664517495 0.6042488736924296 0.016296296296296295 0.01925925925925926
8.0 0.5110835173415357 0.516226805535297 0.014814814814814815 0.01925925925925926
8.0 0.608615287026299 0.5709511558274729 0.007407407407407408 0.008888888888888889
2.0 0.6644223704776913 0.5994597015507946 0.005925925925925926 0.007407407407407408
2.0 0.6573740791055149 0.5932660891005855 0.0044444444444444444 0.007407407407407408
2.0 0.6527476287811731 0.5875446293776789 0.005925925925925926 0.007407407407407408
8.0 0.6177305717610504 0.5737889982903543 0.007407407407407408 0.008888888888888889
2.0 0.6765094004181381 0.6121644566551739 0.007407407407407408 0.008888888888888889
2.0 0.6481664035285761 0.5821505168526752 0.005925925925925926 0.007407407407407408
2.0 0.6369776049051145 0.5738062201037988 0.0044444444444444444 0.005925925925925926
