7.0 0.7121930348300916 0.7942566145437203 0.05576923076923077 0.1
7.0 0.6304796239335405 0.6110394207206274 0.03076923076923077 0.05576923076923077
7.0 0.5228115925468815 0.5893927285301594 0.028846153846153848 0.05
7.0 0.4766898736095016 0.5749930088291221 0.025 0.046153846153846156
7.0 0.4301347132844588 0.5656625488730849 0.023076923076923078 0.04230769230769231
7.0 0.3705834837978969 0.5536735736164611 0.023076923076923078 0.04423076923076923
7.0 0.4022711209316222 0.5129321891378209 0.023076923076923078 0.03653846153846154
7.0 0.382328365818367 0.543325482635965 0.021153846153846155 0.04423076923076923
7.0 0.28583544344404027 0.5384906261173433 0.021153846153846155 0.04230769230769231
7.0 0.21192859938180805 0.5057570313749247 0.021153846153846155 0.03461538461538462
7.0 0.1608445627836311 0.622860867764042 0.023076923076923078 0.06346153846153846
7.0 0.39957054922555757 0.7740110841931293 0.057692307692307696 0.09615384615384616
7.0 0.15128730271150048 0.6541659713316892 0.026923076923076925 0.075
7.0 0.7231086821053263 0.6325941036321204 0.023076923076923078 0.06153846153846154
7.0 0.5802583114179003 0.5547208643510826 0.021153846153846155 0.04038461538461539
7.0 0.6676681045469605 0.559349904293846 0.023076923076923078 0.046153846153846156
7.0 0.6874855577135632 0.6408182962311699 0.013461538461538462 0.04038461538461539
7.0 0.7091415030650726 0.6487714053219942 0.015384615384615385 0.028846153846153848
7.0 0.7749866632065789 0.694684010768238 0.028846153846153848 0.07115384615384615
7.0 0.7944959635278982 0.6986961375960724 0.028846153846153848 0.0673076923076923
7.0 0.9036212803420605 0.7152556987773487 0.03461538461538462 0.07692307692307693
8.0 0.7810520925492673 0.5671396518834226 0.023076923076923078 0.04230769230769231
7.0 0.7895567616286642 0.5347696794538307 0.015384615384615385 0.03461538461538462
8.0 0.9063992908237541 0.5624208614002535 0.021153846153846155 0.04038461538461539
1.0 0.8879332095632395 0.5736051500693603 0.025 0.04423076923076923
7.0 0.14460157895696696 0.5977965294994196 0.01730769230769231 0.05384615384615385
7.0 0.8264832381882539 0.675685147223358 0.013461538461538462 0.019230769230769232
7.0 0.6571012586288419 0.6518561026333324 0.007692307692307693 0.011538461538461539
