2.0 0.6681022720469257 0.4818465546997734 0.010256410256410256 0.017094017094017096
2.0 0.6326489356777627 0.5008156900274032 0.017094017094017096 0.03247863247863248
2.0 0.6262339567595332 0.48196483795421385 0.010256410256410256 0.020512820512820513
2.0 0.6412752167871413 0.4701276005383757 0.006837606837606838 0.010256410256410256
2.0 0.7104719871717045 0.48360719005823394 0.010256410256410256 0.013675213675213675
2.0 0.751265982364723 0.48431479365025754 0.008547008547008548 0.011965811965811967
2.0 0.7071959339832363 0.4730495243618803 0.005128205128205128 0.006837606837606838
2.0 0.5767365279265969 0.46569304487773294 0.008547008547008548 0.011965811965811967
2.0 0.7256787499566361 0.4753325390420596 0.006837606837606838 0.006837606837606838
2.0 0.7076799938563436 0.47101452426427054 0.006837606837606838 0.006837606837606838
2.0 0.6797710398625364 0.4728296657507492 0.005128205128205128 0.010256410256410256
2.0 0.7866620966148471 0.4865242076207096 0.006837606837606838 0.010256410256410256
