2.0 0.4602799709355687 0.4283202875671622 0.0226928895612708 0.015128593040847202
2.0 0.4658283909338057 0.4062031747858013 0.01664145234493192 0.012102874432677761
8.0 0.5091182700311163 0.5142220395299132 0.015128593040847202 0.012102874432677761
2.0 0.5751899314197382 0.7372028350659418 0.02118003025718608 0.01664145234493192
8.0 0.5135723793114547 0.549665863056084 0.0226928895612708 0.01361573373676248
2.0 0.44353794159234017 0.3417799916145232 0.012102874432677761 0.009077155824508321
2.0 0.4568594410269319 0.37966097278926036 0.012102874432677761 0.009077155824508321
8.0 0.4855805509208684 0.4385955787380351 0.012102874432677761 0.009077155824508321
8.0 0.5013610460165385 0.6831381058127314 0.059001512859304085 0.04084720121028744
8.0 0.5105337512573171 0.5870317334738391 0.03177004538577912 0.0226928895612708
2.0 0.4500945682916058 0.3477508848811353 0.009077155824508321 0.007564296520423601
8.0 0.49864944703465514 0.47581850576403767 0.012102874432677761 0.009077155824508321
2.0 0.4700325230544706 0.3885597153486544 0.007564296520423601 0.006051437216338881
8.0 0.48099035522959727 0.4258379844176466 0.012102874432677761 0.007564296520423601
2.0 0.46977549527882345 0.42523948765768776 0.018154311649016642 0.01361573373676248
2.0 0.45710177438406197 0.36202826645403796 0.007564296520423601 0.006051437216338881
2.0 0.46571835951122065 0.37889877231068475 0.007564296520423601 0.0045385779122541605
8.0 0.5121810727894545 0.48325210950577346 0.007564296520423601 0.0045385779122541605
8.0 0.4922608510445098 0.44168974940906863 0.007564296520423601 0.006051437216338881
8.0 0.47251165480708185 0.40137265171203257 0.009077155824508321 0.006051437216338881
8.0 0.5153748664766674 0.4891946635631157 0.0045385779122541605 0.0030257186081694403
8.0 0.4733644641850616 0.40519374753738285 0.009077155824508321 0.007564296520423601
8.0 0.4814496379827257 0.4183023165986044 0.007564296520423601 0.0045385779122541605
8.0 0.5066483247766923 0.47123798532078 0.007564296520423601 0.006051437216338881
2.0 0.4393879846306068 0.4040898519960989 0.01361573373676248 0.009077155824508321
7.0 0.4544085001448823 0.3764533421715795 0.012102874432677761 0.007564296520423601
7.0 0.44016319002243887 0.3608059497433361 0.01361573373676248 0.009077155824508321
7.0 0.4408683278703501 0.33960215021327445 0.01059001512859304 0.007564296520423601
2.0 0.4933764588572013 0.43824142977768304 0.006051437216338881 0.0045385779122541605
2.0 0.4982568979767615 0.44937757112710175 0.0045385779122541605 0.0030257186081694403
2.0 0.5024910192616984 0.4564308197924673 0.007564296520423601 0.0045385779122541605
