2.0 0.5689474556529718 0.40132536625002385 0.02046783625730994 0.017543859649122806
2.0 0.5551899733547405 0.3987795180182201 0.013157894736842105 0.008771929824561403
2.0 0.7122788035754779 0.37299271695746317 0.09649122807017543 0.08187134502923976
2.0 0.4904652015854416 0.4643101861395488 0.013157894736842105 0.01023391812865497
2.0 0.5017894449018621 0.444848643315847 0.008771929824561403 0.005847953216374269
2.0 0.563701090418956 0.37378179762390623 0.007309941520467836 0.0043859649122807015
2.0 0.5232989333680057 0.41331518015915875 0.0043859649122807015 0.0043859649122807015
2.0 0.5092418311781262 0.43334265929540067 0.005847953216374269 0.0043859649122807015
2.0 0.5345625100182846 0.40026178427202863 0.007309941520467836 0.005847953216374269
2.0 0.5774099115777054 0.35510019169548757 0.005847953216374269 0.0043859649122807015
2.0 0.5986723696822489 0.33348178315528587 0.0043859649122807015 0.0029239766081871343
2.0 0.5181327546008966 0.4213973266844328 0.0043859649122807015 0.0043859649122807015
2.0 0.5960842757038197 0.33752457963813165 0.0043859649122807015 0.0029239766081871343
2.0 0.5810959543978795 0.3544411616109554 0.005847953216374269 0.0043859649122807015
2.0 0.5483744806430502 0.4001858252314031 0.011695906432748537 0.007309941520467836
