2 0.75955 0.61213 0.02091 0.05515
2 0.35932 0.52978 0.00864 0.02868
2 0.86477 0.57022 0.01136 0.02574
8 0.50773 0.5364 0.00818 0.02574
2 0.32136 0.5125 0.00727 0.02059
8 0.65795 0.55037 0.00955 0.02426
8 0.41636 0.51471 0.00727 0.01765
8 0.64659 0.53713 0.00591 0.01691
8 0.76659 0.55074 0.00682 0.01912
8 0.87364 0.55551 0.00545 0.01691
2 0.79909 0.57794 0.01273 0.03382
8 0.55477 0.52243 0.00409 0.01397
2 0.26659 0.4989 0.005 0.01691
8 0.33205 0.4989 0.00409 0.01397
8 0.53818 0.52647 0.00545 0.01765
8 0.64 0.52941 0.00364 0.01324
7 0.56636 0.55588 0.01364 0.02941
7 0.61364 0.52132 0.00273 0.01029
7 0.58386 0.51544 0.00227 0.00882
7 0.53955 0.51434 0.00182 0.00956
7 0.50068 0.50846 0.00136 0.00809
