2 0.31545 0.55331 0.00818 0.03309
8 0.69773 0.58566 0.03182 0.06985
2 0.83591 0.49669 0.00545 0.01397
8 0.86977 0.50588 0.00773 0.01912
8 0.58477 0.54007 0.01773 0.0375
2 0.44614 0.51728 0.00682 0.01691
2 0.56045 0.50735 0.00636 0.01471
8 0.80955 0.50221 0.00636 0.01618
2 0.50091 0.5114 0.00727 0.01691
8 0.71659 0.50625 0.00682 0.01838
2 0.91886 0.5 0.00591 0.01471
8 0.545 0.525 0.01182 0.02647
2 0.62636 0.50441 0.00727 0.01471
8 0.76318 0.50257 0.00545 0.01544
8 0.58318 0.51507 0.01 0.01985
2 0.40455 0.525 0.00818 0.02059
2 0.70727 0.49779 0.00545 0.01324
2 0.8975 0.49265 0.00318 0.00882
8 0.66318 0.50956 0.00636 0.01912
2 0.87909 0.49191 0.00364 0.00735
8 0.93455 0.49338 0.00273 0.00882
2 0.76045 0.49559 0.00273 0.01176
2 0.70932 0.49228 0.00318 0.00956
2 0.36205 0.52978 0.005 0.0125
2 0.665 0.49963 0.00273 0.01103
