8.0 0.5691410053838339 0.48118617481273074 0.03048780487804878 0.022865853658536585
8.0 0.5423584296476514 0.5103174600318562 0.01676829268292683 0.012195121951219513
8.0 0.5161360667652333 0.5730750956658681 0.009146341463414634 0.004573170731707317
8.0 0.6561938298053733 0.32957060284641965 0.06859756097560976 0.051829268292682924
8.0 0.5302282305557324 0.524407701423368 0.007621951219512195 0.006097560975609756
8.0 0.5598659993431012 0.44364037908372606 0.006097560975609756 0.003048780487804878
8.0 0.5437991602893452 0.4931007018560832 0.010670731707317074 0.007621951219512195
8.0 0.5514030578421792 0.4675538979263458 0.007621951219512195 0.004573170731707317
8.0 0.5575906231473251 0.44658303296903024 0.006097560975609756 0.004573170731707317
8.0 0.5426943661699944 0.4881719408153107 0.006097560975609756 0.003048780487804878
8.0 0.5717261753668469 0.4090694787677149 0.006097560975609756 0.003048780487804878
2.0 0.5477315721052572 0.4743323312510335 0.007621951219512195 0.006097560975609756
2.0 0.5703933509123748 0.4153784965271579 0.004573170731707317 0.004573170731707317
