8 0.50455 0.54477 0.00727 0.01395
8 0.67136 0.54506 0.00727 0.01453
8 0.90364 0.53517 0.00545 0.01337
8 0.83 0.53837 0.00727 0.01395
8 0.62977 0.56163 0.01318 0.02674
8 0.8025 0.5343 0.00409 0.01047
8 0.79 0.5936 0.02818 0.05465
8 0.86818 0.53198 0.00545 0.01047
8 0.75295 0.54244 0.005 0.01395
8 0.62182 0.55029 0.00818 0.01802
8 0.56023 0.54215 0.005 0.01105
8 0.68841 0.53895 0.00318 0.01047
8 0.92955 0.52791 0.00545 0.01047
8 0.61909 0.5407 0.00545 0.01163
8 0.44545 0.54913 0.00909 0.01802
8 0.74886 0.53663 0.00409 0.01047
8 0.4075 0.54855 0.00409 0.01105
