2 0.77045 0.61765 0.04273 0.06471
2 0.66455 0.53015 0.00818 0.01765
2 0.69364 0.52868 0.00818 0.01618
2 0.62386 0.53309 0.01318 0.025
2 0.71045 0.52721 0.00636 0.01324
2 0.66364 0.5625 0.02 0.03971
8 0.5675 0.5114 0.00318 0.0125
8 0.59568 0.51397 0.005 0.01176
2 0.67545 0.51471 0.00364 0.00735
8 0.63318 0.5114 0.00273 0.00662
8 0.63841 0.51618 0.00318 0.00882
7 0.56227 0.51213 0.00636 0.00662
2 0.69273 0.51985 0.00545 0.00882
2 0.65091 0.51066 0.00273 0.00662
2 0.66273 0.51176 0.00273 0.00588
7 0.55091 0.50074 0.00364 0.00735
7 0.55864 0.50441 0.00545 0.00882
