2.0 0.490298914789098 0.45429062358017963 0.026352288488210817 0.027739251040221916
7.0 0.3392892647812857 0.570101220215731 0.023578363384188627 0.026352288488210817
7.0 0.3215511488940534 0.5454486260824609 0.015256588072122053 0.016643550624133148
2.0 0.6303120492559029 0.4669938325266657 0.049930651872399444 0.05409153952843273
7.0 0.28333363237132786 0.551616490728183 0.012482662968099861 0.013869625520110958
2.0 0.42002090052578683 0.4689594478737757 0.016643550624133148 0.018030513176144243
7.0 0.3913525025782487 0.6743274356503092 0.059639389736477116 0.0651872399445215
7.0 0.3149655706692597 0.5325735901603631 0.012482662968099861 0.012482662968099861
2.0 0.3597006770513504 0.4929877041981841 0.012482662968099861 0.013869625520110958
2.0 0.30157632964228864 0.5301722961088204 0.008321775312066574 0.009708737864077669
1.0 0.22541812481181936 0.5940766176931909 0.008321775312066574 0.008321775312066574
1.0 0.22333161313479147 0.5978760835681224 0.008321775312066574 0.008321775312066574
