2 0.26341 0.54743 0.01955 0.03897
8 0.67295 0.56324 0.02955 0.06029
2 0.76864 0.47206 0.00636 0.01618
2 0.71341 0.47059 0.00682 0.01471
8 0.79364 0.49044 0.01 0.02353
8 0.35591 0.50772 0.00727 0.01985
8 0.45909 0.5114 0.01364 0.02868
8 0.53705 0.52757 0.01773 0.03897
2 0.65682 0.46985 0.00545 0.01324
2 0.81182 0.46801 0.00545 0.01544
2 0.60227 0.47132 0.00545 0.01324
8 0.56295 0.48051 0.00773 0.01544
2 0.52227 0.47868 0.00545 0.01176
2 0.87227 0.45809 0.00545 0.01324
8 0.29841 0.50846 0.00409 0.01103
8 0.61136 0.48419 0.00818 0.01838
8 0.48227 0.48529 0.00455 0.01176
2 0.85455 0.46103 0.00545 0.01324
8 0.69227 0.4875 0.01 0.02206
8 0.88045 0.4875 0.00818 0.02206
2 0.30386 0.50588 0.00318 0.01029
2 0.40636 0.49191 0.00364 0.01029
2 0.84023 0.46434 0.00591 0.0125
2 0.83136 0.45221 0.00455 0.00735
8 0.41545 0.49338 0.00545 0.01176
8 0.28159 0.51287 0.00591 0.01691
2 0.63545 0.46544 0.00545 0.01029
8 0.47545 0.48162 0.00364 0.01029
2 0.34977 0.49926 0.00318 0.01029
2 0.46455 0.48456 0.00455 0.01029
2 0.2475 0.58676 0.00955 0.03382
2 0.25341 0.5136 0.00409 0.01103
8 0.935 0.45147 0.00182 0.00882
8 0.35636 0.49926 0.00545 0.01176
8 0.26682 0.51324 0.00455 0.01471
2 0.85886 0.45404 0.00409 0.00956
2 0.79341 0.45257 0.00227 0.00662
2 0.73568 0.45588 0.00227 0.00735
2 0.71864 0.45699 0.00273 0.00662
2 0.70955 0.45735 0.00273 0.00735
