8 0.42205 0.54622 0.00955 0.01919
8 0.62659 0.57267 0.01682 0.03256
8 0.71091 0.53808 0.00545 0.01221
8 0.49545 0.53895 0.00545 0.01279
8 0.75364 0.53663 0.00545 0.01047
8 0.62182 0.55291 0.01091 0.02093
8 0.55841 0.53517 0.00591 0.01105
8 0.63795 0.54535 0.00864 0.01628
8 0.71909 0.5311 0.00364 0.00872
8 0.85727 0.53081 0.00364 0.00814
8 0.79318 0.66192 0.06 0.10523
8 0.79227 0.53488 0.00364 0.0093
8 0.76091 0.53052 0.00364 0.00756
8 0.83318 0.53256 0.00545 0.01047
8 0.67386 0.54099 0.00682 0.01337
8 0.80205 0.52674 0.00227 0.00465
8 0.86455 0.52849 0.00273 0.00814
8 0.61818 0.53372 0.00455 0.0093
8 0.79523 0.52733 0.00227 0.00465
8 0.79159 0.5282 0.00227 0.00523
8 0.7875 0.52994 0.00227 0.00523
8 0.8725 0.525 0.00136 0.00349
8 0.67455 0.53256 0.00364 0.01047
8 0.82682 0.52645 0.00182 0.00407
8 0.92 0.52209 0.00273 0.00233
8 0.86136 0.52733 0.00455 0.00814
8 0.90045 0.52326 0.00455 0.00349
8 0.87682 0.525 0.00273 0.00349
8 0.89182 0.52326 0.00273 0.00349
8 0.81341 0.52674 0.00136 0.00465
8 0.87909 0.525 0.00364 0.00349
