8.0 0.5234972923554593 0.4939325209745501 0.009887005649717515 0.011299435028248588
2.0 0.7174909675992471 0.5023628294263447 0.07627118644067797 0.08615819209039548
2.0 0.60043302805894 0.4763051457583968 0.025423728813559324 0.02824858757062147
2.0 0.6389331297976736 0.43450578944705975 0.009887005649717515 0.011299435028248588
2.0 0.624916211480586 0.44550548547869717 0.011299435028248588 0.012711864406779662
8.0 0.5681076181220596 0.469083906500766 0.007062146892655367 0.00847457627118644
2.0 0.6679353296890678 0.41820662623600946 0.007062146892655367 0.007062146892655367
2.0 0.604294889839383 0.46143221395211576 0.01694915254237288 0.01694915254237288
2.0 0.650238219523506 0.42716417833732495 0.00847457627118644 0.00847457627118644
2.0 0.7318315062298331 0.386222846451196 0.005649717514124294 0.00847457627118644
2.0 0.7020798271667569 0.4004650187692298 0.007062146892655367 0.00847457627118644
8.0 0.7151594838967591 0.3913415303379845 0.005649717514124294 0.007062146892655367
8.0 0.5945751135960579 0.45189571396703077 0.00847457627118644 0.00847457627118644
8.0 0.6140466204558965 0.4408373537574615 0.005649717514124294 0.005649717514124294
8.0 0.5906305303559313 0.45065472784838867 0.005649717514124294 0.007062146892655367
8.0 0.6822272976393521 0.40701968814387113 0.007062146892655367 0.007062146892655367
2.0 0.594746002497725 0.4470336075682693 0.005649717514124294 0.007062146892655367
8.0 0.6418325704944393 0.42659557524500513 0.005649717514124294 0.005649717514124294
