2 0.43159 0.51654 0.01318 0.03015
8 0.6475 0.54191 0.01591 0.03529
2 0.51545 0.51103 0.01182 0.025
8 0.64432 0.50221 0.00409 0.01324
2 0.57818 0.50221 0.00545 0.01765
2 0.30818 0.55257 0.01364 0.04779
8 0.7075 0.52757 0.00773 0.02426
8 0.58386 0.49191 0.00318 0.01029
8 0.71682 0.65662 0.04818 0.1
2 0.55409 0.49485 0.00455 0.01324
2 0.51773 0.48824 0.00455 0.01176
2 0.50841 0.48088 0.00318 0.00882
2 0.52795 0.48051 0.00227 0.00809
2 0.49841 0.48346 0.00318 0.00956
8 0.57727 0.48713 0.00273 0.00809
8 0.56955 0.48824 0.00273 0.00882
8 0.70432 0.51544 0.005 0.01618
2 0.565 0.48235 0.00182 0.00735
2 0.54591 0.48125 0.00273 0.00662
2 0.56136 0.48199 0.00182 0.00662
2 0.56818 0.47904 0.00091 0.00368
2 0.55864 0.47978 0.00091 0.00515
2 0.55682 0.47868 0.00091 0.00441
8 0.60295 0.48787 0.00136 0.00662
8 0.605 0.4875 0.00091 0.00588
