2.0 0.5104018449781648 0.2697260345137245 0.02073365231259968 0.01594896331738437
2.0 0.532194475797732 0.5505510254690588 0.014354066985645933 0.009569377990430622
2.0 0.5196253010121438 0.6150154770481837 0.023923444976076555 0.01594896331738437
2.0 0.5256109963432811 0.3392337604874986 0.014354066985645933 0.009569377990430622
2.0 0.5310652523056724 0.7817980568431644 0.004784688995215311 0.003189792663476874
2.0 0.5406664031581104 0.507930371989218 0.006379585326953748 0.004784688995215311
2.0 0.5353015346573516 0.25825235059246243 0.007974481658692184 0.004784688995215311
2.0 0.4806852310003861 0.8698440966741435 0.03987240829346093 0.017543859649122806
2.0 0.538032519790191 0.5236249366131288 0.009569377990430622 0.004784688995215311
2.0 0.5297966655841579 0.818836483301696 0.006379585326953748 0.003189792663476874
2.0 0.5323032085183171 0.7899202773699789 0.007974481658692184 0.004784688995215311
2.0 0.5313145773950444 0.245676009721823 0.006379585326953748 0.003189792663476874
2.0 0.5261778123245953 0.22303478694457193 0.007974481658692184 0.007974481658692184
2.0 0.532801376796668 0.7534771646862628 0.004784688995215311 0.001594896331738437
