2.0 0.4168246484827873 0.37319523370915564 0.033846153846153845 0.023076923076923078
8.0 0.49516414380291446 0.5802411937711048 0.03538461538461538 0.024615384615384615
2.0 0.42938734624166813 0.3376290621598468 0.024615384615384615 0.018461538461538463
8.0 0.48091149987526244 0.46945899816677583 0.02 0.012307692307692308
8.0 0.46765235058980686 0.41495914043507104 0.016923076923076923 0.012307692307692308
8.0 0.4414961903648677 0.32474563936242606 0.013846153846153847 0.009230769230769232
8.0 0.4909018309276027 0.523393248538662 0.027692307692307693 0.018461538461538463
2.0 0.4327567098416034 0.36430208917582935 0.024615384615384615 0.015384615384615385
8.0 0.5034887255900722 0.7307364477684258 0.05076923076923077 0.03538461538461538
8.0 0.47062911709972904 0.37378804798783594 0.010769230769230769 0.007692307692307693
8.0 0.44792366816427776 0.3149597870262871 0.009230769230769232 0.006153846153846154
8.0 0.45468594797769635 0.3701888221053539 0.016923076923076923 0.010769230769230769
2.0 0.5197808556449667 0.5734644626725467 0.013846153846153847 0.009230769230769232
2.0 0.4731166391875044 0.38277852720316646 0.007692307692307693 0.004615384615384616
8.0 0.4480875868590335 0.31187926607300015 0.007692307692307693 0.004615384615384616
8.0 0.46081445464232396 0.3381710476990222 0.009230769230769232 0.007692307692307693
2.0 0.4218081338476055 0.31827881404039704 0.012307692307692308 0.007692307692307693
8.0 0.5432861603386057 0.6719718124241996 0.018461538461538463 0.012307692307692308
2.0 0.5036394059134418 0.517682753061397 0.010769230769230769 0.010769230769230769
8.0 0.49938429923892264 0.4964214902521894 0.010769230769230769 0.009230769230769232
2.0 0.39079095068907327 0.37496154634333595 0.010769230769230769 0.009230769230769232
