2.0 0.55710015010796 0.47067541557900483 0.026573426573426574 0.023776223776223775
2.0 0.5329095001969776 0.4824684398800455 0.016783216783216783 0.015384615384615385
2.0 0.6629495988929277 0.4486044842369414 0.06993006993006994 0.06293706293706294
2.0 0.6601908102840459 0.3162472478319116 0.008391608391608392 0.008391608391608392
2.0 0.6998517347633144 0.2786779663255609 0.006993006993006993 0.006993006993006993
7.0 0.3262449145173403 0.6988406476268157 0.008391608391608392 0.006993006993006993
7.0 0.36695602296608787 0.6499700693734988 0.008391608391608392 0.006993006993006993
7.0 0.3541041514378548 0.6806581442956374 0.012587412587412588 0.011188811188811189
7.0 0.3372762302551932 0.719937565370798 0.012587412587412588 0.011188811188811189
2.0 0.6816430636653655 0.2952243116989195 0.008391608391608392 0.005594405594405594
