7 0.86977 0.43125 0.00864 0.01985
7 0.39682 0.46176 0.01636 0.04118
7 0.49364 0.49081 0.02273 0.04926
2 0.09227 0.49816 0.02455 0.04926
2 0.18659 0.59044 0.04045 0.07941
2 0.16409 0.53824 0.03182 0.06176
7 0.12 0.39338 0.00727 0.01765
2 0.84886 0.41765 0.00682 0.01765
7 0.1525 0.38456 0.00591 0.01324
7 0.19636 0.42868 0.01455 0.02941
7 0.63136 0.58235 0.04182 0.07941
7 0.29295 0.37316 0.005 0.01397
7 0.28091 0.43971 0.01636 0.03676
2 0.13091 0.69081 0.05091 0.11103
7 0.57727 0.39228 0.00727 0.01838
2 0.59614 0.38456 0.00591 0.01471
8 0.45682 0.38162 0.00545 0.01618
7 0.22614 0.37353 0.00409 0.01471
2 0.09182 0.38676 0.00727 0.01471
2 0.33045 0.36765 0.00636 0.01176
7 0.14182 0.41397 0.01091 0.025
7 0.12864 0.40404 0.00727 0.02132
8 0.49886 0.37537 0.005 0.01397
2 0.15409 0.37426 0.00636 0.01176
2 0.42682 0.36985 0.00636 0.01324
2 0.23136 0.36765 0.00545 0.01176
7 0.19023 0.37647 0.005 0.01324
7 0.74 0.41287 0.00818 0.01838
8 0.4475 0.38125 0.00591 0.01544
2 0.73864 0.40074 0.00636 0.01618
7 0.37545 0.37721 0.00727 0.01618
8 0.48841 0.37463 0.00591 0.0125
7 0.87773 0.84779 0.05909 0.09706
