7.0 0.6197001370922357 0.2595769141971435 0.01394700139470014 0.012552301255230125
7.0 0.433850531173731 0.5424094566052563 0.03207810320781032 0.02789400278940028
7.0 0.4920257935998524 0.4996776912021483 0.03765690376569038 0.03347280334728033
2.0 0.3237295192344838 0.731735567973388 0.03905160390516039 0.03486750348675035
2.0 0.41689015279047137 0.7176025035141843 0.06276150627615062 0.05578800557880056
2.0 0.377451434293345 0.7080012929716095 0.0502092050209205 0.04602510460251046
7.0 0.2758909398018708 0.6708923008889036 0.012552301255230125 0.012552301255230125
2.0 0.6029580976553802 0.2656572064014855 0.01394700139470014 0.012552301255230125
7.0 0.2848277484539742 0.6485673423933138 0.011157601115760111 0.009762900976290097
7.0 0.328837901420212 0.6425146921556661 0.023709902370990237 0.022315202231520222
7.0 0.6034154707324234 0.4604758183501541 0.06415620641562064 0.058577405857740586
7.0 0.33868448945234103 0.5635703090476532 0.009762900976290097 0.009762900976290097
7.0 0.37146344376367596 0.599036385758741 0.02789400278940028 0.02510460251046025
2.0 0.4502022764376436 0.792490322099234 0.08647140864714087 0.07810320781032078
7.0 0.4717744680679109 0.40964086884308226 0.01394700139470014 0.012552301255230125
2.0 0.47548113623366933 0.39556175141588135 0.009762900976290097 0.009762900976290097
8.0 0.4139319828143637 0.47375176578542333 0.011157601115760111 0.009762900976290097
7.0 0.31018403690320256 0.6018307122725218 0.011157601115760111 0.009762900976290097
2.0 0.26000529044675763 0.6841182771909559 0.009762900976290097 0.008368200836820083
2.0 0.35165771376812166 0.539816342254037 0.008368200836820083 0.008368200836820083
7.0 0.29701041063312655 0.6672969786890487 0.019525801952580194 0.016736401673640166
7.0 0.2856833049408033 0.6705460670229009 0.01394700139470014 0.012552301255230125
8.0 0.428434244735402 0.4470906470442945 0.009762900976290097 0.008368200836820083
2.0 0.27963701114332173 0.6432341695870182 0.009762900976290097 0.008368200836820083
2.0 0.3943271738719887 0.48580247662113685 0.011157601115760111 0.009762900976290097
2.0 0.30907398778513995 0.5963268553050554 0.008368200836820083 0.00697350069735007
7.0 0.296428454183666 0.6235734580395219 0.009762900976290097 0.008368200836820083
7.0 0.5534497248337913 0.32568530449952965 0.015341701534170154 0.012552301255230125
8.0 0.40971572268730483 0.4789079066979451 0.011157601115760111 0.009762900976290097
2.0 0.5459475915141253 0.32124806261413075 0.011157601115760111 0.009762900976290097
7.0 0.37644839066792896 0.5182614662130791 0.01394700139470014 0.011157601115760111
8.0 0.4235213603254725 0.4527322143483185 0.009762900976290097 0.009762900976290097
7.0 0.8606715324408654 0.43404458537551754 0.08089260808926081 0.07391910739191074
