2.0 0.7012385040757327 0.30932856620921845 0.041666666666666664 0.031609195402298854
2.0 0.6403725403581274 0.3845529684635593 0.040229885057471264 0.031609195402298854
2.0 0.559072965088596 0.4492078141257348 0.022988505747126436 0.01867816091954023
2.0 0.6013460796629186 0.3696068980509813 0.014367816091954023 0.011494252873563218
2.0 0.695956715398243 0.28594556156313244 0.028735632183908046 0.022988505747126436
2.0 0.7087956306169229 0.2873344788596595 0.035919540229885055 0.028735632183908046
2.0 0.5444925497107939 0.45431401853077696 0.017241379310344827 0.014367816091954023
2.0 0.6793102560419719 0.29813238021852334 0.027298850574712645 0.021551724137931036
2.0 0.6148270418170848 0.35643921665005057 0.01867816091954023 0.014367816091954023
2.0 0.5892959456856941 0.3824238207135598 0.01293103448275862 0.010057471264367816
2.0 0.6595948977266395 0.31473279052590225 0.02442528735632184 0.01867816091954023
2.0 0.5572343520952638 0.4235279526774703 0.01293103448275862 0.010057471264367816
2.0 0.6364896630484963 0.3363258510499959 0.020114942528735632 0.017241379310344827
2.0 0.585220457055787 0.43273274359752195 0.03017241379310345 0.02442528735632184
8.0 0.5283604385262847 0.4566508340317197 0.011494252873563218 0.008620689655172414
2.0 0.5725541936526755 0.40258179777202285 0.01293103448275862 0.010057471264367816
8.0 0.6624003678847178 0.2918122257751486 0.014367816091954023 0.011494252873563218
2.0 0.5447518975050132 0.4460468968612892 0.014367816091954023 0.011494252873563218
2.0 0.5338010071821769 0.44571293973439563 0.007183908045977011 0.005747126436781609
8.0 0.6357315851778156 0.3198492707514116 0.01293103448275862 0.011494252873563218
2.0 0.5480020802650616 0.4256774215879102 0.008620689655172414 0.005747126436781609
8.0 0.6912881532908627 0.26424821483533695 0.017241379310344827 0.014367816091954023
2.0 0.5544858238207975 0.4139804385804294 0.007183908045977011 0.005747126436781609
2.0 0.5479215325545472 0.41913116263694095 0.004310344827586207 0.004310344827586207
2.0 0.540364691729273 0.4271801684935822 0.005747126436781609 0.005747126436781609
2.0 0.5202922092256915 0.4611613618744547 0.008620689655172414 0.007183908045977011
2.0 0.5369866006362523 0.43104388252461007 0.005747126436781609 0.005747126436781609
2.0 0.5504989650083348 0.41558902640049844 0.005747126436781609 0.005747126436781609
2.0 0.5334569385426918 0.43405818925266476 0.005747126436781609 0.004310344827586207
2.0 0.5437427828222936 0.4233164544625542 0.005747126436781609 0.005747126436781609
