2.0 0.27417638332934047 0.6763117073808289 0.05762081784386617 0.11152416356877323
2.0 0.288849267545347 0.5905406679390915 0.04460966542750929 0.0724907063197026
2.0 0.11596316015147855 0.5790214054534936 0.048327137546468404 0.0687732342007435
7.0 0.6787056340404002 0.6855999509794076 0.06505576208178439 0.10594795539033457
7.0 0.5890170823659417 0.5743851229704866 0.03345724907063197 0.05947955390334572
7.0 0.5091823168929924 0.5397248953994802 0.024163568773234202 0.046468401486988845
7.0 0.2855249835770636 0.5052273158431715 0.01858736059479554 0.03717472118959108
7.0 0.14284798727559153 0.5082612884347176 0.026022304832713755 0.03903345724907063
7.0 0.3840838375423925 0.513194324435655 0.022304832713754646 0.03717472118959108
7.0 0.44731253622143685 0.5217684435760553 0.022304832713754646 0.040892193308550186
