2.0 0.5673349048224737 0.5317489241789712 0.008237232289950576 0.011532125205930808
2.0 0.5852796749788675 0.554267286120478 0.011532125205930808 0.0214168039538715
8.0 0.5153565374948498 0.5070670377117928 0.006589785831960461 0.006589785831960461
2.0 0.5638126703539094 0.5243430107093768 0.0032948929159802307 0.009884678747940691
2.0 0.5673963708830664 0.5222504152530798 0.004942339373970346 0.008237232289950576
8.0 0.5277355865499433 0.508749715431787 0.004942339373970346 0.008237232289950576
7.0 0.5869321679899842 0.5603272033907641 0.011532125205930808 0.019769357495881382
7.0 0.6093212259923626 0.5628699392273024 0.011532125205930808 0.018121911037891267
7.0 0.6699958123628236 0.5687904166817219 0.006589785831960461 0.011532125205930808
7.0 0.5808248461692765 0.5365220638637065 0.004942339373970346 0.011532125205930808
7.0 0.7286294087256553 0.6009060260039595 0.014827018121911038 0.019769357495881382
