2 0.70318 0.56654 0.02273 0.04485
2 0.53568 0.47022 0.00682 0.01691
2 0.67386 0.51066 0.00591 0.01397
2 0.59182 0.47941 0.00455 0.01324
2 0.66386 0.51912 0.01045 0.02059
2 0.67955 0.50772 0.00455 0.01103
2 0.82614 0.55368 0.00591 0.01176
2 0.62045 0.48272 0.00364 0.00956
2 0.23659 0.38897 0.005 0.00882
2 0.58318 0.46397 0.00364 0.00588
2 0.6525 0.48309 0.00318 0.00735
2 0.33205 0.40441 0.00409 0.00735
2 0.61 0.47279 0.00364 0.00735
2 0.26136 0.38456 0.00273 0.00735
2 0.55795 0.45588 0.00318 0.00735
2 0.68818 0.50331 0.00273 0.00956
2 0.61591 0.47096 0.00273 0.00515
2 0.30023 0.39632 0.00409 0.00882
2 0.62159 0.47831 0.00318 0.00809
2 0.2875 0.3886 0.00318 0.00515
2 0.67727 0.49449 0.00364 0.00809
2 0.57182 0.45662 0.00273 0.00735
2 0.52409 0.44669 0.00273 0.00662
