8 0.45886 0.52941 0.01773 0.03382
8 0.36523 0.51801 0.01045 0.02426
8 0.31295 0.51066 0.00773 0.01691
8 0.66636 0.55441 0.02545 0.05294
8 0.29455 0.50699 0.00727 0.01544
8 0.28591 0.50478 0.00636 0.01397
8 0.39273 0.48971 0.00727 0.01176
8 0.42114 0.48603 0.00591 0.01029
2 0.35182 0.48456 0.00364 0.00735
2 0.36636 0.48603 0.00545 0.01029
8 0.31614 0.49816 0.00591 0.0125
8 0.43 0.48382 0.00545 0.00882
2 0.35864 0.48824 0.00545 0.01176
2 0.32864 0.49118 0.00545 0.01176
8 0.355 0.49412 0.00545 0.01176
2 0.28364 0.49632 0.00455 0.01029
2 0.33909 0.48382 0.00364 0.00882
8 0.41136 0.48088 0.00455 0.00882
2 0.32182 0.48309 0.00364 0.00735
2 0.30659 0.48272 0.00318 0.00662
8 0.42091 0.48125 0.00455 0.00956
