2.0 0.7473503786646928 0.47826308426223924 0.0226928895612708 0.028744326777609682
8.0 0.5596533617221203 0.49722954135361214 0.01361573373676248 0.018154311649016642
2.0 0.7639330920165028 0.5057489997854472 0.04236006051437216 0.05446293494704992
2.0 0.7177777575788965 0.4670390378132782 0.012102874432677761 0.018154311649016642
8.0 0.53101699957659 0.5076163359090835 0.015128593040847202 0.02118003025718608
2.0 0.6660418582373067 0.46981523606996906 0.009077155824508321 0.012102874432677761
8.0 0.5703613848345845 0.4922064554860637 0.01059001512859304 0.015128593040847202
2.0 0.7551356507553951 0.4661230984681527 0.018154311649016642 0.024205748865355523
2.0 0.6881346889541505 0.4674328271768645 0.01059001512859304 0.01361573373676248
2.0 0.643501883691045 0.4705356686636353 0.009077155824508321 0.01059001512859304
2.0 0.6205919088114866 0.473231749812245 0.007564296520423601 0.009077155824508321
8.0 0.5602629068332863 0.48357944355502513 0.0045385779122541605 0.007564296520423601
2.0 0.5930838273813253 0.47525358499440473 0.006051437216338881 0.007564296520423601
8.0 0.5788071916854071 0.48621813434679223 0.007564296520423601 0.01059001512859304
8.0 0.5758685892907007 0.4888727909115304 0.009077155824508321 0.01059001512859304
8.0 0.5486443463301912 0.4837664786365197 0.0045385779122541605 0.006051437216338881
8.0 0.827951916394141 0.415595640818325 0.0045385779122541605 0.006051437216338881
2.0 0.5676225412984198 0.47770107898857017 0.0030257186081694403 0.006051437216338881
8.0 0.5724558402328568 0.484391574226118 0.009077155824508321 0.01059001512859304
2.0 0.5555513403360359 0.47867583834698363 0.0045385779122541605 0.0045385779122541605
