8 0.42205 0.56017 0.00682 0.02035
8 0.72682 0.5814 0.02091 0.03721
8 0.61909 0.55901 0.01 0.01919
8 0.45682 0.55058 0.00455 0.01279
8 0.89 0.53081 0.00273 0.0093
8 0.58818 0.55174 0.00545 0.01279
8 0.47886 0.54651 0.00409 0.0093
8 0.49568 0.5436 0.00318 0.00814
8 0.86045 0.5314 0.00273 0.00698
8 0.77023 0.53343 0.00227 0.0064
8 0.57364 0.54651 0.00364 0.0093
8 0.80114 0.53314 0.00227 0.00698
8 0.92409 0.52965 0.00273 0.00698
8 0.83136 0.53256 0.00273 0.00698
8 0.76341 0.5343 0.00227 0.00698
8 0.80682 0.53401 0.00273 0.00756
8 0.78409 0.53343 0.00182 0.0064
8 0.835 0.5314 0.00182 0.00581
8 0.56818 0.5436 0.00273 0.00814
8 0.80477 0.53634 0.005 0.00407
8 0.50864 0.54186 0.00273 0.00698
8 0.53091 0.54099 0.00273 0.0064
8 0.55409 0.54012 0.00273 0.00581
8 0.61523 0.53924 0.00227 0.0064
8 0.64341 0.53895 0.00227 0.00581
8 0.65477 0.53779 0.00227 0.00581
