2 0.31659 0.49669 0.00682 0.01397
8 0.43227 0.49632 0.00636 0.01471
8 0.59727 0.52941 0.01636 0.03529
2 0.33068 0.50368 0.00773 0.01765
8 0.54273 0.51029 0.01091 0.02353
2 0.36386 0.50993 0.00955 0.02279
8 0.41273 0.49375 0.00545 0.0125
2 0.34 0.49191 0.00545 0.01176
8 0.48136 0.50037 0.00727 0.01691
8 0.75318 0.60184 0.03091 0.07279
8 0.47 0.48934 0.00545 0.0125
8 0.48568 0.48309 0.00409 0.01029
8 0.44182 0.47941 0.00364 0.00882
2 0.37409 0.48897 0.00364 0.00882
2 0.38591 0.48088 0.00455 0.00882
2 0.265 0.58235 0.01273 0.03382
2 0.39773 0.48529 0.00455 0.01029
8 0.4625 0.48199 0.00409 0.00956
2 0.35841 0.53051 0.00682 0.01544
2 0.37477 0.48015 0.00318 0.00735
2 0.36591 0.47647 0.00273 0.00588
2 0.36864 0.47904 0.00273 0.00662
