8 0.75727 0.56395 0.01818 0.03023
8 0.24727 0.5436 0.00636 0.01163
8 0.43773 0.54448 0.00636 0.01221
8 0.53955 0.55291 0.01 0.0186
8 0.22318 0.53837 0.00636 0.0093
8 0.25364 0.53081 0.00364 0.00814
8 0.53091 0.53721 0.00545 0.01047
8 0.19818 0.53256 0.00545 0.0093
8 0.22909 0.52791 0.00273 0.00465
8 0.21727 0.52733 0.00364 0.00349
8 0.17955 0.52849 0.00455 0.00581
8 0.20273 0.525 0.00273 0.00349
8 0.25273 0.5343 0.00545 0.0093
8 0.41705 0.5407 0.00955 0.0093
8 0.40727 0.5407 0.00727 0.00814
8 0.39955 0.54012 0.00364 0.00581
8 0.23705 0.54709 0.01227 0.01163
