2 0.66955 0.43603 0.01909 0.04265
7 0.40636 0.44265 0.02 0.04706
7 0.53318 0.36103 0.01 0.02059
7 0.46409 0.40368 0.01727 0.03382
7 0.50091 0.37353 0.01273 0.02647
2 0.68591 0.48051 0.02455 0.05368
7 0.58409 0.34706 0.00636 0.01471
2 0.65273 0.39853 0.01636 0.03088
7 0.61773 0.34632 0.00636 0.01324
2 0.64591 0.37794 0.01182 0.02059
2 0.68091 0.36176 0.00818 0.01471
2 0.73864 0.36838 0.00636 0.01324
2 0.65364 0.36691 0.00909 0.01912
7 0.21227 0.63272 0.05091 0.11397
7 0.64909 0.35 0.00727 0.01176
7 0.56136 0.35221 0.00818 0.01618
7 0.69773 0.35588 0.00545 0.01176
2 0.71932 0.36581 0.00591 0.01544
2 0.82182 0.73051 0.04909 0.12574
2 0.85045 0.39191 0.00818 0.01765
2 0.78636 0.37794 0.00818 0.01324
7 0.905 0.40735 0.00545 0.01176
7 0.80409 0.37574 0.00636 0.01176
2 0.66364 0.36176 0.00818 0.01471
7 0.74727 0.36397 0.00727 0.01176
