2 0.47409 0.53125 0.01818 0.03897
2 0.55045 0.50515 0.01091 0.02353
2 0.52318 0.49412 0.00818 0.01765
2 0.49455 0.48272 0.00455 0.01103
2 0.55455 0.52132 0.01455 0.03088
8 0.88932 0.59963 0.02773 0.05809
8 0.64614 0.50257 0.00864 0.01691
8 0.79 0.53199 0.01273 0.02721
2 0.50364 0.4875 0.00545 0.01324
8 0.70045 0.51213 0.01 0.02132
2 0.31455 0.54522 0.01 0.04044
8 0.57182 0.48272 0.00545 0.01103
8 0.59591 0.48897 0.00636 0.01324
8 0.54864 0.47794 0.00455 0.00882
8 0.30841 0.48566 0.00591 0.01103
8 0.74409 0.74963 0.05818 0.15368
8 0.36568 0.48088 0.00318 0.00882
2 0.33909 0.4875 0.00545 0.01029
8 0.37909 0.49853 0.01273 0.01324
2 0.48886 0.47574 0.00409 0.00882
