2 0.75409 0.61397 0.04182 0.06324
2 0.76818 0.54669 0.01182 0.01691
8 0.87227 0.55588 0.00818 0.01471
2 0.89909 0.56544 0.01364 0.02059
2 0.70864 0.53603 0.00636 0.01176
2 0.59636 0.53419 0.01091 0.02132
8 0.82864 0.54926 0.00636 0.01324
2 0.56682 0.51912 0.00636 0.01176
2 0.55886 0.51471 0.005 0.01176
8 0.79 0.54191 0.00727 0.01029
2 0.67545 0.52574 0.00364 0.00735
2 0.66545 0.52353 0.00364 0.00735
2 0.55227 0.50882 0.00364 0.00735
2 0.68318 0.52941 0.00545 0.00882
2 0.55432 0.5114 0.00409 0.00809
8 0.545 0.50515 0.00273 0.00441
2 0.58773 0.51103 0.00273 0.00441
2 0.60364 0.51324 0.00364 0.00588
2 0.56909 0.50882 0.00273 0.00588
2 0.64 0.51912 0.00273 0.00588
8 0.53045 0.50368 0.00364 0.00735
2 0.65682 0.52169 0.00364 0.00662
2 0.62545 0.51691 0.00273 0.00588
