2 0.77636 0.61434 0.03273 0.05221
2 0.64318 0.53971 0.00636 0.01471
8 0.5375 0.52132 0.00773 0.01324
2 0.68818 0.56581 0.01636 0.02868
8 0.55364 0.51691 0.00545 0.01029
2 0.73 0.54485 0.00545 0.01029
2 0.61591 0.52279 0.00455 0.00735
2 0.70818 0.53971 0.00364 0.00882
2 0.61091 0.51985 0.00364 0.00588
2 0.62545 0.52868 0.00364 0.01029
2 0.70091 0.53566 0.00364 0.00662
2 0.61273 0.52059 0.00364 0.00735
2 0.83341 0.81103 0.11682 0.16912
8 0.56159 0.51434 0.00318 0.00809
2 0.67227 0.52868 0.00273 0.00441
8 0.92545 0.57574 0.00727 0.01324
2 0.69545 0.53382 0.00364 0.00588
8 0.57295 0.51176 0.00227 0.00588
2 0.68386 0.53088 0.00318 0.00588
8 0.56591 0.5125 0.00273 0.00735
