2.0 0.63254864982153 0.4475669737420216 0.027662517289073305 0.029045643153526972
2.0 0.610954254657375 0.4428349759159369 0.016597510373443983 0.017980636237897647
8.0 0.534143587263151 0.4857235004042307 0.012448132780082987 0.012448132780082987
2.0 0.6486659918336584 0.4067827427322881 0.009681881051175657 0.009681881051175657
2.0 0.6723943032156998 0.3903157038881295 0.009681881051175657 0.009681881051175657
8.0 0.5519014517653625 0.47008682922001543 0.008298755186721992 0.008298755186721992
2.0 0.6925573798351079 0.375667547993829 0.009681881051175657 0.009681881051175657
8.0 0.5768012105427766 0.45011600005908603 0.008298755186721992 0.008298755186721992
2.0 0.619675546905777 0.42797829866406273 0.011065006915629323 0.009681881051175657
2.0 0.8051684565601175 0.4473421122338688 0.1078838174273859 0.11065006915629322
2.0 0.6090834744574831 0.43786802536567104 0.011065006915629323 0.012448132780082987
8.0 0.518010649626136 0.4872898980754975 0.009681881051175657 0.009681881051175657
2.0 0.5206611377292184 0.4835025897801368 0.009681881051175657 0.009681881051175657
2.0 0.700342274125597 0.3679623632655973 0.006915629322268326 0.006915629322268326
2.0 0.6970108905989137 0.36570181470717755 0.005532503457814661 0.005532503457814661
