8.0 0.4445076667371621 0.5165675282835313 0.01037037037037037 0.013333333333333334
8.0 0.5458127161604343 0.5814658392701815 0.022222222222222223 0.02666666666666667
8.0 0.5365685721680723 0.5590004094624718 0.011851851851851851 0.013333333333333334
8.0 0.580270355278218 0.5697727391507375 0.007407407407407408 0.007407407407407408
8.0 0.49019229252501206 0.5313529145292145 0.005925925925925926 0.007407407407407408
8.0 0.5185362284803716 0.5422869350378619 0.007407407407407408 0.008888888888888889
8.0 0.6264987305376627 0.5833554929731731 0.0044444444444444444 0.007407407407407408
8.0 0.6120343822820974 0.5798133038056317 0.0044444444444444444 0.005925925925925926
8.0 0.5641130219029852 0.5594404897162583 0.0044444444444444444 0.005925925925925926
8.0 0.6328354914764951 0.5835198346725591 0.002962962962962963 0.0044444444444444444
8.0 0.6370705865636744 0.5858869955855882 0.005925925925925926 0.0044444444444444444
8.0 0.6421977387133331 0.5879289632489537 0.0044444444444444444 0.0044444444444444444
8.0 0.6467208073867753 0.5892204005251793 0.005925925925925926 0.0044444444444444444
8.0 0.6513963231125863 0.59057971160211 0.002962962962962963 0.0044444444444444444
2.0 0.6693651928271737 0.6277816852527414 0.01925925925925926 0.017777777777777778
