2 0.27841 0.56691 0.02409 0.05735
2 0.33977 0.5261 0.01136 0.03162
8 0.39568 0.48051 0.00591 0.01691
2 0.30432 0.49669 0.00773 0.02279
2 0.33273 0.50294 0.00909 0.025
8 0.45 0.48419 0.00818 0.01985
8 0.60364 0.50515 0.01273 0.02794
2 0.27114 0.49191 0.00773 0.02059
8 0.66341 0.54853 0.02227 0.05147
8 0.51273 0.49191 0.01091 0.025
8 0.34818 0.47721 0.00455 0.01618
8 0.75705 0.65 0.04773 0.10882
8 0.65136 0.45588 0.00273 0.00882
8 0.52886 0.46654 0.005 0.0125
8 0.63227 0.4614 0.00455 0.00956
8 0.65955 0.45257 0.00364 0.00809
2 0.55864 0.45515 0.00455 0.01029
2 0.61 0.44853 0.00364 0.00882
8 0.42477 0.46434 0.00409 0.01103
8 0.58159 0.46434 0.00409 0.0125
8 0.4725 0.46618 0.00591 0.01176
8 0.335 0.46801 0.00364 0.00809
2 0.52818 0.45735 0.00364 0.01176
2 0.49273 0.45625 0.00455 0.01103
2 0.58182 0.45294 0.00364 0.00882
2 0.61409 0.44706 0.00455 0.00882
8 0.39273 0.4625 0.00364 0.01029
8 0.66909 0.45074 0.00273 0.00735
2 0.59455 0.45074 0.00364 0.00882
8 0.27455 0.47941 0.00364 0.01176
2 0.60727 0.44559 0.00364 0.00588
2 0.26909 0.47426 0.00364 0.00882
2 0.35886 0.46324 0.00318 0.00735
2 0.41659 0.45699 0.00318 0.00809
2 0.44091 0.45294 0.00273 0.00735
2 0.45545 0.45551 0.00364 0.00956
8 0.67682 0.44816 0.00273 0.00662
