2.0 0.6726976245122599 0.272426958838535 0.05692307692307692 0.05076923076923077
2.0 0.3888988361742882 0.6643331167992639 0.024615384615384615 0.018461538461538463
2.0 0.5458696348083627 0.40503623908118724 0.03230769230769231 0.021538461538461538
2.0 0.37932090249409894 0.6458897812629261 0.012307692307692308 0.007692307692307693
2.0 0.362073280191156 0.6781976365209235 0.009230769230769232 0.006153846153846154
2.0 0.5812931666629015 0.2968118722337926 0.009230769230769232 0.004615384615384616
2.0 0.3618678031342299 0.6654390816456646 0.006153846153846154 0.003076923076923077
2.0 0.3666901856092553 0.6523290584554307 0.004615384615384616 0.003076923076923077
2.0 0.356666839482652 0.6841003522666242 0.009230769230769232 0.006153846153846154
2.0 0.6405639523870703 0.21630116858722326 0.009230769230769232 0.007692307692307693
2.0 0.36135846756819867 0.7105165912933182 0.007692307692307693 0.006153846153846154
