2 0.75114 0.59596 0.03136 0.05368
2 0.67864 0.51949 0.01091 0.01985
2 0.54273 0.47426 0.00818 0.01765
2 0.66568 0.50331 0.00591 0.0125
2 0.56705 0.4739 0.00318 0.00809
2 0.90773 0.56765 0.00455 0.00735
2 0.75091 0.52279 0.00273 0.00588
2 0.84886 0.55404 0.00409 0.00809
2 0.62386 0.48566 0.00409 0.00809
2 0.80568 0.54044 0.00409 0.00735
2 0.7925 0.53309 0.00409 0.00735
2 0.88545 0.5625 0.00455 0.00735
2 0.85864 0.55294 0.00364 0.00735
2 0.58455 0.47279 0.00364 0.00735
2 0.53818 0.46213 0.00364 0.00809
2 0.81932 0.54154 0.00409 0.00809
2 0.56341 0.47022 0.00318 0.00809
