2 0.70227 0.58971 0.03545 0.05294
2 0.58227 0.54191 0.01727 0.03088
2 0.915 0.53603 0.01091 0.01618
8 0.25045 0.5 0.01364 0.02206
2 0.72182 0.51691 0.00727 0.01176
8 0.19659 0.49375 0.00864 0.01838
8 0.8375 0.52096 0.00591 0.01103
2 0.80091 0.525 0.00727 0.01176
8 0.20864 0.48603 0.00636 0.01324
8 0.22909 0.48456 0.00545 0.01029
2 0.31318 0.49044 0.00636 0.01029
8 0.19 0.4875 0.00727 0.01324
8 0.67045 0.50809 0.00545 0.00882
2 0.52659 0.50257 0.00409 0.00956
8 0.74227 0.51324 0.00455 0.00882
8 0.24591 0.48235 0.00455 0.00735
