2 0.395 0.51618 0.00909 0.02794
2 0.61318 0.52132 0.01 0.02206
2 0.78727 0.54265 0.00818 0.01765
8 0.67136 0.55257 0.01273 0.03603
2 0.85045 0.55221 0.00818 0.01618
8 0.87818 0.56985 0.00909 0.02353
2 0.69864 0.53382 0.01 0.02059
8 0.83409 0.56765 0.01182 0.02794
8 0.77455 0.56324 0.01273 0.03235
2 0.74273 0.53971 0.00818 0.02059
2 0.53591 0.51544 0.01091 0.025
2 0.30614 0.52794 0.00682 0.02206
2 0.46 0.51029 0.01273 0.02794
8 0.80955 0.70221 0.04455 0.10588
8 0.63568 0.57426 0.01955 0.04853
2 0.89455 0.54853 0.00545 0.00882
2 0.91909 0.55588 0.00545 0.00882
2 0.93227 0.55882 0.00545 0.00882
2 0.86455 0.54044 0.00364 0.00588
