2 0.29614 0.55882 0.01955 0.04853
2 0.35386 0.49118 0.00773 0.01471
2 0.31386 0.49706 0.00773 0.01618
2 0.2775 0.53419 0.01591 0.03309
2 0.44636 0.48235 0.00636 0.01471
8 0.46295 0.50441 0.01227 0.025
8 0.60159 0.48015 0.00773 0.01471
2 0.27 0.50809 0.00818 0.01912
8 0.49045 0.51029 0.01364 0.02794
8 0.60455 0.53382 0.02273 0.04559
2 0.39773 0.48603 0.00636 0.01324
2 0.48364 0.48015 0.00636 0.01324
8 0.42023 0.50074 0.01045 0.01912
8 0.82909 0.61029 0.04364 0.09118
8 0.63932 0.47279 0.005 0.01176
2 0.55727 0.47463 0.00545 0.01103
2 0.42 0.48493 0.00727 0.0125
8 0.61136 0.46801 0.00364 0.00809
8 0.53023 0.48419 0.00682 0.01544
8 0.62727 0.47574 0.00545 0.01176
2 0.53273 0.47794 0.00273 0.01176
8 0.47295 0.48897 0.00773 0.01618
8 0.42477 0.49338 0.00773 0.01765
8 0.62773 0.46912 0.00455 0.00882
2 0.51727 0.46618 0.00273 0.00735
8 0.59159 0.46691 0.00409 0.00735
2 0.54 0.46949 0.00364 0.00809
2 0.57295 0.47279 0.00409 0.01029
2 0.56886 0.47096 0.00409 0.00956
2 0.56523 0.46985 0.00409 0.01029
2 0.5225 0.46949 0.00409 0.00809
2 0.51045 0.46912 0.00364 0.00735
