2 0.51909 0.51103 0.01091 0.02647
8 0.68545 0.52279 0.01091 0.025
2 0.56318 0.50441 0.01 0.02059
8 0.64977 0.57059 0.025 0.05294
8 0.72318 0.50919 0.00545 0.01838
2 0.62 0.49779 0.00727 0.01618
8 0.90682 0.53309 0.00727 0.02353
2 0.37864 0.525 0.00909 0.02353
8 0.73341 0.49853 0.00318 0.01176
2 0.64477 0.49485 0.00409 0.01324
8 0.7325 0.50368 0.00409 0.01324
8 0.72568 0.49265 0.00227 0.00882
2 0.66023 0.49118 0.00318 0.01176
2 0.66795 0.4886 0.00227 0.01103
2 0.67182 0.48676 0.00182 0.00882
2 0.67341 0.48603 0.00136 0.00882
2 0.68364 0.48529 0.00182 0.00735
2 0.69295 0.48382 0.00136 0.00735
2 0.7 0.4864 0.00091 0.00662
2 0.70364 0.48566 0.00091 0.00662
2 0.70568 0.48456 0.00136 0.00588
2 0.715 0.48713 0.00091 0.00515
2 0.71682 0.48787 0.00091 0.00515
2 0.71705 0.48456 0.00136 0.00441
8 0.73182 0.49485 0.00273 0.00882
8 0.72409 0.49081 0.00182 0.00809
8 0.74636 0.49191 0.00182 0.00588
8 0.75955 0.49228 0.00182 0.00515
8 0.75795 0.49154 0.00136 0.00515
8 0.74818 0.49044 0.00091 0.00441
