2 0.68818 0.60221 0.02909 0.03529
2 0.61727 0.49375 0.01364 0.01544
2 0.57364 0.45882 0.00545 0.01176
7 0.3525 0.58419 0.02136 0.04338
7 0.42727 0.4875 0.01364 0.01618
7 0.46136 0.4511 0.00636 0.0125
1 0.19205 0.49853 0.01409 0.01765
1 0.29068 0.46801 0.01045 0.01691
1 0.26523 0.45993 0.00773 0.00956
7 0.47341 0.43346 0.00227 0.00809
7 0.47659 0.42537 0.005 0.00515
2 0.55568 0.4375 0.00318 0.00735
2 0.54682 0.42757 0.00273 0.00515
1 0.35318 0.43529 0.00273 0.01029
1 0.36659 0.43199 0.005 0.00662
1 0.38182 0.42757 0.00545 0.00662
1 0.40136 0.42353 0.00455 0.00441
