7.0 0.5802845821696943 0.6475319157071784 0.06915629322268327 0.06639004149377593
7.0 0.5296575076405551 0.5337211627337487 0.02074688796680498 0.019363762102351315
2.0 0.27866488478779927 0.322666931988927 0.058091286307053944 0.056708160442600276
1.0 0.42103177346649184 0.42513443223086433 0.013831258644536652 0.013831258644536652
2.0 0.4517510110987615 0.44251941773440073 0.012448132780082987 0.011065006915629323
1.0 0.6953161911886538 0.7180847683753989 0.016597510373443983 0.016597510373443983
1.0 0.6311807270769564 0.6344091681904768 0.008298755186721992 0.009681881051175657
2.0 0.47480655714937514 0.4587907323908638 0.008298755186721992 0.008298755186721992
7.0 0.521766669082924 0.5148398717660718 0.011065006915629323 0.011065006915629323
1.0 0.5924289609786741 0.5859205765387004 0.009681881051175657 0.008298755186721992
1.0 0.5831228651407082 0.5748125297390999 0.008298755186721992 0.006915629322268326
