7 0.69091 0.5261 0.03727 0.06985
7 0.56364 0.48787 0.01273 0.02574
7 0.54273 0.48235 0.00909 0.01029
2 0.16841 0.55257 0.03591 0.06103
2 0.36068 0.49816 0.01409 0.02279
2 0.40864 0.4875 0.00727 0.01176
8 0.75159 0.48162 0.01409 0.01471
1 0.64545 0.47463 0.00727 0.00809
1 0.66477 0.47647 0.00682 0.00882
1 0.63636 0.47353 0.00545 0.00735
1 0.62023 0.47206 0.00318 0.00882
2 0.43295 0.47978 0.005 0.01103
7 0.52205 0.47684 0.00318 0.00956
7 0.51455 0.47574 0.00273 0.00735
1 0.44523 0.47904 0.00318 0.00515
