9.0 0.8074754476038606 0.6389121462854014 0.052930056710775046 0.1323251417769376
1.0 0.8423453453827565 0.6614939218802317 0.045368620037807186 0.05671077504725898
1.0 0.3555099326001759 0.6039053537940756 0.01890359168241966 0.035916824196597356
1.0 0.6280001663880893 0.5721163657319367 0.022684310018903593 0.03969754253308128
9.0 0.3871605328356453 0.5797339716226445 0.015122873345935728 0.030245746691871456
9.0 0.6008544299309709 0.5490973524835985 0.013232514177693762 0.03213610586011342
2.0 0.5642862443819503 0.5246743162889093 0.00945179584120983 0.015122873345935728
7.0 0.4368405749255793 0.5437281903840239 0.007561436672967864 0.015122873345935728
2.0 0.5508199452159417 0.5131636888691582 0.005671077504725898 0.011342155009451797
7.0 0.45989284262263236 0.5267233270079572 0.005671077504725898 0.00945179584120983
2.0 0.5420257337726138 0.5068037516756178 0.003780718336483932 0.00945179584120983
