2.0 0.61775 0.26082 0.0078125 0.03125
2.0 0.65188 0.25481 0.0078125 0.02734375
2.0 0.69113 0.25481 0.009765625 0.03515625
2.0 0.72056 0.25481 0.009765625 0.03515625
2.0 0.76877 0.25601 0.01171875 0.041015625
2.0 0.83362 0.26202 0.01171875 0.04296875
7.0 0.47696 0.28365 0.005859375 0.029296875
2.0 0.59727 0.27163 0.0078125 0.041015625
7.0 0.45435 0.29567 0.0078125 0.033203125
7.0 0.42875 0.32692 0.015625 0.046875
2.0 0.5913 0.31731 0.01171875 0.0546875
2.0 0.63481 0.41106 0.025390625 0.09765625
7.0 0.38396 0.41827 0.025390625 0.095703125
2.0 0.81271 0.71815 0.080078125 0.224609375
7.0 0.22184 0.71094 0.07421875 0.240234375
2.0 0.58191 0.29087 0.009765625 0.044921875
7.0 0.51706 0.26442 0.005859375 0.029296875
7.0 0.54181 0.25601 0.00390625 0.029296875
7.0 0.58191 0.2476 0.005859375 0.0234375
7.0 0.61433 0.24519 0.00390625 0.01953125
7.0 0.69966 0.24038 0.005859375 0.029296875
7.0 0.74829 0.24279 0.005859375 0.029296875
7.0 0.80375 0.24519 0.0078125 0.02734375
7.0 0.87031 0.2488 0.0078125 0.02734375
2.0 0.91468 0.27163 0.01171875 0.044921875
