2.0 0.4215916246346604 0.6254734027211163 0.04696132596685083 0.04834254143646409
2.0 0.4778676358822071 0.5199221280264996 0.027624309392265192 0.027624309392265192
2.0 0.4380983878413558 0.5644718867082478 0.016574585635359115 0.016574585635359115
7.0 0.6719933718552844 0.3276365886181191 0.05662983425414365 0.055248618784530384
7.0 0.5837039410229861 0.38982323122292545 0.020718232044198894 0.020718232044198894
9.0 0.49372933018443005 0.46986678125309084 0.009668508287292817 0.009668508287292817
7.0 0.5010951169773603 0.474272251833248 0.012430939226519336 0.013812154696132596
7.0 0.47220703123210733 0.5042604550900045 0.009668508287292817 0.008287292817679558
2.0 0.41911636023377746 0.5834539143158262 0.012430939226519336 0.013812154696132596
2.0 0.42982250383436377 0.5639268284866392 0.008287292817679558 0.006906077348066298
7.0 0.4692367139510478 0.5083308898825674 0.009668508287292817 0.009668508287292817
8.0 0.40957034055441316 0.5804985986371963 0.006906077348066298 0.006906077348066298
