2.0 0.4697836834037309 0.4673861453239855 0.04096045197740113 0.038135593220338986
2.0 0.5001609673410188 0.5109498195187572 0.031073446327683617 0.02824858757062147
2.0 0.5513817234201766 0.5962493492973561 0.022598870056497175 0.01977401129943503
2.0 0.6343302187418999 0.7502158735541026 0.022598870056497175 0.01977401129943503
2.0 0.594459843542399 0.6732990665860873 0.01694915254237288 0.012711864406779662
2.0 0.4047983802552466 0.3694685664371827 0.0635593220338983 0.05790960451977401
7.0 0.5567443659708969 0.6939201737537372 0.1059322033898305 0.096045197740113
7.0 0.540308477748909 0.616150318167672 0.05367231638418079 0.046610169491525424
7.0 0.5685950720413802 0.6431105342629148 0.03389830508474576 0.03248587570621469
7.0 0.6186286017060212 0.7313884793803209 0.03389830508474576 0.031073446327683617
