8.0 0.31605759824295127 0.38103267018471826 0.07883817427385892 0.07607192254495158
8.0 0.3677083657556301 0.3855915214143136 0.0912863070539419 0.08852005532503458
8.0 0.36450233886281663 0.3285310798599012 0.07607192254495158 0.07607192254495158
8.0 0.39765382809379674 0.2857013113207049 0.07468879668049792 0.07192254495159059
8.0 0.4578943480681569 0.26950198671198894 0.08022130013831259 0.07883817427385892
8.0 0.42327731493845583 0.3341205774300359 0.08160442600276625 0.08022130013831259
9.0 0.4468311920536366 0.3609413052340605 0.16874135546334718 0.1632088520055325
1.0 0.24106478128983364 0.41703448367579454 0.08990318118948824 0.08852005532503458
1.0 0.49490674607102414 0.3093365695907663 0.09266943291839558 0.0912863070539419
1.0 0.56184029384356 0.32048058123805484 0.11203319502074689 0.11065006915629322
1.0 0.5281773712422931 0.2657183230968143 0.0912863070539419 0.08990318118948824
1.0 0.519029989802091 0.23785175214418677 0.08437067773167359 0.08160442600276625
1.0 0.6034486338091416 0.23445549458721676 0.0995850622406639 0.09681881051175657
7.0 0.23867506033265712 0.5066302794046798 0.09266943291839558 0.0912863070539419
7.0 0.2538202469847932 0.5566115830958892 0.11894882434301521 0.11618257261410789
7.0 0.3300514758566621 0.46463517169067875 0.0954356846473029 0.09266943291839558
7.0 0.3447405676323746 0.5157686008563486 0.12448132780082988 0.12309820193637622
7.0 0.34785593006464016 0.5875558446939043 0.14107883817427386 0.13692946058091288
7.0 0.3698310012471341 0.6695968040466541 0.1715076071922545 0.1673582295988935
7.0 0.4812137523846486 0.6063454891736739 0.17565698478561548 0.1715076071922545
7.0 0.6748228272371279 0.6433936705613794 0.18672199170124482 0.18118948824343015
2.0 0.40886863852743754 0.4227667483467763 0.09266943291839558 0.08852005532503458
2.0 0.45945684764865874 0.5019643182609566 0.1313969571230982 0.12586445366528354
2.0 0.5678121223416586 0.550966845432163 0.1673582295988935 0.1632088520055325
2.0 0.5688320500417039 0.4645116028751384 0.14107883817427386 0.13692946058091288
2.0 0.5052439642672037 0.4210454416644836 0.1078838174273859 0.10511756569847856
2.0 0.6081993260302387 0.37983247441473283 0.1272475795297372 0.12309820193637622
2.0 0.7032873418286378 0.41497373104304963 0.1632088520055325 0.16044260027662519
2.0 0.733032082759758 0.5257657843981629 0.1798063623789765 0.17565698478561548
1.0 0.4104024384262922 0.4654284500001939 0.12033195020746888 0.11618257261410789
