8 0.37864 0.45478 0.00909 0.01397
8 0.39295 0.44375 0.005 0.00956
8 0.35795 0.44706 0.00591 0.00882
8 0.35455 0.44338 0.00455 0.00882
8 0.51136 0.45993 0.00636 0.0125
8 0.4325 0.44669 0.005 0.00956
8 0.45273 0.44485 0.00455 0.00882
1 0.44591 0.46434 0.01 0.01691
9 0.44682 0.45074 0.00727 0.01324
1 0.53159 0.45184 0.005 0.00956
2 0.475 0.44816 0.00455 0.00956
8 0.14318 0.4511 0.00909 0.0125
1 0.48909 0.44522 0.00455 0.00809
8 0.37682 0.44338 0.00455 0.00882
8 0.17364 0.44522 0.00545 0.01103
1 0.54386 0.44743 0.005 0.00515
1 0.56977 0.44559 0.00227 0.00588
1 0.58977 0.44559 0.00227 0.00588
1 0.38636 0.44007 0.00273 0.00662
7 0.34068 0.44412 0.00318 0.00882
8 0.43 0.44265 0.00273 0.00588
