7.0 0.3548298435797455 0.7676316062083011 0.09401709401709402 0.07122507122507123
7.0 0.4405710056056643 0.5754841841389328 0.038461538461538464 0.03276353276353276
7.0 0.4452645350849974 0.5609038877168767 0.017094017094017096 0.014245014245014245
2.0 0.5772035640206844 0.39806354236985714 0.02564102564102564 0.022792022792022793
2.0 0.5210623500646474 0.45870136783288945 0.017094017094017096 0.01566951566951567
2.0 0.4920487530504861 0.48981082526889375 0.011396011396011397 0.009971509971509971
2.0 0.5112469423533906 0.46305675480750114 0.011396011396011397 0.008547008547008548
2.0 0.5217601191379309 0.44713175990674897 0.008547008547008548 0.005698005698005698
2.0 0.5181240620452687 0.4490056840664678 0.007122507122507123 0.005698005698005698
7.0 0.4714385630020179 0.5162950770733886 0.009971509971509971 0.008547008547008548
7.0 0.4846964932994613 0.49370621919555957 0.008547008547008548 0.005698005698005698
7.0 0.4809601904435425 0.49784280634370176 0.007122507122507123 0.005698005698005698
7.0 0.4741230054073356 0.5061063760575937 0.005698005698005698 0.004273504273504274
