8 0.45104 0.19456 0.05226 0.10227
8 0.49506 0.25307 0.06638 0.11302
8 0.55191 0.19579 0.05862 0.09306
8 0.62818 0.19011 0.05767 0.08784
8 0.7021 0.23802 0.06238 0.09582
8 0.60158 0.26275 0.06803 0.09552
9 0.59569 0.31281 0.1057 0.22574
1 0.3424 0.14988 0.06191 0.11486
1 0.69527 0.3145 0.06379 0.11978
1 0.74682 0.39527 0.08922 0.13391
1 0.77248 0.3082 0.06662 0.11456
1 0.79308 0.27227 0.05932 0.10596
1 0.87641 0.35765 0.07486 0.12377
7 0.24612 0.23203 0.06144 0.12316
7 0.20798 0.29515 0.09346 0.14189
7 0.37653 0.28824 0.05532 0.13299
7 0.33675 0.35197 0.09393 0.15418
7 0.26436 0.42307 0.10499 0.17353
7 0.19903 0.52365 0.13489 0.20455
7 0.37065 0.58077 0.1363 0.2113
7 0.51471 0.81895 0.12406 0.24355
2 0.49494 0.33139 0.04685 0.13329
2 0.45963 0.45931 0.09157 0.16554
2 0.51059 0.61932 0.12618 0.20731
2 0.60228 0.5387 0.09534 0.1812
2 0.58781 0.4309 0.06591 0.14865
2 0.72834 0.5 0.08333 0.16462
2 0.78131 0.63299 0.13136 0.1941
2 0.69315 0.76889 0.13677 0.21959
1 0.45162 0.37331 0.08545 0.15018
