2.0 0.6047693362245767 0.6293562234579482 0.09569377990430622 0.049441786283891544
2.0 0.6831029169462756 0.5842054721255421 0.04784688995215311 0.023923444976076555
2.0 0.6817247559720069 0.6738397949991052 0.06379585326953748 0.03189792663476874
2.0 0.6201349414831949 0.506579661941884 0.06379585326953748 0.02711323763955343
2.0 0.628922326522975 0.42560354120029625 0.04784688995215311 0.022328548644338118
2.0 0.6257119509196071 0.37759159003191495 0.04146730462519936 0.019138755980861243
2.0 0.6244623991444765 0.3312184437551879 0.03349282296650718 0.017543859649122806
2.0 0.6099001796301305 0.2730854411499981 0.03349282296650718 0.01594896331738437
2.0 0.579861736866613 0.2026902021415532 0.03349282296650718 0.017543859649122806
2.0 0.5468715722662436 0.13074413603486468 0.03668261562998405 0.019138755980861243
2.0 0.6045633196608463 0.17732061647460412 0.01594896331738437 0.007974481658692184
2.0 0.6159089023052873 0.2063801485758624 0.019138755980861243 0.009569377990430622
2.0 0.6445660198906946 0.300047208633811 0.019138755980861243 0.009569377990430622
2.0 0.6485698472730347 0.31880730585200806 0.02073365231259968 0.009569377990430622
2.0 0.6553333164599279 0.3478349759995996 0.023923444976076555 0.009569377990430622
2.0 0.6695425052203051 0.3856886018650575 0.023923444976076555 0.011164274322169059
2.0 0.6788732050696052 0.4167251882661408 0.023923444976076555 0.012759170653907496
2.0 0.6852077999501083 0.4460453074655636 0.023923444976076555 0.011164274322169059
2.0 0.6905439344695115 0.4792427913772655 0.028708133971291867 0.014354066985645933
2.0 0.6907320301356823 0.5159754402653308 0.03508771929824561 0.01594896331738437
2.0 0.6881570752672387 0.5404716639251067 0.03668261562998405 0.017543859649122806
7.0 0.21534300770619774 0.24536988728395875 0.12759170653907495 0.06220095693779904
7.0 0.477106449670769 0.26665138227806445 0.0861244019138756 0.04784688995215311
7.0 0.525818664852147 0.25125724497797375 0.0685805422647528 0.03508771929824561
7.0 0.5331031969435027 0.19881003722845467 0.05422647527910686 0.030303030303030304
7.0 0.5049368117443328 0.12972232290482943 0.03987240829346093 0.01594896331738437
7.0 0.7298425112162228 0.6676168320263888 0.03987240829346093 0.019138755980861243
7.0 0.7294489198428858 0.6244381734584223 0.03508771929824561 0.01594896331738437
7.0 0.7278854349936551 0.5882515915190158 0.02711323763955343 0.012759170653907496
7.0 0.7257960966786855 0.5482410184706843 0.023923444976076555 0.009569377990430622
7.0 0.7172817724262718 0.508861458259313 0.019138755980861243 0.007974481658692184
7.0 0.71056447458231 0.4762200424027156 0.017543859649122806 0.006379585326953748
7.0 0.689344701821376 0.41030953110311075 0.017543859649122806 0.007974481658692184
7.0 0.6761829087904777 0.3725472293131305 0.01594896331738437 0.007974481658692184
9.0 0.6726954208924694 0.33867686950435594 0.02711323763955343 0.011164274322169059
9.0 0.6712984089774432 0.3334631500586994 0.025518341307814992 0.009569377990430622
9.0 0.6503876091100201 0.2914536488318045 0.030303030303030304 0.011164274322169059
9.0 0.6493729748869657 0.28577395260692745 0.028708133971291867 0.012759170653907496
8.0 0.576824671100054 0.11929438578436119 0.019138755980861243 0.009569377990430622
2.0 0.6248796595911074 0.22850129202887312 0.01594896331738437 0.007974481658692184
2.0 0.6329792584276402 0.24923270714515233 0.017543859649122806 0.007974481658692184
7.0 0.7455399918163834 0.7698034124956066 0.051036682615629984 0.02711323763955343
2.0 0.638478865095342 0.27354357815733904 0.019138755980861243 0.009569377990430622
