7 0.26259 0.53732 0.11182 0.11947
7 0.31685 0.62853 0.11158 0.16738
7 0.45339 0.49908 0.10264 0.11916
7 0.61605 0.5559 0.09887 0.15602
7 0.72081 0.68197 0.10217 0.17598
7 0.60923 0.70531 0.12712 0.18458
7 0.89254 0.52902 0.08451 0.14834
8 0.33416 0.35688 0.07368 0.11609
8 0.28802 0.35872 0.05815 0.10197
8 0.24011 0.27994 0.06497 0.0992
8 0.26377 0.22727 0.04637 0.08907
8 0.37017 0.22113 0.04308 0.09029
8 0.5678 0.14496 0.04944 0.05405
1 0.14772 0.39235 0.09911 0.14343
9 0.55767 0.3191 0.07439 0.11364
2 0.70139 0.41907 0.07933 0.1336
2 0.76483 0.48986 0.07768 0.13759
2 0.8637 0.4441 0.06968 0.13145
2 0.7819 0.3707 0.06568 0.11732
2 0.67232 0.34291 0.06874 0.11579
2 0.61664 0.32832 0.06097 0.086
2 0.58357 0.39358 0.08616 0.09859
2 0.49612 0.28179 0.05155 0.05743
1 0.44115 0.19595 0.04143 0.08661
1 0.52354 0.1723 0.03955 0.06634
1 0.55473 0.21391 0.04449 0.09244
1 0.52166 0.24002 0.03013 0.08016
1 0.5891 0.28117 0.03084 0.0992
1 0.49753 0.34106 0.05956 0.0863
1 0.51754 0.44671 0.08781 0.13851
