7.0 0.5210984758681105 0.8167754118688909 0.04423076923076923 0.03076923076923077
7.0 0.5266236386974696 0.7186455772939909 0.026923076923076925 0.009615384615384616
2.0 0.5007029936712363 0.5402744804517887 0.01730769230769231 0.011538461538461539
2.0 0.46397060709866306 0.36478051271804707 0.04230769230769231 0.026923076923076925
2.0 0.5207122243587621 0.6287805972894622 0.013461538461538462 0.0057692307692307696
2.0 0.5302425478863453 0.6771730252263335 0.009615384615384616 0.0057692307692307696
2.0 0.5264021202157642 0.6438959047412252 0.011538461538461539 0.0019230769230769232
7.0 0.5330566919296348 0.7554619892752965 0.01730769230769231 0.007692307692307693
7.0 0.5372235493001942 0.7245070145327737 0.007692307692307693 0.0019230769230769232
9.0 0.5473194271535646 0.7426769691566175 0.011538461538461539 0.0038461538461538464
