2.0 0.27718408635710484 0.44283614473378335 0.0453857791225416 0.060514372163388806
2.0 0.4237979881371301 0.44847986208487206 0.01664145234493192 0.019667170953101363
7.0 0.6929375495247475 0.5804670064635306 0.03177004538577912 0.04387291981845688
7.0 0.6255330128616667 0.5335435497269612 0.01664145234493192 0.019667170953101363
7.0 0.611732258563287 0.5129962024087344 0.01361573373676248 0.01664145234493192
7.0 0.6494997797913769 0.5305470610849179 0.007564296520423601 0.01059001512859304
2.0 0.5174181372300035 0.4752657704407788 0.007564296520423601 0.012102874432677761
2.0 0.5731839096230088 0.49453993708983546 0.009077155824508321 0.009077155824508321
2.0 0.6107121813225119 0.506813383133723 0.0045385779122541605 0.007564296520423601
2.0 0.5940079968441168 0.4982606428019327 0.0045385779122541605 0.006051437216338881
7.0 0.6789359952415588 0.540319932731655 0.006051437216338881 0.009077155824508321
7.0 0.6454529634000324 0.5204478089468355 0.0045385779122541605 0.006051437216338881
9.0 0.6692146118895795 0.5243834778722541 0.006051437216338881 0.01059001512859304
