7.0 0.39874950377738083 0.3583615308861771 0.05263157894736842 0.023923444976076555
7.0 0.3952204716797822 0.3298223024107047 0.04784688995215311 0.022328548644338118
7.0 0.4386737505171505 0.14869061000490194 0.04784688995215311 0.025518341307814992
7.0 0.4025387274879018 0.29301350064942855 0.049441786283891544 0.023923444976076555
7.0 0.4070171133945248 0.25923111863406445 0.0430622009569378 0.022328548644338118
7.0 0.4070773664868198 0.43344894280256213 0.06060606060606061 0.028708133971291867
7.0 0.4230438136273075 0.19752562933430373 0.04784688995215311 0.022328548644338118
7.0 0.4444421359058634 0.5291160202823896 0.08452950558213716 0.0430622009569378
2.0 0.628358960559421 0.1802247408331599 0.1371610845295056 0.06698564593301436
1.0 0.34820262744718194 0.38773813826673126 0.02711323763955343 0.014354066985645933
7.0 0.5427612319376486 0.6816946238457215 0.14992025518341306 0.07655502392344497
1.0 0.3192693733815951 0.45590178665588754 0.022328548644338118 0.011164274322169059
