2.0 0.5910202534514137 0.5463771355529286 0.01744186046511628 0.023255813953488372
2.0 0.53516156785626 0.5062476968931208 0.010174418604651164 0.014534883720930232
2.0 0.4726843755356882 0.47164940076282613 0.007267441860465116 0.010174418604651164
7.0 0.40040778800664917 0.460004508713463 0.024709302325581394 0.029069767441860465
7.0 0.4203607965469918 0.4551204185059686 0.01308139534883721 0.01744186046511628
7.0 0.23642182465653394 0.37614045580221633 0.011627906976744186 0.015988372093023256
7.0 0.3723246368782688 0.4327996390350343 0.007267441860465116 0.011627906976744186
7.0 0.31221827287124426 0.4076947179616334 0.00872093023255814 0.01308139534883721
2.0 0.31836463009310106 0.40867992920685214 0.005813953488372093 0.00872093023255814
2.0 0.40125758908425324 0.4423215924774807 0.007267441860465116 0.00872093023255814
