7.0 0.35996198634823706 0.584416013682979 0.03717472118959108 0.05947955390334572
7.0 0.41604277444285204 0.5387358410411378 0.016728624535315983 0.026022304832713755
2.0 0.747772317241358 0.5577830152265867 0.024163568773234202 0.040892193308550186
2.0 0.6098860709519037 0.5303304254940859 0.01486988847583643 0.024163568773234202
2.0 0.5476069630272762 0.5199286179980322 0.0055762081784386614 0.016728624535315983
2.0 0.595597860083857 0.5139065593537125 0.00929368029739777 0.013011152416356878
2.0 0.6227874226138085 0.5079263756824697 0.0055762081784386614 0.011152416356877323
7.0 0.4135546544385609 0.5283548807626713 0.0055762081784386614 0.01486988847583643
7.0 0.5020430884428585 0.5142543180973784 0.0055762081784386614 0.01486988847583643
7.0 0.5393741611894026 0.5073995679978246 0.0055762081784386614 0.00929368029739777
2.0 0.6172691875572487 0.5019163836849523 0.0037174721189591076 0.00929368029739777
2.0 0.5776332834965894 0.5018875300566032 0.0055762081784386614 0.007434944237918215
7.0 0.532746215422022 0.5049451659892223 0.0037174721189591076 0.00929368029739777
7.0 0.518872570125476 0.5046144463653185 0.0018587360594795538 0.0055762081784386614
