2.0 0.4911490974697819 0.3997525174973146 0.01601423487544484 0.008896797153024912
2.0 0.5064615150672906 0.532628454401981 0.028469750889679714 0.017793594306049824
1.0 0.5464054084873115 0.8902700298222186 0.02491103202846975 0.012455516014234875
8.0 0.5497839981206176 0.8807544232667945 0.03202846975088968 0.019572953736654804
8.0 0.5118619690459317 0.5807855564849231 0.012455516014234875 0.005338078291814947
8.0 0.5048930671122935 0.5209304542187633 0.010676156583629894 0.0071174377224199285
8.0 0.5008338342020114 0.4951214176990479 0.010676156583629894 0.008896797153024912
8.0 0.4936707255266015 0.4269689911359945 0.012455516014234875 0.008896797153024912
8.0 0.49110473981935304 0.40891768214998 0.010676156583629894 0.005338078291814947
8.0 0.46934091242752607 0.2306974513000191 0.017793594306049824 0.010676156583629894
7.0 0.4818522218085117 0.33056020953989335 0.02491103202846975 0.017793594306049824
9.0 0.5101870173970491 0.5488998423320002 0.021352313167259787 0.014234875444839857
