2.0 0.6033798846590693 0.4606275914198379 0.028735632183908046 0.028735632183908046
2.0 0.5529585032627794 0.467246626568334 0.01293103448275862 0.01293103448275862
2.0 0.5230439846319571 0.4764017075343711 0.007183908045977011 0.007183908045977011
7.0 0.39763453636906404 0.5688033056827804 0.027298850574712645 0.034482758620689655
7.0 0.4348208443784188 0.5324201976269007 0.014367816091954023 0.014367816091954023
8.0 0.2860153265887231 0.6167548367536907 0.017241379310344827 0.015804597701149427
1.0 0.32825839513796995 0.5846843254619256 0.010057471264367816 0.011494252873563218
1.0 0.34519276257224235 0.5759198574694295 0.011494252873563218 0.014367816091954023
1.0 0.38041278810459306 0.547733871610173 0.007183908045977011 0.008620689655172414
1.0 0.38907637564684117 0.5423175723410026 0.007183908045977011 0.005747126436781609
1.0 0.3977459870455507 0.5365783205346978 0.004310344827586207 0.005747126436781609
7.0 0.4511252914193818 0.5128688944290402 0.008620689655172414 0.011494252873563218
7.0 0.45687753228078365 0.5056599743747641 0.008620689655172414 0.008620689655172414
2.0 0.5089348972497205 0.4768041057777022 0.005747126436781609 0.008620689655172414
1.0 0.5025781669093006 0.4787800969311705 0.004310344827586207 0.004310344827586207
