9.0 0.5647548492856692 0.44318133666049064 0.012903225806451613 0.017741935483870968
2.0 0.5898514477094844 0.4391113464748135 0.017741935483870968 0.025806451612903226
8.0 0.5061589335461156 0.4618591370032553 0.0064516129032258064 0.008064516129032258
8.0 0.44282846462267966 0.4801513932487155 0.00967741935483871 0.012903225806451613
8.0 0.2678842871774568 0.5387830570781225 0.012903225806451613 0.017741935483870968
1.0 0.2482129498210072 0.5436876723344606 0.01129032258064516 0.014516129032258065
7.0 0.3990934326944121 0.49637505756515654 0.016129032258064516 0.02258064516129032
2.0 0.4299252962767708 0.48117270899141795 0.004838709677419355 0.008064516129032258
8.0 0.8184674230527029 0.3792938826826173 0.017741935483870968 0.02258064516129032
1.0 0.8314699648124083 0.37949037794610385 0.01935483870967742 0.017741935483870968
8.0 0.5316100751333299 0.4545687477047327 0.0032258064516129032 0.004838709677419355
7.0 0.49125959602994745 0.4649441544055123 0.008064516129032258 0.01129032258064516
8.0 0.5188627572421362 0.4561810102291546 0.0032258064516129032 0.0064516129032258064
8.0 0.517007403755316 0.45727340647292714 0.004838709677419355 0.0064516129032258064
8.0 0.458154266340629 0.47413443626307633 0.004838709677419355 0.008064516129032258
7.0 0.44741617087469304 0.47837774494693425 0.004838709677419355 0.0064516129032258064
1.0 0.5571381241303084 0.4460165956543432 0.004838709677419355 0.004838709677419355
8.0 0.600406240345291 0.43334773953251055 0.004838709677419355 0.008064516129032258
8.0 0.6025218040720048 0.43251387879531605 0.0032258064516129032 0.004838709677419355
1.0 0.6265216444890571 0.4271513403060706 0.0032258064516129032 0.0064516129032258064
8.0 0.5685819622510037 0.4437846201413429 0.004838709677419355 0.01129032258064516
8.0 0.4866718897779342 0.4667178027072937 0.0032258064516129032 0.008064516129032258
8.0 0.2629958813454811 0.537814578963806 0.0064516129032258064 0.00967741935483871
