7 0.2003 0.75 0.04309 0.16346
7 0.66212 0.41226 0.02474 0.10096
7 0.72739 0.35637 0.02304 0.07812
7 0.68857 0.28425 0.00939 0.03966
7 0.62564 0.26863 0.00555 0.02764
7 0.59066 0.26142 0.00469 0.02284
7 0.54117 0.25481 0.00555 0.02404
7 0.50107 0.25421 0.00469 0.02284
7 0.45947 0.25541 0.00597 0.02284
7 0.40038 0.25841 0.00555 0.02404
7 0.34279 0.26562 0.0064 0.02644
7 0.27496 0.27224 0.0064 0.02284
7 0.20968 0.27704 0.0064 0.02524
7 0.15486 0.28125 0.00768 0.02404
7 0.11241 0.28005 0.00725 0.02644
7 0.13268 0.27224 0.00512 0.02043
7 0.8477 0.25962 0.00512 0.02644
7 0.81549 0.25721 0.00555 0.02163
7 0.78626 0.2506 0.00512 0.02043
2 0.91745 0.27704 0.00981 0.03486
2 0.88545 0.29688 0.01237 0.04567
2 0.83298 0.26863 0.00811 0.03245
2 0.79458 0.27644 0.00811 0.03606
2 0.7773 0.26022 0.00683 0.02764
2 0.74531 0.25481 0.00512 0.02644
2 0.7291 0.26502 0.00768 0.02524
2 0.67044 0.25721 0.00555 0.02163
2 0.63055 0.25361 0.00512 0.02163
2 0.58703 0.247 0.00341 0.02043
2 0.65956 0.24399 0.00427 0.01923
2 0.72398 0.2512 0.00427 0.01923
2 0.33191 0.25481 0.00597 0.01923
2 0.42086 0.2488 0.00469 0.01923
2 0.38204 0.2512 0.00469 0.02163
7 0.73038 0.30769 0.01195 0.04808
2 0.5369 0.24399 0.00299 0.01923
