7 0.44454 0.41647 0.0256 0.09255
7 0.53392 0.28786 0.00725 0.03486
7 0.54778 0.26683 0.00512 0.02644
7 0.55887 0.2512 0.00341 0.01923
7 0.75128 0.32873 0.01451 0.07572
7 0.70435 0.29387 0.01365 0.05649
7 0.68153 0.27464 0.00811 0.04447
7 0.64761 0.2494 0.00512 0.02764
7 0.56314 0.24399 0.00256 0.01683
7 0.88247 0.25661 0.00555 0.02043
7 0.83191 0.2494 0.00427 0.01803
7 0.782 0.24219 0.00512 0.01562
7 0.74275 0.23798 0.00427 0.01442
7 0.74765 0.23257 0.00299 0.01322
7 0.72867 0.23618 0.00256 0.01322
8 0.92683 0.47656 0.02688 0.16707
8 0.82722 0.31731 0.02133 0.06971
8 0.80823 0.27825 0.01323 0.04688
8 0.79693 0.26022 0.01024 0.03726
8 0.7564 0.2482 0.00597 0.02524
8 0.81869 0.24159 0.00512 0.02163
8 0.84514 0.25481 0.00597 0.02885
8 0.64526 0.23017 0.00299 0.01562
8 0.73677 0.23017 0.00341 0.01562
8 0.72547 0.23918 0.00469 0.02163
9 0.62777 0.23438 0.00384 0.02404
9 0.56506 0.23798 0.00384 0.02404
2 0.64889 0.26923 0.00683 0.02644
2 0.90572 0.51863 0.05205 0.14303
2 0.8558 0.25962 0.00683 0.01923
2 0.74317 0.35637 0.02133 0.06851
2 0.62905 0.24459 0.00469 0.01803
2 0.67577 0.29567 0.01024 0.03846
2 0.62287 0.23798 0.00427 0.01683
2 0.62031 0.23438 0.00256 0.01442
7 0.50725 0.32572 0.01195 0.05048
2 0.61775 0.23017 0.00256 0.01322
2 0.60687 0.22716 0.00299 0.01202
2 0.92961 0.32692 0.01877 0.05529
2 0.86583 0.30349 0.01408 0.04688
7 0.22483 0.72897 0.06143 0.20312
2 0.83468 0.28786 0.00981 0.03726
2 0.83042 0.27163 0.00555 0.02404
2 0.63567 0.2524 0.00597 0.02404
2 0.84343 0.27224 0.00939 0.03005
2 0.86689 0.26923 0.00768 0.02644
7 0.93003 0.26442 0.00683 0.02404
2 0.87393 0.26803 0.0064 0.02404
2 0.7628 0.24519 0.00512 0.01923
2 0.81442 0.2524 0.00597 0.02163
2 0.71907 0.23978 0.00469 0.01562
2 0.69326 0.23498 0.00341 0.01562
