9.0 0.4872542159060086 0.5768150963235136 0.07456140350877193 0.05555555555555555
1.0 0.47869260318907936 0.6044598779695243 0.03508771929824561 0.03216374269005848
9.0 0.37132710745014513 0.29833607488609076 0.027777777777777776 0.02046783625730994
1.0 0.35663739123881305 0.28203172408585736 0.029239766081871343 0.023391812865497075
9.0 0.44480404338650037 0.470330418625091 0.029239766081871343 0.021929824561403508
9.0 0.44226036426160187 0.4475274005732851 0.023391812865497075 0.017543859649122806
7.0 0.39294747136584357 0.3250766871085085 0.013157894736842105 0.01023391812865497
2.0 0.43614424966527393 0.4230688503565681 0.01023391812865497 0.011695906432748537
8.0 0.36144420070474814 0.24542487236646288 0.008771929824561403 0.01023391812865497
8.0 0.37562798146381454 0.2682221707069694 0.007309941520467836 0.007309941520467836
1.0 0.3793459983043926 0.2720886381673292 0.005847953216374269 0.0043859649122807015
1.0 0.3876813103383752 0.28979327628333706 0.007309941520467836 0.005847953216374269
7.0 0.40336819004348606 0.33703375932818436 0.01023391812865497 0.007309941520467836
7.0 0.40718900519752543 0.3423575016692608 0.007309941520467836 0.007309941520467836
2.0 0.4302064049997258 0.4002223147674863 0.005847953216374269 0.005847953216374269
2.0 0.43297275228035004 0.39773210701070005 0.005847953216374269 0.0029239766081871343
