7.0 0.5176526082227639 0.3837514662482759 0.06228373702422145 0.0328719723183391
7.0 0.49114859575582287 0.3710813847957434 0.02249134948096886 0.01903114186851211
2.0 0.4634441373307578 0.5916314243933455 0.02249134948096886 0.01730103806228374
2.0 0.5037321105678775 0.7869761865579236 0.05709342560553633 0.0328719723183391
2.0 0.45376294117002247 0.5154622353577304 0.020761245674740483 0.010380622837370242
2.0 0.44590859343229505 0.5619288748207113 0.015570934256055362 0.006920415224913495
2.0 0.4425075918650003 0.5884832455532016 0.010380622837370242 0.006920415224913495
7.0 0.44103914951885215 0.5006587782760826 0.010380622837370242 0.006920415224913495
7.0 0.451173008312581 0.46833281466961024 0.010380622837370242 0.006920415224913495
9.0 0.44061531220522065 0.4568930358765081 0.015570934256055362 0.006920415224913495
7.0 0.47035690183371653 0.3809688082948652 0.01730103806228374 0.006920415224913495
7.0 0.4411273417504926 0.5047412322508786 0.006920415224913495 0.005190311418685121
2.0 0.43830148234102834 0.5716297683208998 0.006920415224913495 0.0017301038062283738
