2.0 0.6014487407860986 0.5907116728484099 0.0785413744740533 0.06451612903225806
2.0 0.5928316556080576 0.4858605986889735 0.05049088359046283 0.04207573632538569
2.0 0.5816695027851948 0.43907119200455424 0.04207573632538569 0.03506311360448808
2.0 0.5738477046722745 0.3970523062409513 0.0364656381486676 0.030855539971949508
2.0 0.5575290044523984 0.36547135667153424 0.0364656381486676 0.03225806451612903
2.0 0.5293303514387436 0.3244483328667308 0.033660589060308554 0.029453015427769985
2.0 0.5027838660783522 0.28955323711728026 0.033660589060308554 0.029453015427769985
2.0 0.41703582565776665 0.19869171819861517 0.03927068723702665 0.03225806451612903
7.0 0.20342746573470055 0.3510671153460248 0.15287517531556802 0.1276297335203366
7.0 0.3660135627995867 0.3101498842028316 0.08695652173913043 0.07012622720897616
7.0 0.38095551532443933 0.2645345871852639 0.06872370266479663 0.05750350631136045
7.0 0.36291337026584797 0.21769731110184612 0.0546984572230014 0.04488078541374474
