9 0.09852 0.62009 0.06897 0.10442
2 0.72987 0.47835 0.03037 0.02488
2 0.62418 0.41999 0.01813 0.01505
2 0.61982 0.39604 0.01365 0.01198
2 0.5911 0.37991 0.00753 0.00921
2 0.57815 0.36548 0.00612 0.01106
7 0.3444 0.44886 0.02307 0.03593
7 0.41337 0.40326 0.01271 0.02211
7 0.43738 0.38498 0.01365 0.01136
7 0.46128 0.36916 0.00683 0.0129
7 0.47163 0.35903 0.00636 0.01044
7 0.47375 0.35335 0.00683 0.00645
7 0.48552 0.34736 0.004 0.00737
1 0.57062 0.35872 0.00518 0.00614
2 0.56415 0.35243 0.00447 0.00829
1 0.22528 0.36026 0.0113 0.00921
1 0.2779 0.36517 0.01059 0.01536
1 0.31532 0.35012 0.00589 0.01167
1 0.32757 0.34905 0.00871 0.00768
1 0.34487 0.34705 0.00847 0.00737
8 0.36747 0.34475 0.00753 0.00584
8 0.38995 0.34076 0.00683 0.00584
8 0.19656 0.37439 0.01648 0.01351
8 0.09098 0.39235 0.02236 0.01628
8 0.40513 0.33738 0.00565 0.00461
7 0.49 0.34321 0.00353 0.00706
2 0.55956 0.34905 0.0033 0.00706
