2.0 0.6481805252382947 0.4566392845874745 0.05413105413105413 0.06552706552706553
2.0 0.6116207035397633 0.4373135362593891 0.018518518518518517 0.021367521367521368
7.0 0.45052702730312516 0.5206560023796503 0.021367521367521368 0.024216524216524215
7.0 0.3508308392663987 0.588064258886634 0.03561253561253561 0.039886039886039885
2.0 0.566977991454346 0.45537354130893587 0.011396011396011397 0.014245014245014245
7.0 0.4731158851809541 0.5073980720822069 0.009971509971509971 0.01282051282051282
7.0 0.4762227165925935 0.5070884060293808 0.005698005698005698 0.008547008547008548
7.0 0.5225821324579881 0.4761101367507786 0.005698005698005698 0.007122507122507123
7.0 0.5451839477960726 0.46158512150512715 0.004273504273504274 0.007122507122507123
7.0 0.5430640281236813 0.46192293204049867 0.004273504273504274 0.005698005698005698
2.0 0.5421707639986812 0.4655908900187597 0.007122507122507123 0.008547008547008548
2.0 0.5718592512321171 0.4483733880828013 0.008547008547008548 0.011396011396011397
2.0 0.5938672924256637 0.4364004133690875 0.007122507122507123 0.009971509971509971
2.0 0.5951727149984033 0.4337441049313983 0.004273504273504274 0.005698005698005698
2.0 0.5734508027998729 0.4452303311698903 0.004273504273504274 0.005698005698005698
7.0 0.5365295474771905 0.46553441929661815 0.004273504273504274 0.005698005698005698
