7 0.33205 0.5114 0.02409 0.04338
2 0.54409 0.50257 0.01545 0.02721
2 0.40682 0.49449 0.00909 0.01691
7 0.27455 0.49963 0.01273 0.02721
7 0.20227 0.5011 0.01091 0.02132
1 0.67409 0.48934 0.01182 0.02279
2 0.25432 0.49449 0.00591 0.01397
2 0.31682 0.49485 0.00636 0.01618
7 0.13932 0.50625 0.005 0.01544
1 0.79636 0.47978 0.01091 0.02574
7 0.1925 0.49779 0.00591 0.01176
7 0.21523 0.49301 0.005 0.00956
7 0.17705 0.49449 0.00318 0.00809
2 0.27977 0.49191 0.005 0.01324
2 0.2875 0.49081 0.00318 0.00956
1 0.75114 0.48162 0.01136 0.025
