7.0 0.3084422386762285 0.5837305581210733 0.01308139534883721 0.014534883720930232
7.0 0.347488702790744 0.5552409820226955 0.00872093023255814 0.01308139534883721
7.0 0.3766904425861091 0.5377226587262893 0.010174418604651164 0.01308139534883721
7.0 0.28668538218652073 0.6034022869275821 0.01308139534883721 0.015988372093023256
2.0 0.2892666464281374 0.6093534769780365 0.015988372093023256 0.0188953488372093
2.0 0.4616950309687419 0.5433044086549277 0.02180232558139535 0.023255813953488372
2.0 0.6945249498863699 0.45771292399862756 0.02616279069767442 0.030523255813953487
8.0 0.40623704777147385 0.522667911438182 0.010174418604651164 0.01308139534883721
8.0 0.5321321369609279 0.4704146855754871 0.011627906976744186 0.014534883720930232
8.0 0.7034213814033453 0.39767127605425945 0.015988372093023256 0.0188953488372093
8.0 0.7010980939716153 0.37440817461052234 0.011627906976744186 0.014534883720930232
8.0 0.5733862469023155 0.43022637854972123 0.01308139534883721 0.01744186046511628
7.0 0.3225848350442751 0.5553767869593734 0.011627906976744186 0.01308139534883721
1.0 0.45782704637328075 0.48315996911964304 0.010174418604651164 0.01308139534883721
7.0 0.39233349156085 0.5158707786491465 0.00872093023255814 0.011627906976744186
