1.0 0.3523908677624464 0.6987298963755982 0.013927576601671309 0.013927576601671309
2.0 0.5743136214076879 0.3976438191330413 0.02924791086350975 0.026462395543175487
7.0 0.4394008806746102 0.5873621584316624 0.033426183844011144 0.03064066852367688
7.0 0.45658597838394605 0.5427918800297 0.012534818941504178 0.012534818941504178
1.0 0.528193303731138 0.44305407526658586 0.009749303621169917 0.009749303621169917
1.0 0.32658319129923963 0.745811828174571 0.020891364902506964 0.019498607242339833
8.0 0.3841808597764995 0.6435623961332783 0.012534818941504178 0.012534818941504178
8.0 0.41462280902550186 0.5930970228726812 0.009749303621169917 0.009749303621169917
8.0 0.43067996150562854 0.5661512468236953 0.005571030640668524 0.005571030640668524
7.0 0.46607334911588094 0.5191471441981563 0.009749303621169917 0.008356545961002786
7.0 0.46970713187942736 0.511090849719087 0.006963788300835654 0.006963788300835654
2.0 0.5114036447696164 0.4568762220606342 0.008356545961002786 0.008356545961002786
