7.0 0.6978505816653839 0.4894141012385464 0.03129890453834116 0.04225352112676056
7.0 0.4698714016615229 0.5092112369014169 0.01564945226917058 0.023474178403755867
2.0 0.3426518134631882 0.577674338230852 0.051643192488262914 0.0782472613458529
2.0 0.2749428141541303 0.5604869115209252 0.025039123630672927 0.03599374021909233
2.0 0.26242840475714935 0.5550713263370228 0.014084507042253521 0.02034428794992175
2.0 0.3122478415495877 0.5367650403613891 0.00782472613458529 0.012519561815336464
7.0 0.40853148631502195 0.5134864658899737 0.009389671361502348 0.01564945226917058
9.0 0.46556564036325127 0.49512772628439733 0.00782472613458529 0.017214397496087636
8.0 0.2808521854111349 0.5331170485477034 0.00782472613458529 0.010954616588419406
7.0 0.40444303256942904 0.5125831248465241 0.004694835680751174 0.009389671361502348
