7 0.8663 0.37174 0.02507 0.08913
7 0.11351 0.2337 0.00696 0.02609
7 0.64415 0.50598 0.04178 0.14674
7 0.33478 0.20761 0.00592 0.02391
7 0.85306 0.175 0.00557 0.02391
2 0.34836 0.19457 0.00522 0.01957
7 0.67409 0.17228 0.00418 0.01848
7 0.40442 0.19511 0.00522 0.02065
2 0.90077 0.16685 0.00487 0.02065
2 0.70073 0.16739 0.00453 0.01739
7 0.52629 0.18098 0.00453 0.0163
2 0.50714 0.17446 0.00383 0.01413
2 0.82712 0.16685 0.00522 0.01848
7 0.94098 0.17391 0.00662 0.02391
7 0.62204 0.17554 0.00383 0.0163
2 0.09645 0.22228 0.00348 0.01848
2 0.07747 0.22609 0.00383 0.01522
2 0.4079 0.18696 0.00383 0.01739
7 0.1579 0.20924 0.00383 0.01196
2 0.23294 0.20435 0.00348 0.01304
2 0.70839 0.16359 0.00383 0.01413
2 0.20508 0.21304 0.00627 0.02174
7 0.22946 0.2212 0.00627 0.025
7 0.60776 0.16685 0.00244 0.01196
2 0.65146 0.16685 0.00348 0.01413
2 0.47824 0.17989 0.00453 0.0163
2 0.62552 0.17065 0.00383 0.01522
2 0.13841 0.2163 0.00522 0.01957
7 0.79422 0.17446 0.00487 0.01848
2 0.28081 0.20489 0.00592 0.02065
7 0.5719 0.17717 0.00453 0.01739
7 0.05571 0.22717 0.00418 0.01739
2 0.79161 0.15815 0.00383 0.01196
2 0.59767 0.16685 0.00313 0.01413
7 0.51062 0.17174 0.00313 0.01304
7 0.75575 0.15761 0.00313 0.01087
2 0.84976 0.15761 0.00383 0.01087
2 0.1835 0.2125 0.00418 0.01413
2 0.78116 0.16467 0.00453 0.01848
7 0.73851 0.17065 0.00487 0.01957
2 0.42967 0.18098 0.00348 0.01196
7 0.80292 0.15652 0.00418 0.0087
2 0.74965 0.16033 0.00487 0.01413
7 0.21831 0.20109 0.00418 0.01304
7 0.10568 0.21902 0.00383 0.01413
7 0.31006 0.18967 0.00313 0.01413
7 0.46919 0.18696 0.00383 0.01739
2 0.55066 0.17446 0.00383 0.0163
2 0.39432 0.18533 0.00313 0.00978
2 0.29231 0.19674 0.00383 0.01087
2 0.47162 0.17772 0.00244 0.01413
2 0.13301 0.22011 0.00348 0.01413
7 0.37831 0.18207 0.00244 0.01196
2 0.543 0.1712 0.00244 0.01196
7 0.3407 0.18696 0.00313 0.01087
7 0.09349 0.225 0.00244 0.01304
7 0.27803 0.19293 0.00244 0.01196
