2 0.57225 0.61141 0.02681 0.12717
7 0.17688 0.53587 0.02786 0.10217
2 0.89955 0.52663 0.03099 0.09457
7 0.82556 0.41141 0.00905 0.03804
7 0.31581 0.46359 0.01811 0.06413
2 0.586 0.49348 0.02298 0.07826
7 0.11281 0.42989 0.01253 0.04891
2 0.6828 0.42283 0.01045 0.04348
7 0.24408 0.41902 0.00975 0.04022
7 0.73659 0.38913 0.00592 0.02609
7 0.92845 0.44511 0.01428 0.05109
7 0.32208 0.41957 0.00975 0.0413
7 0.79074 0.3962 0.00696 0.02935
2 0.56285 0.42826 0.01219 0.04348
2 0.52559 0.39565 0.00522 0.02391
7 0.36438 0.42609 0.01079 0.04565
2 0.06877 0.4087 0.0087 0.03261
7 0.09471 0.4038 0.00696 0.025
7 0.65251 0.38859 0.00557 0.02283
2 0.65895 0.40598 0.00801 0.03152
2 0.45578 0.4087 0.00836 0.03261
2 0.59088 0.39674 0.00557 0.02826
2 0.30292 0.40761 0.00696 0.03043
2 0.51288 0.4125 0.00975 0.03804
2 0.35829 0.39837 0.00557 0.025
2 0.44795 0.39565 0.00522 0.02391
2 0.75731 0.4587 0.01671 0.06087
2 0.17601 0.40543 0.00662 0.02826
7 0.46692 0.38967 0.00487 0.02065
2 0.21031 0.40978 0.00836 0.03261
7 0.56354 0.38913 0.00522 0.02174
7 0.17845 0.39891 0.00383 0.02391
2 0.371 0.40761 0.00731 0.03043
7 0.36821 0.39185 0.00313 0.02065
2 0.10916 0.41413 0.00592 0.03478
2 0.27263 0.39946 0.00557 0.025
7 0.2749 0.39457 0.00313 0.02174
2 0.65616 0.39728 0.00453 0.02717
