7 0.29892 0.40924 0.01079 0.04457
7 0.28238 0.45326 0.01462 0.06304
7 0.32799 0.54783 0.02437 0.10652
2 0.62465 0.50815 0.02437 0.08587
2 0.68976 0.43478 0.01114 0.04783
2 0.79318 0.38967 0.00627 0.025
7 0.88875 0.41413 0.0087 0.03478
2 0.48834 0.38424 0.00662 0.02717
7 0.83235 0.41522 0.00731 0.03696
7 0.45665 0.36848 0.00522 0.02391
2 0.80136 0.46359 0.01706 0.06196
2 0.53308 0.37826 0.00627 0.02609
7 0.52315 0.36576 0.00453 0.02065
2 0.86542 0.6712 0.05188 0.15761
2 0.69551 0.39457 0.00731 0.03043
7 0.32939 0.38641 0.00766 0.0337
2 0.64467 0.41522 0.0087 0.03913
8 0.20317 0.33967 0.00522 0.0163
7 0.83948 0.42772 0.01045 0.04457
2 0.47981 0.39837 0.00836 0.0337
2 0.89189 0.40054 0.00383 0.025
2 0.58374 0.37554 0.00522 0.02283
7 0.65616 0.37065 0.00453 0.01957
8 0.14728 0.34022 0.00557 0.01957
8 0.09784 0.34348 0.00557 0.02174
7 0.84227 0.39076 0.00487 0.02065
2 0.47075 0.41902 0.00975 0.03804
7 0.93471 0.40217 0.00592 0.02174
2 0.51323 0.45163 0.01602 0.05978
2 0.6539 0.4038 0.00696 0.0337
2 0.62813 0.37391 0.00487 0.02174
2 0.81964 0.39728 0.00696 0.02717
2 0.74739 0.39239 0.00662 0.02826
2 0.70317 0.38043 0.00522 0.02391
7 0.74199 0.3788 0.00487 0.02065
7 0.58165 0.36576 0.00313 0.02065
7 0.38753 0.37391 0.00627 0.02609
7 0.09993 0.77989 0.03064 0.13587
