7.0 0.3732371244610374 0.43198976362888497 0.054929577464788736 0.06901408450704226
7.0 0.42069943389230213 0.38789284191720613 0.030985915492957747 0.038028169014084505
7.0 0.4827421522548722 0.40704716153187054 0.022535211267605635 0.029577464788732393
7.0 0.5553103954292925 0.43708482405792465 0.018309859154929577 0.022535211267605635
7.0 0.6039450005999765 0.4594947387600503 0.014084507042253521 0.01971830985915493
7.0 0.6643571079610382 0.49834697712449655 0.014084507042253521 0.016901408450704224
7.0 0.7177647921061442 0.5339012034826622 0.014084507042253521 0.016901408450704224
7.0 0.7483027757484811 0.5526030909656242 0.011267605633802818 0.014084507042253521
7.0 0.7716921953303545 0.5650740767189946 0.011267605633802818 0.014084507042253521
7.0 0.7824825696512555 0.5695166106022942 0.009859154929577466 0.011267605633802818
7.0 0.800677335082502 0.5780053480660596 0.009859154929577466 0.011267605633802818
2.0 0.5579113063343498 0.5149498142670116 0.04084507042253521 0.05070422535211268
2.0 0.5872280943255781 0.5002178416778111 0.029577464788732393 0.036619718309859155
2.0 0.6210886527721582 0.5036771297251469 0.022535211267605635 0.029577464788732393
2.0 0.6744794688446856 0.5264507853319815 0.018309859154929577 0.023943661971830985
2.0 0.5987377007627082 0.6308890019427433 0.06901408450704226 0.08591549295774648
2.0 0.6982521179846611 0.5675369176468571 0.02535211267605634 0.030985915492957747
2.0 0.729307410112358 0.5601186233589409 0.015492957746478873 0.02112676056338028
2.0 0.713295773480378 0.6065277545471944 0.03380281690140845 0.04366197183098591
2.0 0.748256365151038 0.5903922577171467 0.02112676056338028 0.028169014084507043
2.0 0.7758965142366858 0.588707705386793 0.015492957746478873 0.018309859154929577
2.0 0.8079813323949578 0.6046778575037559 0.014084507042253521 0.018309859154929577
2.0 0.7985162873808618 0.6247714131399568 0.018309859154929577 0.023943661971830985
