7 0.67288 0.46413 0.04004 0.13478
7 0.73538 0.27283 0.01184 0.04783
7 0.65843 0.25924 0.00905 0.04022
7 0.18245 0.30598 0.00975 0.03587
7 0.07364 0.33478 0.01219 0.0413
7 0.47998 0.2587 0.00731 0.03261
7 0.57086 0.25543 0.00801 0.03478
7 0.27037 0.28696 0.0087 0.03261
8 0.88579 0.21576 0.00766 0.02935
2 0.50923 0.24348 0.00662 0.02826
7 0.37674 0.26902 0.00696 0.03152
7 0.19116 0.60109 0.05014 0.17391
2 0.13858 0.30054 0.00836 0.03152
8 0.89432 0.20163 0.00592 0.025
8 0.92827 0.19022 0.00487 0.02174
2 0.74582 0.24022 0.00975 0.03696
2 0.62483 0.23804 0.00731 0.03043
2 0.38231 0.25707 0.00627 0.02717
7 0.78987 0.30435 0.0094 0.06739
2 0.25017 0.27826 0.00662 0.02826
2 0.86299 0.25272 0.01079 0.04457
9 0.80205 0.32609 0.01706 0.13478
8 0.87187 0.2375 0.01045 0.03804
8 0.89972 0.19239 0.00557 0.01957
7 0.79614 0.36522 0.01706 0.09348
9 0.77942 0.35598 0.03726 0.16196
1 0.92009 0.18641 0.00313 0.0163
