7.0 0.4860963332017589 0.29670403891194413 0.036061026352288486 0.0319001386962552
7.0 0.700671466975982 0.5572304232595808 0.016643550624133148 0.013869625520110958
7.0 0.6306669900888405 0.45878867367825255 0.022191400832177532 0.019417475728155338
7.0 0.54426083715222 0.3552172611128604 0.027739251040221916 0.024965325936199722
2.0 0.6562134038228123 0.539665911874434 0.030513176144244106 0.027739251040221916
2.0 0.491064410572216 0.4347096429367756 0.0638002773925104 0.05825242718446602
7.0 0.6685986629951055 0.5111969040330728 0.019417475728155338 0.018030513176144243
2.0 0.7044059402376937 0.5958953539401081 0.023578363384188627 0.020804438280166437
7.0 0.5880122885056378 0.4019448956916256 0.023578363384188627 0.020804438280166437
2.0 0.7757742761613028 0.6833571973605154 0.016643550624133148 0.015256588072122053
2.0 0.7456155497193467 0.6462112404322605 0.019417475728155338 0.018030513176144243
2.0 0.585707855652016 0.46584863650663944 0.038834951456310676 0.036061026352288486
7.0 0.4059922911504509 0.23125603694165048 0.04576976421636616 0.04160887656033287
7.0 0.7289743400122234 0.5975558798148718 0.015256588072122053 0.013869625520110958
7.0 0.7629123145471723 0.573759898631034 0.009708737864077669 0.008321775312066574
7.0 0.7569522515687692 0.6375051099404092 0.015256588072122053 0.013869625520110958
2.0 0.5082876196416933 0.17124634373649747 0.005547850208044383 0.005547850208044383
2.0 0.5366477893420312 0.21345188710211513 0.006934812760055479 0.006934812760055479
2.0 0.7577430712131233 0.5567948999731818 0.008321775312066574 0.006934812760055479
7.0 0.7301310437456704 0.5142767714583883 0.008321775312066574 0.006934812760055479
2.0 0.7726742041919458 0.5829963405808537 0.006934812760055479 0.006934812760055479
7.0 0.7828923401796919 0.60718256154036 0.008321775312066574 0.006934812760055479
2.0 0.745446876988171 0.5319329013677825 0.008321775312066574 0.006934812760055479
2.0 0.7352199565117012 0.5161434207009391 0.006934812760055479 0.005547850208044383
2.0 0.5149113495547399 0.19054130138118022 0.006934812760055479 0.006934812760055479
7.0 0.7428031537455773 0.5389901996581727 0.008321775312066574 0.006934812760055479
2.0 0.787733862351119 0.6063460094670421 0.006934812760055479 0.005547850208044383
7.0 0.7215326222323457 0.49502579310965605 0.006934812760055479 0.005547850208044383
