9 0.58374 0.69185 0.04909 0.31196
2 0.41452 0.51196 0.03447 0.13478
2 0.42601 0.39457 0.02333 0.08043
2 0.49547 0.35435 0.01741 0.0587
2 0.58461 0.34293 0.01462 0.04891
2 0.68872 0.34783 0.01114 0.04348
2 0.80519 0.36413 0.0101 0.0413
2 0.93698 0.39076 0.01184 0.04239
7 0.20804 0.34239 0.01776 0.07174
7 0.35167 0.31413 0.01253 0.05217
7 0.48642 0.30924 0.00975 0.04022
7 0.62361 0.31957 0.00836 0.03478
7 0.76375 0.33967 0.0094 0.0337
8 0.18054 0.30761 0.01497 0.0587
8 0.14467 0.26359 0.01079 0.04239
8 0.12552 0.23913 0.00801 0.03261
8 0.11247 0.22337 0.00627 0.02717
8 0.08217 0.2212 0.00696 0.02717
7 0.91731 0.36902 0.0094 0.0337
2 0.70038 0.81793 0.02054 0.05978
9 0.90111 0.7913 0.03552 0.11304
