7.0 0.46048054568000574 0.3519249702693721 0.026153846153846153 0.04461538461538461
7.0 0.5142818332871342 0.39535099070960367 0.033846153846153845 0.06
7.0 0.5230320968605902 0.47397425938696136 0.05076923076923077 0.09538461538461539
7.0 0.3001489848129803 0.3003339523706398 0.018461538461538463 0.033846153846153845
7.0 0.3883704820706172 0.32211366771592365 0.021538461538461538 0.038461538461538464
7.0 0.3577497267491558 0.2762558486945618 0.010769230769230769 0.018461538461538463
2.0 0.2522679595417721 0.2671022917490991 0.013846153846153847 0.026153846153846153
2.0 0.5676839314662253 0.35397367183383066 0.023076923076923078 0.036923076923076927
2.0 0.6764838132591912 0.4090894337716232 0.02923076923076923 0.05076923076923077
8.0 0.517965893620096 0.30923778729768137 0.012307692307692308 0.021538461538461538
7.0 0.3321721684223166 0.28102798778504484 0.012307692307692308 0.023076923076923078
2.0 0.8040389247976544 0.5268127093012047 0.052307692307692305 0.09230769230769231
8.0 0.4778880095295381 0.2963375911721089 0.012307692307692308 0.02
8.0 0.40829710399870744 0.2886788900042906 0.012307692307692308 0.023076923076923078
8.0 0.4435434728988263 0.30172324493057506 0.013846153846153847 0.024615384615384615
2.0 0.463437395568321 0.31807871093438983 0.016923076923076923 0.02923076923076923
2.0 0.3574992564225877 0.29382256315863775 0.015384615384615385 0.027692307692307693
7.0 0.312703951118381 0.2571214476964678 0.007692307692307693 0.015384615384615385
2.0 0.22297634848168701 0.24433690856945925 0.012307692307692308 0.02
2.0 0.28404812060162815 0.2653656061028889 0.012307692307692308 0.023076923076923078
7.0 0.3464433152845475 0.26738092256342066 0.007692307692307693 0.015384615384615385
2.0 0.26146577462609416 0.2526080643539902 0.009230769230769232 0.015384615384615385
7.0 0.2608066582990521 0.24694943292104318 0.007692307692307693 0.013846153846153847
2.0 0.2831427660080131 0.25916399421404746 0.009230769230769232 0.016923076923076923
7.0 0.3528784334630846 0.6648596940604021 0.06923076923076923 0.14153846153846153
