7 0.83008 0.3663 0.00905 0.03478
7 0.40181 0.3288 0.01532 0.05109
7 0.2359 0.3587 0.02194 0.07609
7 0.68402 0.34185 0.0101 0.03587
2 0.88353 0.39783 0.01219 0.04565
2 0.47806 0.42174 0.02159 0.08696
2 0.65198 0.36957 0.01288 0.05
2 0.55536 0.37935 0.01532 0.06304
7 0.54701 0.32826 0.01184 0.0413
2 0.45334 0.5712 0.039 0.15543
2 0.75923 0.37663 0.01149 0.04457
1 0.46953 0.27772 0.00453 0.02283
1 0.53151 0.27772 0.00383 0.02065
1 0.55832 0.29837 0.00522 0.025
1 0.61229 0.29946 0.00453 0.02283
1 0.58217 0.2788 0.00348 0.0163
1 0.61595 0.27989 0.00279 0.01413
1 0.64258 0.29402 0.00383 0.01848
1 0.66626 0.29402 0.00313 0.0163
1 0.68245 0.29239 0.00279 0.01522
1 0.68106 0.30652 0.00348 0.01739
1 0.70839 0.3038 0.00383 0.0163
1 0.72685 0.30326 0.00383 0.01522
1 0.7648 0.31902 0.00522 0.01848
1 0.77002 0.31522 0.00453 0.01739
1 0.85637 0.33152 0.00383 0.01739
1 0.86925 0.33859 0.00383 0.01848
