7 0.58687 0.33641 0.01497 0.0663
7 0.58113 0.4837 0.02855 0.13043
2 0.78708 0.28804 0.01288 0.05217
2 0.54857 0.24674 0.00662 0.02826
7 0.32503 0.27174 0.00731 0.03261
7 0.44864 0.26522 0.00731 0.03261
2 0.11908 0.27174 0.00696 0.02391
7 0.52611 0.28533 0.01045 0.04457
2 0.64711 0.2587 0.0094 0.03696
2 0.29788 0.26033 0.00522 0.025
7 0.09419 0.29076 0.00801 0.03152
2 0.27194 0.24022 0.00348 0.01522
2 0.14206 0.25272 0.00348 0.0163
2 0.07416 0.26957 0.00418 0.02174
2 0.88266 0.21359 0.00557 0.02283
7 0.29805 0.23478 0.00348 0.01304
2 0.43541 0.25326 0.00453 0.02391
7 0.19916 0.28424 0.00836 0.0337
2 0.19464 0.26957 0.00487 0.02609
7 0.48677 0.22011 0.00348 0.01413
2 0.58757 0.21359 0.00383 0.0163
2 0.73712 0.20924 0.00487 0.0163
7 0.10829 0.25272 0.00348 0.01196
2 0.66469 0.21033 0.00418 0.0163
2 0.42479 0.225 0.00279 0.01304
2 0.32103 0.23478 0.00348 0.01522
2 0.08478 0.25924 0.00453 0.0163
2 0.21065 0.24674 0.00348 0.01522
7 0.69063 0.20978 0.00383 0.01522
7 0.16818 0.24565 0.00348 0.01522
7 0.23973 0.23967 0.00383 0.01413
7 0.54822 0.21739 0.00383 0.01304
7 0.8219 0.20326 0.00453 0.01739
2 0.37047 0.22935 0.00348 0.01522
2 0.53534 0.21739 0.00453 0.01522
7 0.90616 0.20543 0.00592 0.01957
7 0.61542 0.21413 0.00244 0.01522
7 0.75662 0.20815 0.00348 0.01413
2 0.80397 0.21141 0.00348 0.0163
2 0.47615 0.2212 0.00383 0.0163
7 0.4187 0.22283 0.00244 0.01304
7 0.3602 0.22772 0.00244 0.01413
