2 0.36577 0.37065 0.02054 0.07391
2 0.22075 0.26359 0.00975 0.03587
2 0.26915 0.29891 0.01253 0.04783
2 0.19307 0.24185 0.00801 0.02935
2 0.17497 0.2288 0.00662 0.025
2 0.66191 0.58424 0.04387 0.15109
8 0.15111 0.21141 0.00418 0.01848
8 0.14398 0.20598 0.00383 0.0163
8 0.13753 0.20272 0.00348 0.01413
8 0.13283 0.19837 0.00244 0.01413
8 0.12813 0.19511 0.00279 0.01196
8 0.05014 0.19239 0.00279 0.01522
9 0.1633 0.21359 0.00557 0.03152
9 0.16034 0.2125 0.00313 0.02935
2 0.15999 0.22011 0.00244 0.01848
