2.0 0.43396440414753157 0.8640076602619365 0.13666666666666666 0.056666666666666664
8.0 0.31271592727838143 0.780500770092322 0.07166666666666667 0.03333333333333333
8.0 0.26289777350697596 0.8083536881061343 0.051666666666666666 0.023333333333333334
8.0 0.29190182933287295 0.6372270444286149 0.043333333333333335 0.018333333333333333
8.0 0.3379126699982582 0.568228767358708 0.055 0.023333333333333334
1.0 0.3117941109564786 0.517895820005674 0.03166666666666667 0.015
1.0 0.30723665800741873 0.4732752107180939 0.02666666666666667 0.008333333333333333
1.0 0.30184181405986565 0.44029698982828375 0.02 0.006666666666666667
1.0 0.35303563412878763 0.4248208916931394 0.03666666666666667 0.015
1.0 0.3358890745523451 0.39152299778993166 0.025 0.01
1.0 0.2878502533283356 0.4952383008091469 0.02 0.006666666666666667
1.0 0.2721897732639725 0.51019751660181 0.018333333333333333 0.005
1.0 0.26449969168904786 0.5472998543064451 0.018333333333333333 0.006666666666666667
1.0 0.24554631734313348 0.5694948988027403 0.015 0.005
1.0 0.25134813070754164 0.5688058098098439 0.015 0.0033333333333333335
1.0 0.23273888139495655 0.6134697330452429 0.015 0.006666666666666667
1.0 0.23456465371011884 0.6162412948904982 0.015 0.005
1.0 0.23880887652128246 0.6187353536655962 0.016666666666666666 0.006666666666666667
1.0 0.2171131223372997 0.6744480069645189 0.013333333333333334 0.006666666666666667
1.0 0.21228102541044222 0.6774380006769816 0.013333333333333334 0.005
1.0 0.21615917848890984 0.6939349492462028 0.015 0.006666666666666667
1.0 0.18898674851418365 0.7705329936658422 0.013333333333333334 0.0033333333333333335
1.0 0.19365725334331116 0.7732490020574563 0.016666666666666666 0.008333333333333333
