2.0 0.4477229769247352 0.4447792735187638 0.05263157894736842 0.03654970760233918
7.0 0.2819924325456547 0.6082562541892074 0.03654970760233918 0.024853801169590642
7.0 0.2347111051223288 0.6040424362014386 0.019005847953216373 0.013157894736842105
7.0 0.35687616304879677 0.5076215662958857 0.03508771929824561 0.023391812865497075
7.0 0.31641577191636633 0.6963770865246275 0.07309941520467836 0.05116959064327485
2.0 0.2562442897793695 0.6916811091763418 0.04678362573099415 0.03216374269005848
7.0 0.21377790668747723 0.6413952600016635 0.02046783625730994 0.014619883040935672
7.0 0.2009270021343753 0.6723880385939937 0.023391812865497075 0.017543859649122806
8.0 0.47860135961761996 0.29701408172488286 0.021929824561403508 0.014619883040935672
2.0 0.40189215898710884 0.3782030908159092 0.01608187134502924 0.01023391812865497
2.0 0.5048887433289022 0.312733525887287 0.03508771929824561 0.023391812865497075
2.0 0.21123889597759515 0.63174537080798 0.019005847953216373 0.013157894736842105
7.0 0.22955882614649156 0.6675058860075452 0.03216374269005848 0.021929824561403508
8.0 0.5007947709899759 0.25709451393746163 0.017543859649122806 0.01023391812865497
7.0 0.31802889909057575 0.4851932818375323 0.01608187134502924 0.01023391812865497
7.0 0.28546334602614726 0.5287570377317796 0.017543859649122806 0.011695906432748537
2.0 0.46650479237084036 0.3199715725249644 0.023391812865497075 0.01608187134502924
7.0 0.5208832125860016 0.2613790010878656 0.027777777777777776 0.019005847953216373
7.0 0.4025188937743724 0.39083457749216366 0.019005847953216373 0.011695906432748537
9.0 0.3819347119329306 0.4506773338870506 0.05263157894736842 0.03508771929824561
8.0 0.5462647564152227 0.2056166783982203 0.019005847953216373 0.011695906432748537
7.0 0.35110514017619876 0.44520990451114106 0.017543859649122806 0.01023391812865497
7.0 0.5942224492084535 0.1731829587303146 0.024853801169590642 0.014619883040935672
8.0 0.5305082499891216 0.2407056007371705 0.021929824561403508 0.01608187134502924
9.0 0.45193995333322634 0.3869559240309057 0.06725146198830409 0.043859649122807015
7.0 0.4197470180225794 0.39633906466959956 0.02631578947368421 0.017543859649122806
7.0 0.3975035097350306 0.4410229414138053 0.03216374269005848 0.019005847953216373
2.0 0.17798375680496223 0.6878732499233411 0.019005847953216373 0.011695906432748537
7.0 0.2030136727947386 0.6857315835727751 0.027777777777777776 0.02046783625730994
9.0 0.396217494493177 0.42603780955467196 0.04824561403508772 0.03216374269005848
8.0 0.5580130082930114 0.1806071186933925 0.01608187134502924 0.011695906432748537
7.0 0.2613583755034855 0.5642630679773164 0.017543859649122806 0.011695906432748537
8.0 0.5662476734111621 0.16186233023183916 0.014619883040935672 0.008771929824561403
2.0 0.4382247223941855 0.34083230256309405 0.019005847953216373 0.011695906432748537
2.0 0.36343485009001736 0.4217914758449703 0.01608187134502924 0.01023391812865497
2.0 0.4654498933046119 0.5086665402565734 0.07602339181286549 0.04824561403508772
9.0 0.4633959977999875 0.36252840286366844 0.06140350877192982 0.04093567251461988
8.0 0.541166935959933 0.19007993992083053 0.014619883040935672 0.01023391812865497
2.0 0.3204623696524776 0.47463733442880207 0.014619883040935672 0.008771929824561403
8.0 0.53005095580568 0.2045211866830755 0.013157894736842105 0.01023391812865497
7.0 0.3788550554587217 0.41336381675670203 0.017543859649122806 0.008771929824561403
2.0 0.27859357547725794 0.5307698187566164 0.014619883040935672 0.008771929824561403
2.0 0.5562665203672259 0.24079303245756473 0.03070175438596491 0.021929824561403508
2.0 0.2474864272705828 0.5769270703755038 0.013157894736842105 0.01023391812865497
2.0 0.46727407745294103 0.3796439068458625 0.04093567251461988 0.027777777777777776
2.0 0.6342337963774846 0.5672108009048678 0.15350877192982457 0.10087719298245613
8.0 0.5543796037382458 0.17506229233976434 0.017543859649122806 0.01023391812865497
7.0 0.4179458269581602 0.38241019977856144 0.023391812865497075 0.01608187134502924
8.0 0.5170504252321756 0.22747085402889777 0.014619883040935672 0.008771929824561403
