2 0.53569 0.40489 0.01985 0.06848
7 0.24234 0.30163 0.01393 0.04674
7 0.21971 0.24239 0.00627 0.02391
7 0.40703 0.33261 0.01253 0.04783
7 0.15669 0.39457 0.02925 0.09565
2 0.12709 0.31957 0.0188 0.06304
7 0.1626 0.23913 0.00836 0.02609
7 0.11786 0.24185 0.0094 0.03152
8 0.7312 0.35543 0.00766 0.02826
2 0.58879 0.31087 0.00557 0.02174
2 0.72772 0.3962 0.01323 0.04674
2 0.1727 0.23043 0.00627 0.02391
7 0.14049 0.27337 0.01219 0.04239
8 0.79213 0.3587 0.00557 0.02391
7 0.41121 0.27283 0.00487 0.02174
7 0.33983 0.25924 0.00557 0.02283
2 0.69655 0.35435 0.0087 0.03043
7 0.79875 0.38533 0.00836 0.03587
7 0.57399 0.31902 0.00522 0.025
9 0.49008 0.32935 0.01636 0.07174
8 0.88057 0.38315 0.00696 0.025
7 0.47859 0.28913 0.00453 0.02174
7 0.9476 0.42174 0.00662 0.03261
8 0.82921 0.38478 0.0087 0.03043
9 0.60759 0.37609 0.02159 0.08913
7 0.57747 0.34293 0.0087 0.03587
7 0.51079 0.34239 0.00766 0.04348
2 0.08583 0.22337 0.00731 0.025
7 0.10306 0.25217 0.01114 0.03696
9 0.52803 0.33207 0.01497 0.0663
8 0.91748 0.38261 0.00627 0.02174
7 0.28308 0.25109 0.00487 0.02391
8 0.94481 0.38152 0.00453 0.01957
2 0.65494 0.33261 0.00627 0.02609
2 0.51393 0.29022 0.00487 0.02174
2 0.46936 0.46359 0.02368 0.10109
9 0.64363 0.37554 0.02054 0.08152
8 0.89624 0.36793 0.00487 0.01848
2 0.42531 0.26957 0.00453 0.01957
8 0.87239 0.36304 0.00522 0.01739
7 0.53308 0.3038 0.00348 0.02283
2 0.33339 0.25217 0.00453 0.01957
2 0.84419 0.41576 0.01219 0.04239
2 0.25975 0.24185 0.00418 0.01848
2 0.62535 0.39022 0.01323 0.05435
2 0.49791 0.70054 0.05223 0.20326
8 0.92201 0.375 0.00487 0.01957
7 0.59314 0.33261 0.00662 0.03043
8 0.83722 0.36087 0.00522 0.01957
