2 0.62318 0.50588 0.03636 0.07206
2 0.64727 0.42978 0.01909 0.0375
2 0.8 0.44706 0.02 0.03971
2 0.07773 0.44816 0.00545 0.01544
2 0.12841 0.43125 0.005 0.01544
2 0.17591 0.41397 0.00455 0.01176
8 0.11636 0.44706 0.00727 0.01912
8 0.20932 0.41397 0.005 0.01618
8 0.25409 0.39632 0.00364 0.01176
8 0.20659 0.49485 0.01864 0.04706
8 0.37136 0.40882 0.00909 0.025
8 0.56409 0.38676 0.00727 0.02353
8 0.69886 0.38971 0.00864 0.02206
8 0.87477 0.41985 0.00773 0.02353
2 0.22409 0.39669 0.00273 0.00515
2 0.20659 0.40147 0.00318 0.00882
2 0.23909 0.38934 0.00182 0.00515
8 0.27545 0.38787 0.00273 0.00809
8 0.27773 0.38382 0.00182 0.00735
8 0.30727 0.37721 0.00273 0.00588
8 0.28773 0.38162 0.00182 0.00588
8 0.26227 0.38346 0.00182 0.00515
2 0.45682 0.36103 0.00273 0.00735
