8.0 0.6912080053445184 0.27109244886949996 0.01276595744680851 0.011347517730496455
8.0 0.4141773961903787 0.7552468455479792 0.01702127659574468 0.014184397163120567
8.0 0.4495230443280384 0.7022041052827841 0.018439716312056736 0.014184397163120567
8.0 0.49566888616890187 0.6459933352185429 0.02127659574468085 0.01702127659574468
8.0 0.5086954463919545 0.6926697872406908 0.05390070921985816 0.04539007092198582
2.0 0.7173193865194756 0.32906238349642014 0.0524822695035461 0.04397163120567376
2.0 0.6774480587342815 0.32536024467863506 0.024113475177304965 0.02127659574468085
2.0 0.6420122859977434 0.3614162762176872 0.009929078014184398 0.00851063829787234
2.0 0.6456801691136272 0.3666198746930791 0.01702127659574468 0.014184397163120567
2.0 0.6287641634042905 0.4309817690701827 0.029787234042553193 0.02553191489361702
2.0 0.5904028485886306 0.48077848675256685 0.019858156028368795 0.01702127659574468
2.0 0.5468935906514084 0.5448711353253433 0.018439716312056736 0.015602836879432624
2.0 0.5080517357860725 0.6009873018295119 0.014184397163120567 0.01276595744680851
2.0 0.6542294834788536 0.33128460578745467 0.009929078014184398 0.00851063829787234
2.0 0.6672588670097165 0.293302295197252 0.00851063829787234 0.005673758865248227
2.0 0.685056814964508 0.2507037314346007 0.0070921985815602835 0.005673758865248227
2.0 0.473950546952047 0.650517263585967 0.014184397163120567 0.009929078014184398
2.0 0.43744871664438045 0.7043961305562539 0.014184397163120567 0.009929078014184398
1.0 0.41219477263687876 0.7433033665813678 0.01276595744680851 0.009929078014184398
