2 0.23295 0.58382 0.005 0.01471
2 0.25068 0.59191 0.00955 0.01765
2 0.31591 0.58088 0.00455 0.01324
2 0.36386 0.58162 0.00591 0.01618
2 0.42045 0.58456 0.00636 0.02059
2 0.50318 0.59154 0.01 0.02279
2 0.64818 0.59081 0.01364 0.03015
2 0.77091 0.58015 0.01455 0.02941
2 0.85318 0.5625 0.01091 0.025
2 0.88886 0.54449 0.00773 0.01838
2 0.9 0.54816 0.00909 0.01985
2 0.86545 0.54449 0.00455 0.01397
2 0.92091 0.67169 0.03 0.10368
2 0.53 0.63235 0.02636 0.05294
2 0.35386 0.61397 0.01773 0.03676
8 0.54886 0.5761 0.005 0.0125
8 0.61545 0.575 0.00545 0.01471
8 0.72932 0.56618 0.00591 0.01618
8 0.7325 0.56103 0.00318 0.01029
8 0.75364 0.55882 0.00364 0.01029
8 0.77068 0.55735 0.005 0.01471
8 0.11364 0.57794 0.00545 0.01471
8 0.17455 0.57721 0.00364 0.01029
