8.0 0.609472865686008 0.3668290039778743 0.0110803324099723 0.009695290858725761
8.0 0.5284547420719138 0.29032838565169133 0.008310249307479225 0.008310249307479225
8.0 0.6511236260035236 0.42030941328114463 0.012465373961218837 0.0110803324099723
2.0 0.5809987979401398 0.3448067800253061 0.009695290858725761 0.009695290858725761
2.0 0.5988959323396376 0.3661949519926412 0.012465373961218837 0.0110803324099723
8.0 0.6365077695017014 0.39714003835310413 0.009695290858725761 0.009695290858725761
2.0 0.559501670784336 0.32206603992740596 0.0110803324099723 0.009695290858725761
2.0 0.4948612196387794 0.2695617229951637 0.009695290858725761 0.009695290858725761
2.0 0.3918724925886038 0.19678765271312174 0.012465373961218837 0.0110803324099723
8.0 0.43482449234186227 0.22116438268018143 0.0110803324099723 0.009695290858725761
2.0 0.5329547672223496 0.29987195195217164 0.009695290858725761 0.009695290858725761
2.0 0.4455973866744135 0.23315724298749638 0.012465373961218837 0.0110803324099723
8.0 0.6514265918529369 0.4317913166173082 0.013850415512465374 0.015235457063711912
2.0 0.5856704611399426 0.36210335964067064 0.015235457063711912 0.013850415512465374
8.0 0.47696038636466187 0.2509580457618376 0.009695290858725761 0.008310249307479225
2.0 0.570473816632425 0.35694400275177024 0.018005540166204988 0.018005540166204988
8.0 0.6475561903252599 0.44839507089636343 0.0221606648199446 0.019390581717451522
2.0 0.5539503806507708 0.3542252894165898 0.023545706371191136 0.02077562326869806
8.0 0.6469199411497253 0.49336405756209567 0.03185595567867036 0.030470914127423823
2.0 0.5056871779928177 0.3459946723049303 0.0332409972299169 0.03185595567867036
8.0 0.6387083294621546 0.6961220824816713 0.08725761772853186 0.08448753462603878
