2.0 0.4424330449384082 0.446518262302718 0.043478260869565216 0.04908835904628331
2.0 0.5300978240378098 0.34807960864550713 0.030855539971949508 0.033660589060308554
2.0 0.5725997801476731 0.2986566265813303 0.019635343618513323 0.02244039270687237
2.0 0.6343487200058371 0.2625114833020443 0.016830294530154277 0.019635343618513323
2.0 0.6406719947935089 0.24422437164618022 0.008415147265077139 0.009817671809256662
2.0 0.6940253255703411 0.23618921257298164 0.015427769985974754 0.016830294530154277
2.0 0.6789417996460668 0.23257571764780033 0.011220196353436185 0.012622720897615708
2.0 0.6573344216816226 0.23900043904340929 0.009817671809256662 0.011220196353436185
2.0 0.6138879507073629 0.25234524953604176 0.009817671809256662 0.009817671809256662
2.0 0.5859390769782792 0.264498978931407 0.0070126227208976155 0.008415147265077139
2.0 0.5475729776690796 0.2816939912698908 0.008415147265077139 0.009817671809256662
2.0 0.5055530368999752 0.30306044859220593 0.0070126227208976155 0.008415147265077139
2.0 0.47024847026400135 0.32520368256028004 0.0070126227208976155 0.008415147265077139
2.0 0.43461997001134756 0.3488623821504639 0.0070126227208976155 0.0070126227208976155
2.0 0.4043154671113598 0.3684688258725504 0.008415147265077139 0.008415147265077139
2.0 0.3802339970371935 0.3850064999613012 0.005610098176718092 0.005610098176718092
2.0 0.37474077445386744 0.3862756060995482 0.0070126227208976155 0.008415147265077139
2.0 0.3860180377551755 0.3767661836754137 0.004207573632538569 0.005610098176718092
2.0 0.38934206332846105 0.3741143231234453 0.004207573632538569 0.005610098176718092
2.0 0.38757082273163007 0.3747146198562025 0.005610098176718092 0.0070126227208976155
8.0 0.6609301236946299 0.2313281219414223 0.008415147265077139 0.008415147265077139
8.0 0.6369799731216713 0.24036632874288005 0.0070126227208976155 0.008415147265077139
8.0 0.6085208367929802 0.2509399974184222 0.009817671809256662 0.009817671809256662
8.0 0.5800938700261578 0.2644015495278337 0.0070126227208976155 0.008415147265077139
