2.0 0.5405882288205734 0.3801254820733077 0.004411764705882353 0.0058823529411764705
1.0 0.7605709870396717 0.3161853531207476 0.0058823529411764705 0.008823529411764706
8.0 0.5950364410105466 0.3600445394473208 0.0029411764705882353 0.0058823529411764705
8.0 0.41425507325910926 0.44893848171777706 0.0058823529411764705 0.007352941176470588
8.0 0.36631150145235475 0.4797439554681508 0.004411764705882353 0.004411764705882353
2.0 0.530352282049336 0.3848985824412027 0.004411764705882353 0.004411764705882353
8.0 0.3869518777304563 0.46649699494826785 0.0029411764705882353 0.004411764705882353
8.0 0.6086822923363093 0.3560989403971034 0.0058823529411764705 0.007352941176470588
8.0 0.637273251626098 0.3461480263066459 0.004411764705882353 0.0058823529411764705
2.0 0.554605277610674 0.3745529281330901 0.0058823529411764705 0.0058823529411764705
8.0 0.646766251286481 0.34341615634967293 0.004411764705882353 0.007352941176470588
8.0 0.6230716429551056 0.3513247903050423 0.004411764705882353 0.0058823529411764705
2.0 0.5675957155040677 0.3704311017579747 0.004411764705882353 0.0058823529411764705
8.0 0.596301855844082 0.3647714502974302 0.007352941176470588 0.008823529411764706
8.0 0.37151967707586553 0.4799738350287565 0.004411764705882353 0.007352941176470588
8.0 0.551486764502377 0.3820468755967795 0.0058823529411764705 0.008823529411764706
8.0 0.3520076454841637 0.4907589254829718 0.0058823529411764705 0.007352941176470588
8.0 0.4130609916396453 0.4552858184401104 0.0058823529411764705 0.007352941176470588
8.0 0.5803431940555251 0.36496870651493285 0.004411764705882353 0.0058823529411764705
8.0 0.20314327732219487 0.601955379616902 0.004411764705882353 0.007352941176470588
8.0 0.658603825511832 0.34006453715892515 0.004411764705882353 0.007352941176470588
8.0 0.692929031370741 0.3310618949737414 0.0058823529411764705 0.008823529411764706
8.0 0.3323303132237472 0.5052515996857943 0.0058823529411764705 0.007352941176470588
8.0 0.4793690298141982 0.4180934934956979 0.008823529411764706 0.010294117647058823
8.0 0.6761877300402834 0.3352462969974108 0.007352941176470588 0.008823529411764706
8.0 0.5070111065228358 0.40206343807261813 0.007352941176470588 0.010294117647058823
8.0 0.44753385682695546 0.43607051403818864 0.008823529411764706 0.010294117647058823
2.0 0.22010412337730392 0.5998452423180157 0.007352941176470588 0.011764705882352941
8.0 0.6337803589865515 0.35526210469582126 0.008823529411764706 0.008823529411764706
8.0 0.3023752640584929 0.528881824425399 0.007352941176470588 0.008823529411764706
2.0 0.30925236826422997 0.5290562472487027 0.007352941176470588 0.010294117647058823
2.0 0.39616995327823273 0.47210141745416023 0.008823529411764706 0.010294117647058823
2.0 0.36123988246847394 0.49152992033918125 0.007352941176470588 0.007352941176470588
2.0 0.49187864679936244 0.42022733072484086 0.008823529411764706 0.011764705882352941
2.0 0.5710028281800377 0.38381297062945613 0.008823529411764706 0.010294117647058823
2.0 0.5288312409900449 0.39865108062932436 0.007352941176470588 0.010294117647058823
8.0 0.653308506398192 0.3546133068524576 0.010294117647058823 0.013235294117647059
1.0 0.6405675278236038 0.38276954432706684 0.01764705882352941 0.022058823529411766
2.0 0.43131956881264283 0.4547471792939224 0.008823529411764706 0.011764705882352941
2.0 0.5631976648003751 0.38407130890617486 0.008823529411764706 0.010294117647058823
2.0 0.7081310225572133 0.44424491788787046 0.041176470588235294 0.04852941176470588
1.0 0.7152434340067122 0.32669627905666776 0.007352941176470588 0.010294117647058823
1.0 0.7344660285355906 0.32255946008161995 0.007352941176470588 0.010294117647058823
