8.0 0.49731280165702335 0.21974661938965587 0.007751937984496124 0.004651162790697674
2.0 0.4782327117175277 0.19123306103719165 0.009302325581395349 0.004651162790697674
8.0 0.5174442048831208 0.2420426558010704 0.007751937984496124 0.0031007751937984496
2.0 0.46427995021069407 0.18040069844172318 0.007751937984496124 0.006201550387596899
2.0 0.4498828923909039 0.1672504816731903 0.009302325581395349 0.006201550387596899
8.0 0.5043795231699724 0.22731605454840534 0.009302325581395349 0.004651162790697674
8.0 0.4920936670597225 0.21878823493231372 0.010852713178294573 0.006201550387596899
8.0 0.6066922998758197 0.4685553157959842 0.021705426356589147 0.013953488372093023
8.0 0.6791027514588435 0.7272977073874963 0.018604651162790697 0.010852713178294573
8.0 0.43166621418646445 0.16785272456032352 0.015503875968992248 0.009302325581395349
8.0 0.4723025063452911 0.202265923065519 0.012403100775193798 0.007751937984496124
8.0 0.6509277054731611 0.5810907543815323 0.020155038759689922 0.012403100775193798
8.0 0.5025851504357987 0.3039689990555988 0.031007751937984496 0.021705426356589147
2.0 0.5989099004898384 0.5909729649838006 0.04806201550387597 0.034108527131782945
2.0 0.6356129843419839 0.7218892542653355 0.03875968992248062 0.023255813953488372
2.0 0.47991853788271277 0.6969750904272851 0.10852713178294573 0.07441860465116279
