2.0 0.7078974964222866 0.2547301816113284 0.008143322475570033 0.011400651465798045
2.0 0.728107021763931 0.2639029023169944 0.011400651465798045 0.017915309446254073
2.0 0.7600281051743705 0.25307586474153737 0.006514657980456026 0.013029315960912053
2.0 0.7722136383668865 0.25529477901358893 0.009771986970684038 0.016286644951140065
2.0 0.6828872746426646 0.27276801204964896 0.011400651465798045 0.017915309446254073
2.0 0.6165756074587543 0.2871358750522522 0.011400651465798045 0.019543973941368076
2.0 0.5772841039764485 0.29558229165601 0.014657980456026058 0.021172638436482084
2.0 0.5412515724879391 0.30546719040490944 0.013029315960912053 0.021172638436482084
2.0 0.5106845127355923 0.3188229181515112 0.014657980456026058 0.02280130293159609
2.0 0.47267982259038077 0.33955266618308844 0.021172638436482084 0.029315960912052116
2.0 0.3660309366131587 0.4016162149529879 0.02768729641693811 0.04234527687296417
2.0 0.25484968450673345 0.4996517731323827 0.021172638436482084 0.03420195439739414
2.0 0.742909988028804 0.25136242736658043 0.009771986970684038 0.017915309446254073
8.0 0.7974476359306096 0.24412023544421652 0.006514657980456026 0.013029315960912053
8.0 0.8148372917714567 0.26213408168154045 0.011400651465798045 0.019543973941368076
8.0 0.7702875182216068 0.27052786590879957 0.011400651465798045 0.02280130293159609
8.0 0.7137778630766943 0.2835741477732349 0.013029315960912053 0.02280130293159609
8.0 0.6776481864979709 0.2972641570478852 0.014657980456026058 0.02768729641693811
8.0 0.6437244664214151 0.3205092136913949 0.021172638436482084 0.035830618892508145
8.0 0.6253275681133929 0.3587407109151501 0.029315960912052116 0.050488599348534204
8.0 0.7058129753633094 0.4200747835670292 0.05537459283387622 0.08143322475570032
8.0 0.6960643757269737 0.2514799567469358 0.004885993485342019 0.009771986970684038
8.0 0.6538449733924134 0.25651155743507037 0.004885993485342019 0.011400651465798045
2.0 0.6636735604005256 0.2586413157715745 0.006514657980456026 0.011400651465798045
2.0 0.6327511775164174 0.2620061856647394 0.004885993485342019 0.013029315960912053
2.0 0.6011088795091701 0.2664786527108139 0.006514657980456026 0.011400651465798045
2.0 0.5772678114804242 0.2685253221713913 0.004885993485342019 0.011400651465798045
2.0 0.5672504727325283 0.26643058250170776 0.004885993485342019 0.009771986970684038
2.0 0.5627937235840613 0.26903419560430236 0.004885993485342019 0.009771986970684038
8.0 0.6140573093633371 0.25939849750502436 0.006514657980456026 0.009771986970684038
2.0 0.21833728194494256 0.3979556185493202 0.009771986970684038 0.014657980456026058
8.0 0.16369030945874807 0.4190700654114404 0.008143322475570033 0.014657980456026058
8.0 0.26705280240567036 0.36972091421923864 0.006514657980456026 0.011400651465798045
8.0 0.3179630922801323 0.3450617239661972 0.004885993485342019 0.008143322475570033
2.0 0.33404662265517204 0.3448145812972345 0.006514657980456026 0.013029315960912053
2.0 0.37572585315848656 0.32480263216243666 0.006514657980456026 0.009771986970684038
