8.0 0.2672728902078425 0.8242170204909637 0.008333333333333333 0.005
8.0 0.2784237101946653 0.7586222023565737 0.01 0.005
8.0 0.27784224795641066 0.8339735370469495 0.013333333333333334 0.0033333333333333335
8.0 0.28230492962649484 0.7682609312007148 0.011666666666666667 0.006666666666666667
8.0 0.29193832016487187 0.7005890795893329 0.01 0.0033333333333333335
8.0 0.38120837951766107 0.4879754996305245 0.015 0.008333333333333333
8.0 0.30802105251990985 0.6507658838237215 0.011666666666666667 0.006666666666666667
8.0 0.30290318544595213 0.6606373826526155 0.01 0.005
2.0 0.29134026026843796 0.7332717028903446 0.013333333333333334 0.008333333333333333
2.0 0.2927911768673718 0.7471844335436645 0.013333333333333334 0.006666666666666667
2.0 0.28912902024525977 0.8071239861893426 0.015 0.006666666666666667
8.0 0.30861689631690015 0.6838805186237382 0.016666666666666666 0.006666666666666667
8.0 0.3041982569617618 0.7920759234793373 0.021666666666666667 0.011666666666666667
8.0 0.5073788609981955 0.3666920437625037 0.045 0.028333333333333332
8.0 0.3888419950275388 0.659165029294587 0.04833333333333333 0.028333333333333332
8.0 0.5376596110996368 0.8767748748846447 0.105 0.03833333333333333
2.0 0.28438434561499965 0.7789403127953825 0.011666666666666667 0.006666666666666667
