8.0 0.6468828033321318 0.6176114538089418 0.05293276108726753 0.044349070100143065
8.0 0.6231847388415768 0.4850058315409289 0.034334763948497854 0.02575107296137339
8.0 0.597911469915874 0.40406546600299525 0.02575107296137339 0.01859799713876967
8.0 0.5577927077018499 0.3318822236431479 0.020028612303290415 0.015736766809728183
8.0 0.5314714072938711 0.2830695041726128 0.01430615164520744 0.011444921316165951
8.0 0.523686141996988 0.2679589347074077 0.011444921316165951 0.010014306151645207
8.0 0.517841179214188 0.2546122723566166 0.011444921316165951 0.008583690987124463
8.0 0.5179724182409591 0.2483791558343706 0.01430615164520744 0.010014306151645207
8.0 0.5277546665519715 0.2502335226580656 0.012875536480686695 0.008583690987124463
8.0 0.5374762422881907 0.2584578801834271 0.010014306151645207 0.008583690987124463
2.0 0.5003102074256454 0.21994078572310444 0.00715307582260372 0.00715307582260372
2.0 0.4884216142181853 0.21065855170504805 0.010014306151645207 0.00715307582260372
2.0 0.5048440626042948 0.2234720509577004 0.008583690987124463 0.00715307582260372
2.0 0.4996006502832688 0.21708570228103397 0.00715307582260372 0.005722460658082976
2.0 0.5089889499107613 0.22473280865313183 0.00715307582260372 0.005722460658082976
2.0 0.48541034821659756 0.20220534665327627 0.008583690987124463 0.005722460658082976
2.0 0.4848772518717027 0.20021258325080651 0.00715307582260372 0.005722460658082976
2.0 0.47625275562100955 0.20250232871371684 0.011444921316165951 0.008583690987124463
2.0 0.4685415091373039 0.19830199506718468 0.012875536480686695 0.010014306151645207
2.0 0.44322476169731684 0.20023178748340142 0.020028612303290415 0.015736766809728183
2.0 0.45308634673898307 0.19684720331801336 0.01430615164520744 0.010014306151645207
2.0 0.46048265156989726 0.19295754988887454 0.008583690987124463 0.00715307582260372
2.0 0.46239645482391556 0.24528957896710574 0.030042918454935622 0.024320457796852647
2.0 0.46989460836346897 0.29651195499361177 0.04291845493562232 0.0357653791130186
2.0 0.41474117325257587 0.3189411714099353 0.06437768240343347 0.05007153075822604
2.0 0.45735724548206197 0.17784621922399232 0.008583690987124463 0.00715307582260372
2.0 0.47184470186535066 0.1894763399096542 0.008583690987124463 0.00715307582260372
8.0 0.7698331407944502 0.6813771843861084 0.017167381974248927 0.012875536480686695
8.0 0.7631413755293757 0.6633262777701255 0.015736766809728183 0.011444921316165951
8.0 0.44906244588637795 0.16725877570111655 0.010014306151645207 0.008583690987124463
8.0 0.4638196221517475 0.1798834469006027 0.008583690987124463 0.00715307582260372
