2.0 0.48998607885644874 0.5172387190827232 0.00929368029739777 0.0037174721189591076
8.0 0.49320992394796753 0.5761016432887485 0.007434944237918215 0.0037174721189591076
8.0 0.4844662170918604 0.44872567687268894 0.00929368029739777 0.0037174721189591076
2.0 0.5250038771030137 0.8651767962676956 0.01486988847583643 0.00929368029739777
8.0 0.4841395566792512 0.3947699523274775 0.007434944237918215 0.0055762081784386614
2.0 0.5083496258233119 0.7083585188905734 0.011152416356877323 0.0055762081784386614
2.0 0.496653948957572 0.5905768202947619 0.011152416356877323 0.007434944237918215
2.0 0.5005457020206289 0.6366953012010435 0.00929368029739777 0.0055762081784386614
8.0 0.5040897658908408 0.7027223490138772 0.011152416356877323 0.0055762081784386614
2.0 0.4877220484396579 0.4335152285288192 0.011152416356877323 0.0037174721189591076
2.0 0.4924419771158218 0.5372942157816719 0.00929368029739777 0.0037174721189591076
2.0 0.48825198875223297 0.40321921334267047 0.013011152416356878 0.0055762081784386614
2.0 0.48935873321935724 0.37555505954257373 0.013011152416356878 0.0037174721189591076
2.0 0.503892068542755 0.6730362255969009 0.013011152416356878 0.0055762081784386614
2.0 0.5197032405585855 0.7592041133317974 0.01858736059479554 0.007434944237918215
8.0 0.48783674604689836 0.30422106420143064 0.013011152416356878 0.0055762081784386614
8.0 0.48481052772789823 0.34196243715162566 0.011152416356877323 0.0037174721189591076
8.0 0.5180426465089363 0.8041643972690166 0.013011152416356878 0.0055762081784386614
8.0 0.49207675694546044 0.26350330077563705 0.016728624535315983 0.007434944237918215
8.0 0.5259093630778505 0.8478990946130095 0.01486988847583643 0.00929368029739777
2.0 0.5132041436016319 0.7428344052153197 0.016728624535315983 0.00929368029739777
2.0 0.49329882997922164 0.3603804720293904 0.01486988847583643 0.007434944237918215
2.0 0.5005231136481396 0.36964084391927526 0.01858736059479554 0.011152416356877323
8.0 0.4978218135621007 0.24734644105804812 0.022304832713754646 0.011152416356877323
2.0 0.5098490951988488 0.4457198832107041 0.026022304832713755 0.013011152416356878
8.0 0.5247199227526801 0.14869332810338598 0.040892193308550186 0.020446096654275093
2.0 0.522503336417423 0.7257774139521345 0.022304832713754646 0.013011152416356878
2.0 0.5256876318263421 0.1636867525334838 0.040892193308550186 0.022304832713754646
2.0 0.5190315255139686 0.6114571827688622 0.031598513011152414 0.016728624535315983
8.0 0.5097935658721554 0.25966690495297884 0.02973977695167286 0.01486988847583643
2.0 0.5614754345643989 0.8913415022727859 0.046468401486988845 0.026022304832713755
8.0 0.5312128240045948 0.31883538470652617 0.04275092936802974 0.020446096654275093
8.0 0.6236376517023133 0.13308338729725142 0.10966542750929369 0.05762081784386617
