8.0 0.5307657487908044 0.23765507213793288 0.00554016620498615 0.00554016620498615
2.0 0.4386369373739501 0.32500469951459 0.006925207756232687 0.006925207756232687
8.0 0.515083965917059 0.2547448447765403 0.006925207756232687 0.008310249307479225
8.0 0.4912617331075581 0.2840883165118525 0.006925207756232687 0.008310249307479225
2.0 0.40747574723263774 0.36383797637007237 0.008310249307479225 0.009695290858725761
2.0 0.374279744403762 0.4199814269059054 0.01662049861495845 0.01662049861495845
2.0 0.22348577818695575 0.5555560121847642 0.008310249307479225 0.009695290858725761
8.0 0.46436273701754344 0.3430547195856018 0.01662049861495845 0.01662049861495845
8.0 0.4742626971727386 0.310958280455642 0.009695290858725761 0.009695290858725761
2.0 0.3234558824770103 0.5187445433138212 0.03185595567867036 0.0332409972299169
8.0 0.49551135291551135 0.37470397853951565 0.029085872576177285 0.030470914127423823
