2 0.33864 0.30993 0.00273 0.00662
2 0.62523 0.37537 0.00318 0.00809
8 0.36909 0.31838 0.00455 0.01029
2 0.22545 0.3 0.00364 0.01029
8 0.68727 0.4114 0.00455 0.01397
2 0.27227 0.30551 0.00364 0.00956
8 0.59864 0.37904 0.00545 0.01397
8 0.31205 0.3136 0.00409 0.00956
2 0.78864 0.49301 0.00727 0.02426
8 0.21955 0.30662 0.00455 0.01176
8 0.11159 0.29706 0.00409 0.01324
8 0.47818 0.34816 0.00636 0.01544
2 0.61 0.39816 0.00909 0.01985
8 0.16636 0.30037 0.00364 0.01103
2 0.68955 0.43125 0.00909 0.02132
8 0.40045 0.34522 0.00818 0.01985
2 0.55818 0.39301 0.01091 0.02574
2 0.60318 0.44118 0.02 0.04118
8 0.34318 0.36728 0.01455 0.03309
2 0.83205 0.63603 0.035 0.07794
8 0.23364 0.50588 0.04545 0.09706
