1.0 0.40246534904951675 0.406481314449845 0.008298755186721992 0.006915629322268326
2.0 0.5298329526092359 0.2408551297630009 0.008298755186721992 0.009681881051175657
2.0 0.4978488693821908 0.27060128104582076 0.008298755186721992 0.008298755186721992
8.0 0.4510172995129242 0.337467045960263 0.006915629322268326 0.006915629322268326
2.0 0.5601153292046749 0.21662267542858568 0.008298755186721992 0.008298755186721992
8.0 0.48553506372507266 0.2904784646856763 0.008298755186721992 0.009681881051175657
8.0 0.4355361132240426 0.36324410133998386 0.011065006915629323 0.011065006915629323
8.0 0.5098723677189346 0.2656536403327083 0.009681881051175657 0.009681881051175657
8.0 0.4636660682134419 0.3161216172390934 0.008298755186721992 0.008298755186721992
2.0 0.5937648926231872 0.19564187561189073 0.012448132780082987 0.013831258644536652
8.0 0.5400411495815602 0.24266019748348258 0.011065006915629323 0.011065006915629323
8.0 0.5351851912711867 0.25855588789639705 0.013831258644536652 0.012448132780082987
8.0 0.4993956042411101 0.3049857161796198 0.016597510373443983 0.017980636237897647
8.0 0.4454371365434324 0.40770447514391783 0.02627939142461964 0.02627939142461964
2.0 0.68620863707009 0.30192521109361065 0.06915629322268327 0.0677731673582296
2.0 0.6422320617792735 0.2267833362879314 0.035961272475795295 0.035961272475795295
8.0 0.3913809294861665 0.647710082763212 0.05255878284923928 0.051175656984785614
1.0 0.29933374752863046 0.7167874216957755 0.008298755186721992 0.008298755186721992
1.0 0.4247186629976817 0.3695729901252287 0.008298755186721992 0.008298755186721992
1.0 0.36525717708603045 0.4967377376284658 0.006915629322268326 0.006915629322268326
