8 0.32523 0.65441 0.05682 0.125
8 0.31659 0.54228 0.01773 0.03309
8 0.10386 0.55772 0.00773 0.00956
8 0.24818 0.53897 0.00909 0.02059
8 0.25182 0.53051 0.00364 0.01397
8 0.27159 0.52316 0.005 0.01103
8 0.28955 0.51618 0.00364 0.00882
2 0.38364 0.51213 0.00727 0.01838
2 0.35341 0.51176 0.00591 0.01618
2 0.35091 0.50882 0.00273 0.01176
2 0.34841 0.50515 0.00318 0.01029
2 0.33955 0.50331 0.00455 0.00956
2 0.49318 0.50478 0.01545 0.02574
8 0.43636 0.4875 0.00364 0.01029
2 0.40273 0.49559 0.00364 0.00882
2 0.41386 0.48713 0.00409 0.00956
