8 0.40386 0.275 0.00773 0.01912
8 0.38023 0.27022 0.00682 0.01544
8 0.33932 0.26985 0.00591 0.01324
8 0.15295 0.29779 0.00682 0.01324
2 0.14455 0.30809 0.00727 0.01618
2 0.26341 0.28971 0.00864 0.01912
8 0.09727 0.31066 0.00636 0.0125
8 0.2275 0.28346 0.00682 0.01544
8 0.28568 0.27537 0.00591 0.01544
8 0.40159 0.28676 0.00955 0.02353
2 0.21341 0.29449 0.00864 0.01838
2 0.25432 0.30257 0.01045 0.02279
8 0.41409 0.31875 0.01545 0.03456
2 0.19045 0.34485 0.01545 0.03382
8 0.46909 0.36912 0.02273 0.05441
2 0.13341 0.40331 0.02227 0.04779
8 0.68477 0.425 0.04045 0.07941
