8.0 0.46205664192387774 0.34776636430649027 0.03663003663003663 0.016483516483516484
8.0 0.4962768742394972 0.4368090789198687 0.018315018315018316 0.01282051282051282
8.0 0.5069346487301067 0.4608427096685562 0.014652014652014652 0.005494505494505495
8.0 0.5104262261779638 0.45633086954492297 0.01282051282051282 0.003663003663003663
8.0 0.5101874363562003 0.4431027027989065 0.01098901098901099 0.003663003663003663
8.0 0.5095406345866598 0.4140919512115681 0.007326007326007326 0.003663003663003663
2.0 0.5157628502643349 0.4931260388478652 0.009157509157509158 0.003663003663003663
2.0 0.5161270693252925 0.5180956694298432 0.009157509157509158 0.003663003663003663
2.0 0.5128823834358259 0.39762414910286514 0.009157509157509158 0.003663003663003663
2.0 0.513942837855594 0.41762879596619484 0.009157509157509158 0.003663003663003663
