8.0 0.5223973273306614 0.38549046307018847 0.04702627939142462 0.048409405255878286
8.0 0.45535228588942256 0.3607973457566677 0.022130013831258646 0.02351313969571231
8.0 0.43914991453543384 0.3488426736755978 0.016597510373443983 0.017980636237897647
8.0 0.4330525227423079 0.34065302764573413 0.012448132780082987 0.012448132780082987
2.0 0.33384397267482085 0.4830042404725098 0.019363762102351315 0.02074688796680498
2.0 0.3545457363899499 0.43771070451286015 0.013831258644536652 0.013831258644536652
2.0 0.369273673992749 0.40866805956186414 0.011065006915629323 0.011065006915629323
2.0 0.37808653589389624 0.39333302181976804 0.008298755186721992 0.008298755186721992
2.0 0.3833624143398387 0.3820031241796923 0.006915629322268326 0.006915629322268326
8.0 0.4142354693731435 0.3443149750538915 0.006915629322268326 0.006915629322268326
8.0 0.39951585889649804 0.3559013191291648 0.006915629322268326 0.005532503457814661
2.0 0.3561122607340976 0.407056037245203 0.006915629322268326 0.006915629322268326
2.0 0.3760593892388944 0.3873899230473193 0.006915629322268326 0.008298755186721992
