2.0 0.5714993392757539 0.3864982643387358 0.03903903903903904 0.02702702702702703
2.0 0.6455184254563927 0.3961676471340546 0.013513513513513514 0.009009009009009009
2.0 0.6364158636113826 0.38948102301419274 0.015015015015015015 0.009009009009009009
2.0 0.6336028960027679 0.3938263223079019 0.015015015015015015 0.009009009009009009
2.0 0.6302988045696545 0.4648839662448126 0.03303303303303303 0.02252252252252252
2.0 0.6589892559520799 0.48231230537235464 0.02252252252252252 0.016516516516516516
2.0 0.6747013733169029 0.5000839917977995 0.018018018018018018 0.012012012012012012
2.0 0.6819089715528748 0.49754504780697467 0.015015015015015015 0.009009009009009009
8.0 0.5955430886801274 0.5855789573262958 0.06456456456456457 0.04504504504504504
8.0 0.6615596757808244 0.6184556343953531 0.04504504504504504 0.03153153153153153
8.0 0.6934595808307409 0.6264865348886267 0.02702702702702703 0.018018018018018018
8.0 0.7163302717001633 0.5880354389772943 0.015015015015015015 0.0075075075075075074
8.0 0.715944897767583 0.5674625444977454 0.013513513513513514 0.0075075075075075074
8.0 0.706821793561978 0.6158062043371082 0.024024024024024024 0.013513513513513514
8.0 0.715732135647479 0.6152242759807804 0.01951951951951952 0.010510510510510511
8.0 0.7173879704269811 0.5612247444028612 0.010510510510510511 0.0045045045045045045
8.0 0.7184429929491469 0.5472336946383852 0.010510510510510511 0.0075075075075075074
8.0 0.7158905039081906 0.5348825857971786 0.0075075075075075074 0.0045045045045045045
2.0 0.6903609489307418 0.49281188860248887 0.013513513513513514 0.009009009009009009
2.0 0.6948130232303219 0.49554025911715793 0.013513513513513514 0.009009009009009009
