2.0 0.4655982121727534 0.31714750161078065 0.008547008547008548 0.015384615384615385
2.0 0.4624627431376814 0.3189467124049923 0.008547008547008548 0.015384615384615385
2.0 0.45171794266968535 0.3095719800664323 0.005128205128205128 0.010256410256410256
2.0 0.4353910860613226 0.3209571047176091 0.008547008547008548 0.013675213675213675
2.0 0.43247285082182313 0.32793231420243696 0.006837606837606838 0.017094017094017096
2.0 0.4122068497144543 0.3246291270157595 0.005128205128205128 0.011965811965811967
2.0 0.37568896184428063 0.34963300714040857 0.008547008547008548 0.020512820512820513
2.0 0.3746008096777454 0.36055402942958203 0.011965811965811967 0.023931623931623933
2.0 0.39820278043558843 0.33792369523784116 0.006837606837606838 0.018803418803418803
2.0 0.363412283182337 0.3776383289713003 0.015384615384615385 0.03076923076923077
2.0 0.33655104361362415 0.42293796372368275 0.023931623931623933 0.042735042735042736
8.0 0.5447141354950444 0.30038110088701636 0.008547008547008548 0.013675213675213675
8.0 0.5558739248336201 0.3021935021265033 0.006837606837606838 0.015384615384615385
8.0 0.5374675063077705 0.30934446191070347 0.006837606837606838 0.015384615384615385
8.0 0.5208803365177452 0.30252553688311284 0.006837606837606838 0.011965811965811967
8.0 0.5108625618715068 0.31681920497656757 0.006837606837606838 0.017094017094017096
8.0 0.5004262904625713 0.3246661500158753 0.011965811965811967 0.018803418803418803
8.0 0.5177012252411692 0.33202301379702565 0.013675213675213675 0.02564102564102564
8.0 0.5549829648866781 0.3411025117338399 0.018803418803418803 0.03247863247863248
8.0 0.6216824389427796 0.3693062482803118 0.02735042735042735 0.04786324786324787
8.0 0.8071196505621385 0.47839264864116743 0.05982905982905983 0.10598290598290598
