8 0.32 0.62059 0.04273 0.09412
8 0.26159 0.56985 0.01955 0.04412
8 0.21409 0.55478 0.00364 0.0125
8 0.16341 0.57721 0.01227 0.03382
8 0.15659 0.56912 0.00409 0.01765
8 0.27045 0.54081 0.00364 0.0125
2 0.33273 0.53125 0.00727 0.01691
2 0.35295 0.52426 0.005 0.01324
2 0.38636 0.52169 0.00818 0.01985
2 0.42114 0.50588 0.005 0.01176
8 0.39318 0.50699 0.00455 0.00956
8 0.52864 0.48676 0.00727 0.01029
2 0.52909 0.49853 0.00364 0.01618
2 0.44455 0.49816 0.00455 0.00956
2 0.46909 0.49081 0.00364 0.00956
