8.0 0.3899019231215201 0.6596177765262524 0.0406885758998435 0.025039123630672927
8.0 0.3742898928406044 0.5716281898691965 0.02034428794992175 0.012519561815336464
8.0 0.29925463542044606 0.7535868998650704 0.009389671361502348 0.004694835680751174
8.0 0.3117226166657711 0.709791393298849 0.012519561815336464 0.006259780907668232
8.0 0.3304138306793401 0.6315269059616309 0.01564945226917058 0.006259780907668232
8.0 0.38856238785346947 0.4937303828198877 0.014084507042253521 0.00782472613458529
8.0 0.4369580765922285 0.39084863240044565 0.014084507042253521 0.00782472613458529
8.0 0.48151953616705895 0.31763636151999636 0.017214397496087636 0.009389671361502348
2.0 0.536912018786362 0.3873233700995035 0.053208137715179966 0.03755868544600939
2.0 0.5971335769565561 0.22158951348316713 0.03442879499217527 0.023474178403755867
2.0 0.5104070438482525 0.31180556403366594 0.025039123630672927 0.018779342723004695
2.0 0.46034011379198553 0.38085457047834825 0.02034428794992175 0.014084507042253521
2.0 0.4520919295629261 0.4289900182002014 0.026604068857589983 0.017214397496087636
2.0 0.2955421451570244 0.7355019179879081 0.009389671361502348 0.006259780907668232
2.0 0.3073256446706508 0.6979738219863232 0.010954616588419406 0.006259780907668232
8.0 0.34488705615512305 0.5801585468160491 0.00782472613458529 0.004694835680751174
2.0 0.3193311103825104 0.6607062962518381 0.00782472613458529 0.003129890453834116
2.0 0.33432073197383744 0.6026337208315432 0.004694835680751174 0.003129890453834116
8.0 0.35075334334944375 0.5549142258105866 0.006259780907668232 0.004694835680751174
8.0 0.35284862430682473 0.5420317156791996 0.004694835680751174 0.003129890453834116
2.0 0.33738278531314775 0.5845336469986495 0.006259780907668232 0.003129890453834116
2.0 0.3395220932374283 0.5745217086100337 0.006259780907668232 0.003129890453834116
2.0 0.4025681824308252 0.427749229201904 0.004694835680751174 0.003129890453834116
