2 0.36818 0.29301 0.00545 0.01397
2 0.35364 0.29044 0.00545 0.01176
8 0.41727 0.27868 0.00455 0.01029
8 0.4725 0.29412 0.00773 0.02059
8 0.43114 0.28125 0.005 0.0125
8 0.40136 0.28199 0.00455 0.01103
2 0.80091 0.33162 0.02 0.03529
8 0.46023 0.28419 0.005 0.0125
2 0.87159 0.33603 0.01682 0.03971
2 0.36432 0.29706 0.00591 0.01471
8 0.47636 0.31765 0.01364 0.03088
2 0.34068 0.31213 0.00955 0.02132
2 0.25432 0.35037 0.01409 0.03162
2 0.16045 0.39816 0.02182 0.04485
2 0.31545 0.32684 0.01182 0.02574
8 0.44341 0.34118 0.01864 0.03824
8 0.43 0.37132 0.02091 0.05
8 0.6875 0.42647 0.035 0.07794
8 0.52273 0.39853 0.03182 0.06471
8 0.47523 0.2989 0.00591 0.01544
