8.0 0.33365379692665365 0.3947972013511446 0.09411764705882353 0.07205882352941176
8.0 0.43896267937932976 0.4332964735740003 0.027941176470588237 0.01911764705882353
8.0 0.4678296975622509 0.4558996639222439 0.01911764705882353 0.011764705882352941
8.0 0.47719344997749313 0.4641860335816094 0.016176470588235296 0.010294117647058823
8.0 0.4878137871282895 0.47320738623841374 0.013235294117647059 0.010294117647058823
8.0 0.4977915503215019 0.4847880940306057 0.011764705882352941 0.007352941176470588
8.0 0.5064427233070976 0.4954836916060473 0.010294117647058823 0.0058823529411764705
8.0 0.5104105571876485 0.5000553793879551 0.008823529411764706 0.0058823529411764705
8.0 0.5176948764967536 0.5091203255356023 0.0058823529411764705 0.004411764705882353
2.0 0.39955739783762834 0.3500921503439576 0.013235294117647059 0.008823529411764706
2.0 0.4015492435884644 0.35634126511141456 0.010294117647058823 0.010294117647058823
