7 0.11452 0.4222 0.01389 0.01086
8 0.42475 0.44836 0.01616 0.02763
2 0.60152 0.50329 0.02222 0.04145
2 0.5904 0.48438 0.0303 0.02401
8 0.40707 0.44046 0.01566 0.02632
8 0.39091 0.43668 0.01515 0.02533
8 0.42677 0.46628 0.01919 0.03454
2 0.51616 0.4375 0.01566 0.02566
8 0.4072 0.48766 0.02197 0.0398
2 0.55354 0.44375 0.01566 0.02632
2 0.57803 0.45707 0.01717 0.02928
2 0.6149 0.52336 0.02778 0.04868
8 0.38939 0.51809 0.0298 0.04934
2 0.63561 0.60576 0.0404 0.07138
8 0.35518 0.59194 0.04318 0.07204
