2 0.54409 0.27684 0.00818 0.01838
8 0.63727 0.27169 0.00636 0.0125
8 0.61886 0.26066 0.00409 0.00809
2 0.54227 0.28566 0.02 0.02279
8 0.62318 0.26324 0.00455 0.00882
8 0.64636 0.27868 0.00545 0.01324
8 0.6725 0.29449 0.00682 0.01838
8 0.66568 0.30588 0.01227 0.025
2 0.54795 0.28346 0.00955 0.01985
8 0.77568 0.34007 0.02045 0.04338
8 0.65841 0.28529 0.00773 0.01765
8 0.6975 0.31397 0.01136 0.02647
2 0.44727 0.30368 0.01091 0.025
2 0.46205 0.31471 0.01409 0.03235
2 0.4975 0.29191 0.01136 0.02206
8 0.63205 0.3 0.01227 0.02647
2 0.53545 0.2875 0.01091 0.02206
2 0.45205 0.33493 0.01955 0.03897
2 0.50545 0.325 0.01636 0.03676
2 0.48318 0.31875 0.01545 0.03309
8 0.77182 0.37132 0.02545 0.05588
2 0.36477 0.34853 0.02227 0.04412
2 0.21682 0.39926 0.02545 0.05441
8 0.62 0.39559 0.03 0.06471
8 0.86886 0.57426 0.05591 0.13382
8 0.66136 0.45221 0.03909 0.08824
2 0.55386 0.26471 0.005 0.01471
8 0.63091 0.26765 0.00364 0.01176
8 0.62682 0.26581 0.00455 0.01103
