8.0 0.34819615626543954 0.4295812447902135 0.014814814814814815 0.011851851851851851
8.0 0.34373276032526096 0.459485908412938 0.016296296296296295 0.011851851851851851
8.0 0.3425622003755295 0.4840647676284217 0.01925925925925926 0.014814814814814815
8.0 0.3525435832945364 0.4815259267425015 0.023703703703703703 0.01925925925925926
8.0 0.3738016052157664 0.47079766597156153 0.03111111111111111 0.023703703703703703
8.0 0.4278514979645479 0.42824710816373984 0.047407407407407405 0.035555555555555556
8.0 0.6253818532318485 0.296545227019948 0.10814814814814815 0.08148148148148149
2.0 0.33475764652004214 0.4460577008419826 0.011851851851851851 0.008888888888888889
2.0 0.3275303172866247 0.46982469791848974 0.013333333333333334 0.01037037037037037
2.0 0.3215870576919164 0.4920876449113614 0.013333333333333334 0.008888888888888889
2.0 0.3184370336909325 0.5121982857922817 0.013333333333333334 0.01037037037037037
2.0 0.3147438979891814 0.5348901441848766 0.016296296296296295 0.011851851851851851
2.0 0.3102573074803284 0.5861066334115462 0.01925925925925926 0.014814814814814815
2.0 0.3139853777830425 0.6147512886205548 0.023703703703703703 0.017777777777777778
2.0 0.3249582827672372 0.6470034909186899 0.03259259259259259 0.023703703703703703
2.0 0.34651558987674486 0.6932094326765116 0.044444444444444446 0.034074074074074076
2.0 0.3483327881602177 0.40322187114373986 0.011851851851851851 0.008888888888888889
2.0 0.3582003875047944 0.3721447127593698 0.01037037037037037 0.005925925925925926
2.0 0.36656190606711525 0.341708880991844 0.007407407407407408 0.0044444444444444444
2.0 0.3694726971111079 0.3399825497881967 0.01037037037037037 0.008888888888888889
8.0 0.35538594695004233 0.40315717447021027 0.01037037037037037 0.008888888888888889
8.0 0.36637551622761017 0.36407725794798174 0.013333333333333334 0.008888888888888889
8.0 0.37759121477288926 0.33133358784337674 0.008888888888888889 0.007407407407407408
8.0 0.3890581504670369 0.28775009381773087 0.007407407407407408 0.005925925925925926
8.0 0.39212307885387115 0.28703893313324325 0.008888888888888889 0.005925925925925926
8.0 0.39075473528067234 0.2949236956402944 0.008888888888888889 0.005925925925925926
2.0 0.26718677369587923 0.7075171120042576 0.01037037037037037 0.007407407407407408
2.0 0.27854486561942127 0.6278500556579771 0.008888888888888889 0.007407407407407408
2.0 0.28040951314483836 0.5982995041317867 0.008888888888888889 0.0044444444444444444
2.0 0.2786510272857275 0.5892135569017108 0.008888888888888889 0.005925925925925926
2.0 0.3627610945227451 0.34888427483176543 0.007407407407407408 0.005925925925925926
8.0 0.3769697295299886 0.3101083681442091 0.007407407407407408 0.005925925925925926
8.0 0.2679437229055716 0.6818158602889903 0.007407407407407408 0.0044444444444444444
8.0 0.2715475725061347 0.6449276019676192 0.005925925925925926 0.002962962962962963
