8.0 0.3568787848175416 0.47958770780357174 0.04741980474198047 0.05439330543933055
8.0 0.3764847222687944 0.44439768185605577 0.01813110181311018 0.02092050209205021
8.0 0.31085784448558346 0.3969203165327416 0.008368200836820083 0.008368200836820083
8.0 0.4027355231140812 0.44839762933887456 0.011157601115760111 0.011157601115760111
8.0 0.4303109771758952 0.45899304803593877 0.009762900976290097 0.011157601115760111
8.0 0.45319787820400803 0.4663772765335242 0.005578800557880056 0.00697350069735007
2.0 0.5046748253671305 0.5124014756081317 0.016736401673640166 0.019525801952580194
2.0 0.49702595090881746 0.4901945269496985 0.005578800557880056 0.00697350069735007
2.0 0.49306899835389456 0.4924791934842938 0.008368200836820083 0.009762900976290097
2.0 0.48676870218026 0.494634287579186 0.01394700139470014 0.015341701534170154
8.0 0.4615169641486697 0.46639616683461177 0.005578800557880056 0.00697350069735007
