8 0.74227 0.28456 0.00909 0.01912
2 0.48795 0.26801 0.00591 0.0125
8 0.15841 0.31654 0.005 0.0125
2 0.49591 0.27243 0.00727 0.01544
8 0.22068 0.31618 0.00591 0.01471
8 0.55273 0.25625 0.00545 0.01103
8 0.35477 0.27831 0.005 0.0125
8 0.14432 0.33824 0.00682 0.01618
8 0.27273 0.30184 0.00545 0.0125
8 0.33773 0.28529 0.00545 0.01176
2 0.09455 0.36176 0.00909 0.02206
8 0.74114 0.29816 0.01045 0.02279
8 0.57477 0.2614 0.00591 0.0125
2 0.31068 0.29743 0.00682 0.01397
8 0.68023 0.28382 0.01136 0.02206
8 0.59591 0.26728 0.00636 0.0125
2 0.23318 0.31912 0.00636 0.01765
2 0.53227 0.28566 0.01 0.02132
2 0.51205 0.27794 0.00864 0.01912
8 0.635 0.27721 0.00909 0.01912
2 0.525 0.29816 0.01182 0.02574
8 0.71659 0.32868 0.01955 0.03676
2 0.45977 0.30919 0.01318 0.02868
2 0.24591 0.37426 0.02091 0.04412
2 0.35705 0.33051 0.015 0.03309
2 0.17045 0.45956 0.02364 0.06765
8 0.53977 0.3511 0.02227 0.04779
8 0.59932 0.3864 0.03227 0.0625
8 0.84932 0.50257 0.05318 0.10662
