2.0 0.7113383969096826 0.42839764464019525 0.01282051282051282 0.007326007326007326
2.0 0.7031118624068184 0.42447961022097963 0.014652014652014652 0.007326007326007326
2.0 0.7025099364201446 0.43563272292120525 0.016483516483516484 0.009157509157509158
2.0 0.7031650097404092 0.4152919103536831 0.018315018315018316 0.005494505494505495
2.0 0.6978378234623895 0.4133143765661777 0.018315018315018316 0.007326007326007326
2.0 0.7054436733215337 0.40338233597118034 0.014652014652014652 0.007326007326007326
2.0 0.691259537535192 0.37852367102077056 0.020146520146520148 0.007326007326007326
2.0 0.679180149181537 0.3342944438186938 0.02197802197802198 0.009157509157509158
2.0 0.667264033532632 0.33192223576985264 0.02564102564102564 0.01098901098901099
2.0 0.6554967998023912 0.37120124904527063 0.03296703296703297 0.014652014652014652
2.0 0.5882336883240804 0.31373190213298463 0.054945054945054944 0.031135531135531136
8.0 0.7154073782454272 0.5310827704949567 0.01282051282051282 0.007326007326007326
8.0 0.7161474064910571 0.5169307410356521 0.018315018315018316 0.009157509157509158
8.0 0.7161657699767728 0.502406166843 0.014652014652014652 0.009157509157509158
8.0 0.6963176878286313 0.4755935166641334 0.020146520146520148 0.007326007326007326
8.0 0.6912332976700823 0.4819275712753736 0.023809523809523808 0.009157509157509158
8.0 0.7037397491819467 0.53723795724725 0.018315018315018316 0.009157509157509158
8.0 0.7120425718881213 0.5571685770224529 0.014652014652014652 0.007326007326007326
8.0 0.6884480475160272 0.5163014176425671 0.023809523809523808 0.01098901098901099
8.0 0.6794166303505713 0.5551823198567784 0.027472527472527472 0.014652014652014652
8.0 0.6146437857300122 0.6321307249017983 0.056776556776556776 0.029304029304029304
2.0 0.719132261149963 0.45583700352929984 0.009157509157509158 0.003663003663003663
2.0 0.7161844260158752 0.4581769788643871 0.01098901098901099 0.003663003663003663
2.0 0.7149420764503317 0.4503582945007925 0.01282051282051282 0.005494505494505495
