8 0.60364 0.26103 0.00545 0.01471
2 0.53568 0.25809 0.005 0.01176
2 0.52023 0.28419 0.00955 0.02132
2 0.47659 0.27096 0.00682 0.01544
2 0.52614 0.26213 0.00591 0.01397
2 0.51545 0.28529 0.01 0.02353
8 0.58591 0.26544 0.00636 0.01618
8 0.60386 0.27243 0.00773 0.01985
8 0.64227 0.275 0.00818 0.02059
8 0.57795 0.26949 0.00773 0.01838
8 0.66364 0.28199 0.00909 0.02279
2 0.475 0.28125 0.00818 0.01985
2 0.50091 0.26507 0.00727 0.01544
2 0.44045 0.27904 0.00909 0.01838
2 0.46591 0.29228 0.01091 0.02574
8 0.63932 0.29191 0.01227 0.02794
2 0.4075 0.30331 0.01227 0.02868
8 0.59886 0.30074 0.01318 0.03088
2 0.35932 0.3239 0.01591 0.03456
2 0.33568 0.35588 0.02136 0.04559
8 0.58318 0.31507 0.01545 0.0375
8 0.62614 0.34632 0.02318 0.04853
2 0.27114 0.42243 0.03045 0.06985
8 0.745 0.41875 0.03364 0.07721
