2.0 0.5884889603851832 0.23356082429197056 0.009722222222222222 0.009722222222222222
2.0 0.5982644784317653 0.22329314126832633 0.006944444444444444 0.006944444444444444
2.0 0.534910365115072 0.2708904231196395 0.008333333333333333 0.008333333333333333
2.0 0.6110588706498242 0.21494551058990524 0.009722222222222222 0.009722222222222222
2.0 0.2104483730278841 0.6103414468256528 0.009722222222222222 0.011111111111111112
2.0 0.5229068796376161 0.28431652155174375 0.011111111111111112 0.011111111111111112
8.0 0.5500632552666473 0.2592969760963659 0.008333333333333333 0.008333333333333333
8.0 0.5147769532837242 0.2868647281055358 0.008333333333333333 0.008333333333333333
2.0 0.33027053500162384 0.45578349845760124 0.008333333333333333 0.009722222222222222
2.0 0.4981487333996115 0.3009979662561296 0.006944444444444444 0.008333333333333333
8.0 0.27960730713100523 0.5213691504785557 0.008333333333333333 0.009722222222222222
2.0 0.5573914378825054 0.25807513029857776 0.011111111111111112 0.0125
2.0 0.4519261640013814 0.3384282649280645 0.008333333333333333 0.009722222222222222
8.0 0.23043151583655405 0.5877633639639367 0.0125 0.0125
2.0 0.4845595992665935 0.31503097617353526 0.009722222222222222 0.011111111111111112
2.0 0.365074354383145 0.42121301863628924 0.009722222222222222 0.011111111111111112
8.0 0.4782714343467411 0.32550340238858333 0.013888888888888888 0.013888888888888888
8.0 0.297827113253149 0.4958451507729794 0.011111111111111112 0.0125
8.0 0.2894351007630136 0.5288839009203999 0.019444444444444445 0.022222222222222223
8.0 0.2594205327348778 0.5478088482079749 0.008333333333333333 0.011111111111111112
8.0 0.6320924569407433 0.20599255453821788 0.013888888888888888 0.015277777777777777
2.0 0.23806195333045183 0.5704850554462616 0.008333333333333333 0.009722222222222222
8.0 0.37179484466064594 0.41846105824675406 0.011111111111111112 0.0125
8.0 0.31743341161062266 0.47358138082108636 0.009722222222222222 0.011111111111111112
8.0 0.5292292626802464 0.2839091561889499 0.013888888888888888 0.015277777777777777
2.0 0.4451618884498709 0.34727317407646635 0.011111111111111112 0.0125
2.0 0.40359294791837674 0.38530887713345907 0.009722222222222222 0.011111111111111112
8.0 0.4249200573950281 0.37005158825926227 0.0125 0.013888888888888888
8.0 0.5893952910693666 0.23956150579643887 0.0125 0.013888888888888888
8.0 0.3418433892153671 0.44876361049013064 0.011111111111111112 0.0125
8.0 0.2249221508136743 0.5999659053409211 0.013888888888888888 0.015277777777777777
2.0 0.256589086910244 0.6298281867440799 0.03194444444444444 0.03611111111111111
8.0 0.25045292768749045 0.5708823731370435 0.016666666666666666 0.018055555555555554
8.0 0.3635934755405782 0.4671479796925082 0.025 0.027777777777777776
8.0 0.465389451738926 0.3927949298111153 0.03333333333333333 0.034722222222222224
8.0 0.5778600204275248 0.32829050195813025 0.041666666666666664 0.04583333333333333
2.0 0.25416516214880275 0.5500423492526576 0.006944444444444444 0.008333333333333333
2.0 0.27154922505227796 0.5255428320907716 0.006944444444444444 0.008333333333333333
2.0 0.621812769261348 0.2069142966779253 0.005555555555555556 0.005555555555555556
8.0 0.6121584071352215 0.21271003083390147 0.005555555555555556 0.006944444444444444
2.0 0.6278698835854567 0.20335443487723895 0.005555555555555556 0.005555555555555556
