8 0.28886 0.5625 0.005 0.01176
2 0.33182 0.56912 0.00727 0.01765
8 0.265 0.5625 0.00455 0.01176
2 0.35068 0.56654 0.00682 0.01544
8 0.24523 0.56397 0.005 0.01324
8 0.20955 0.56507 0.00545 0.01544
8 0.19682 0.56728 0.00636 0.01691
8 0.18182 0.57316 0.00818 0.02132
2 0.33545 0.58051 0.01182 0.02426
2 0.31636 0.57316 0.00909 0.02132
8 0.16 0.58162 0.01 0.02647
8 0.14455 0.59191 0.01364 0.03235
2 0.3575 0.59154 0.015 0.03162
8 0.1025 0.61029 0.01864 0.04412
2 0.40114 0.60404 0.02136 0.03897
2 0.48432 0.62243 0.02318 0.05368
2 0.67795 0.65441 0.03773 0.08235
