8 0.3425 0.54228 0.01682 0.04044
8 0.36364 0.52243 0.01182 0.02868
8 0.30545 0.51544 0.00727 0.01912
8 0.34773 0.51581 0.00909 0.02426
2 0.51068 0.49449 0.00773 0.01838
2 0.46386 0.49559 0.00591 0.01471
2 0.40136 0.49926 0.00636 0.01618
2 0.34159 0.50221 0.00591 0.01471
2 0.31455 0.50441 0.00545 0.01324
2 0.29568 0.50551 0.00409 0.01103
2 0.29318 0.50257 0.00364 0.0125
8 0.24091 0.51912 0.00455 0.01471
8 0.21409 0.51765 0.00364 0.01029
8 0.21932 0.51434 0.00409 0.00956
8 0.23273 0.51066 0.00364 0.00809
2 0.4775 0.48529 0.00318 0.01029
8 0.51523 0.48051 0.00318 0.00809
8 0.46909 0.48272 0.00364 0.00809
8 0.42455 0.48529 0.00364 0.00882
2 0.18591 0.51434 0.00364 0.00809
