8 0.335 0.49081 0.00455 0.01103
2 0.33614 0.48346 0.00409 0.00956
8 0.29 0.49007 0.00273 0.00662
2 0.50955 0.47831 0.00545 0.01397
2 0.51409 0.48162 0.00545 0.01324
2 0.4075 0.47941 0.00409 0.01029
1 0.33205 0.49743 0.00409 0.0125
2 0.35682 0.48309 0.00364 0.00882
8 0.36386 0.48934 0.005 0.01103
8 0.39705 0.49118 0.00591 0.01471
8 0.38932 0.4875 0.005 0.01176
2 0.45205 0.4761 0.00409 0.00956
1 0.19 0.53088 0.00636 0.02059
2 0.48409 0.47647 0.00545 0.01176
1 0.31636 0.50809 0.00545 0.01471
2 0.52591 0.4864 0.00818 0.01838
1 0.21227 0.55625 0.02 0.0375
8 0.37864 0.50184 0.00909 0.01985
8 0.35295 0.51544 0.01227 0.02794
8 0.27432 0.54963 0.02318 0.04632
1 0.32591 0.49228 0.00273 0.00956
2 0.32727 0.48125 0.00364 0.00956
2 0.30977 0.48125 0.00318 0.00809
8 0.27614 0.48934 0.00318 0.00809
8 0.51159 0.47096 0.00591 0.00809
2 0.36341 0.47059 0.00318 0.00735
2 0.29591 0.48051 0.00364 0.00956
2 0.31568 0.47426 0.00409 0.00882
8 0.26864 0.48787 0.00273 0.00809
1 0.28045 0.49816 0.00364 0.00956
