2 0.30545 0.27169 0.00364 0.00956
8 0.30886 0.30074 0.00864 0.02206
2 0.30205 0.27279 0.00318 0.00882
2 0.32409 0.26875 0.00273 0.00809
2 0.13386 0.31029 0.00773 0.01176
2 0.30318 0.28272 0.00455 0.0125
8 0.38659 0.2761 0.005 0.01397
8 0.38364 0.27794 0.00364 0.01324
8 0.37705 0.27353 0.00318 0.01176
2 0.31273 0.27868 0.00455 0.01324
8 0.37045 0.27096 0.00364 0.00956
8 0.3575 0.28382 0.005 0.01471
8 0.32886 0.29118 0.00591 0.01765
2 0.22977 0.29853 0.00682 0.01765
2 0.17841 0.31471 0.00864 0.02059
8 0.33455 0.3125 0.00909 0.02647
2 0.27023 0.2886 0.00591 0.01544
2 0.13795 0.33493 0.01136 0.02574
8 0.49159 0.32684 0.01591 0.0375
2 0.16114 0.3489 0.01409 0.03309
2 0.23432 0.36434 0.01864 0.04338
2 0.27727 0.42243 0.03182 0.06985
8 0.73114 0.38971 0.02682 0.05882
