2 0.23818 0.39118 0.02636 0.05294
2 0.39909 0.33309 0.01727 0.03971
2 0.50909 0.31471 0.01545 0.03529
2 0.62068 0.30404 0.01591 0.03162
2 0.67341 0.30331 0.015 0.03162
2 0.73568 0.30368 0.015 0.03088
2 0.82409 0.31029 0.01455 0.03088
2 0.92955 0.32206 0.01273 0.03088
8 0.91455 0.58309 0.04364 0.13676
8 0.69818 0.43015 0.03818 0.08088
8 0.83091 0.35699 0.02091 0.04779
8 0.69727 0.36324 0.02545 0.05294
2 0.27523 0.28897 0.00682 0.01765
2 0.24091 0.27684 0.00545 0.01544
2 0.17432 0.2875 0.005 0.01471
2 0.08977 0.29375 0.00409 0.0125
2 0.09818 0.29669 0.00364 0.0125
2 0.1 0.2864 0.00364 0.00956
2 0.12932 0.29449 0.00682 0.01544
2 0.30386 0.26618 0.00591 0.01324
2 0.35455 0.25515 0.00545 0.01324
2 0.82636 0.26471 0.00545 0.01471
2 0.83727 0.26985 0.00545 0.01618
2 0.84318 0.26471 0.00455 0.01324
2 0.865 0.27684 0.00636 0.01691
2 0.90386 0.28493 0.00682 0.01838
8 0.19 0.27574 0.00455 0.01324
8 0.23386 0.26912 0.00409 0.01176
8 0.16955 0.27426 0.00364 0.01029
8 0.17364 0.27096 0.00364 0.01103
2 0.91932 0.27206 0.00409 0.01176
2 0.85227 0.25919 0.00364 0.01103
2 0.86795 0.26103 0.00318 0.01029
2 0.87205 0.26691 0.00409 0.01324
2 0.91523 0.26691 0.00409 0.01176
2 0.89114 0.26544 0.00409 0.01176
8 0.93318 0.28125 0.00545 0.01397
8 0.20341 0.26213 0.00318 0.00956
2 0.12341 0.27757 0.00318 0.00956
2 0.15568 0.26875 0.00318 0.00956
8 0.37045 0.24963 0.00364 0.01103
8 0.40318 0.24743 0.00273 0.00956
2 0.3675 0.25 0.00318 0.01176
2 0.39409 0.2489 0.00364 0.01103
2 0.41818 0.24779 0.00364 0.01029
2 0.44023 0.24743 0.00318 0.00956
2 0.48932 0.24596 0.00318 0.00956
8 0.43432 0.24706 0.00318 0.00882
8 0.51591 0.24485 0.00273 0.01029
8 0.54955 0.24449 0.00364 0.00956
2 0.51932 0.24522 0.00409 0.01103
2 0.55273 0.24522 0.00364 0.01103
2 0.60682 0.24522 0.00364 0.01103
2 0.66045 0.24706 0.00364 0.01176
8 0.64523 0.24522 0.00318 0.01103
8 0.68727 0.24632 0.00364 0.01029
2 0.71068 0.2489 0.00318 0.01103
2 0.76068 0.25147 0.00409 0.01176
2 0.79841 0.25331 0.00318 0.01103
8 0.73636 0.24779 0.00364 0.01029
8 0.78182 0.24963 0.00273 0.00956
