8.0 0.8481234945565851 0.5169876084927363 0.12017167381974249 0.1530758226037196
8.0 0.6041918146778098 0.38480932219110475 0.055793991416309016 0.06580829756795423
8.0 0.5758849687586391 0.3461083238527856 0.032904148783977114 0.04148783977110158
8.0 0.5961815876999565 0.3073417256904544 0.024320457796852647 0.02861230329041488
8.0 0.6105761332141075 0.2856591031489351 0.01859799713876967 0.022889842632331903
8.0 0.6167392165839531 0.26904185950940857 0.012875536480686695 0.015736766809728183
8.0 0.59826292465809 0.27099752250025605 0.010014306151645207 0.01430615164520744
8.0 0.5704210648502315 0.2783688565212428 0.010014306151645207 0.011444921316165951
8.0 0.5145081002626899 0.3003907982498158 0.008583690987124463 0.011444921316165951
2.0 0.2952431238136135 0.5159097716523833 0.0357653791130186 0.04148783977110158
2.0 0.3430890440768473 0.4652804495017916 0.031473533619456366 0.0357653791130186
2.0 0.3909753687939867 0.42270508702837356 0.027181688125894134 0.032904148783977114
2.0 0.45857141049770966 0.36564626765262775 0.02145922746781116 0.024320457796852647
2.0 0.4937793676115642 0.33474657869093905 0.01859799713876967 0.022889842632331903
2.0 0.5201343157067791 0.31113185520466624 0.01430615164520744 0.01859799713876967
2.0 0.4969478123154734 0.3189194644398549 0.01430615164520744 0.015736766809728183
2.0 0.474862491045912 0.32794050009119546 0.010014306151645207 0.012875536480686695
2.0 0.43546193124222726 0.34727143538844857 0.010014306151645207 0.012875536480686695
2.0 0.38751864519188217 0.37276936826772883 0.010014306151645207 0.012875536480686695
2.0 0.3550847424815886 0.39149509072838695 0.011444921316165951 0.012875536480686695
2.0 0.32219236229239917 0.41111139931921076 0.011444921316165951 0.01430615164520744
2.0 0.2979550870273423 0.42572222285986666 0.010014306151645207 0.011444921316165951
2.0 0.2941372305070549 0.42077954430917563 0.00715307582260372 0.010014306151645207
2.0 0.2824453187066295 0.43281605545668667 0.010014306151645207 0.011444921316165951
2.0 0.285121588651267 0.42847134791405217 0.008583690987124463 0.011444921316165951
2.0 0.3109751298575524 0.4073282480577981 0.00715307582260372 0.008583690987124463
8.0 0.45897392920017377 0.32872353633320217 0.008583690987124463 0.011444921316165951
8.0 0.4126164979664869 0.3533058755071891 0.00715307582260372 0.010014306151645207
8.0 0.37021937965209745 0.3780968051960202 0.008583690987124463 0.011444921316165951
8.0 0.3300305927814474 0.40036944395508833 0.010014306151645207 0.012875536480686695
8.0 0.3413981686603233 0.3897634984154519 0.00715307582260372 0.008583690987124463
8.0 0.3497491656786733 0.38991528874394576 0.00715307582260372 0.011444921316165951
