8.0 0.3484642104555177 0.5199635957568096 0.01098901098901099 0.003663003663003663
1.0 0.3465443195265052 0.5585769178607616 0.009157509157509158 0.003663003663003663
2.0 0.3584309172279987 0.47072673839403856 0.009157509157509158 0.003663003663003663
8.0 0.41759898537164486 0.8829733244652381 0.01282051282051282 0.007326007326007326
8.0 0.3535786642905417 0.5178019828880485 0.009157509157509158 0.003663003663003663
1.0 0.35143527742425124 0.5856906617007217 0.01098901098901099 0.003663003663003663
8.0 0.3617670453418132 0.5089179813811427 0.01282051282051282 0.005494505494505495
8.0 0.3838029651713781 0.48509717642058015 0.016483516483516484 0.007326007326007326
2.0 0.3650230139034062 0.4585914510971898 0.009157509157509158 0.003663003663003663
2.0 0.3749815226574386 0.4432134967926637 0.01282051282051282 0.007326007326007326
2.0 0.3917961985757264 0.4117894423140918 0.014652014652014652 0.005494505494505495
8.0 0.3976840187677299 0.4769402519278683 0.02197802197802198 0.009157509157509158
2.0 0.4193339508708675 0.36158162821087364 0.018315018315018316 0.009157509157509158
8.0 0.40771396551952843 0.48299032096489164 0.027472527472527472 0.01282051282051282
2.0 0.46565985245242897 0.30402063637280097 0.027472527472527472 0.016483516483516484
8.0 0.41584369308131075 0.5421595774049754 0.03663003663003663 0.018315018315018316
8.0 0.42257086924125464 0.6700495325042013 0.045787545787545784 0.02564102564102564
2.0 0.4973098488500074 0.2994562843423419 0.040293040293040296 0.020146520146520148
2.0 0.6524490622250131 0.3400750695840509 0.10989010989010989 0.04945054945054945
1.0 0.3397782276992433 0.6143357098236023 0.009157509157509158 0.005494505494505495
1.0 0.3825559551814871 0.4880086368836756 0.014652014652014652 0.003663003663003663
2.0 0.35367443809907906 0.47906110608925 0.007326007326007326 0.0018315018315018315
2.0 0.3505274322984454 0.4829301276830124 0.009157509157509158 0.0018315018315018315
