8 0.72045 0.27831 0.00273 0.00956
8 0.66795 0.27831 0.00409 0.01397
2 0.64273 0.26949 0.00455 0.01103
8 0.68136 0.28272 0.00545 0.01544
2 0.59273 0.26985 0.00455 0.01176
8 0.74795 0.29706 0.00682 0.01618
8 0.69977 0.27794 0.00318 0.01176
2 0.61818 0.26801 0.00455 0.0125
2 0.57864 0.27132 0.00545 0.01324
2 0.59932 0.27757 0.00682 0.01544
8 0.8025 0.31324 0.00773 0.02059
2 0.22591 0.44412 0.01455 0.04118
8 0.77909 0.32132 0.01091 0.02647
2 0.63795 0.28529 0.00773 0.01765
2 0.65841 0.29301 0.00773 0.01985
8 0.68795 0.32647 0.01227 0.03235
2 0.50159 0.30625 0.01409 0.02868
2 0.58159 0.30074 0.01227 0.025
2 0.41659 0.33346 0.02045 0.0375
8 0.87409 0.55735 0.04909 0.12059
8 0.65568 0.36765 0.02318 0.05147
8 0.72386 0.27831 0.00318 0.00956
