8 0.73636 0.45368 0.04 0.08824
8 0.6525 0.36029 0.01955 0.05147
8 0.57773 0.30735 0.01182 0.03235
8 0.46 0.29265 0.01 0.02794
8 0.37545 0.28676 0.00818 0.025
8 0.29682 0.28566 0.00727 0.02132
8 0.22682 0.28897 0.00636 0.01912
8 0.19477 0.27463 0.00409 0.0125
8 0.28091 0.25772 0.00455 0.01544
8 0.32523 0.25809 0.005 0.01618
8 0.39295 0.25515 0.005 0.01471
8 0.47023 0.25294 0.00591 0.01618
8 0.54068 0.24779 0.005 0.01471
8 0.60886 0.24154 0.005 0.01397
8 0.63523 0.23419 0.00409 0.00956
8 0.64682 0.22904 0.00364 0.00809
2 0.22705 0.41765 0.02682 0.06618
2 0.26932 0.36213 0.01682 0.04632
2 0.23182 0.32904 0.01182 0.03162
2 0.18432 0.32684 0.00955 0.02574
2 0.12955 0.32574 0.00909 0.025
8 0.11659 0.30662 0.00591 0.01765
8 0.12068 0.29449 0.00409 0.0125
2 0.15977 0.28051 0.00318 0.00956
2 0.22523 0.26397 0.00409 0.01029
2 0.50773 0.23309 0.00364 0.01176
2 0.53886 0.22904 0.00318 0.01103
2 0.55659 0.2261 0.00318 0.00956
2 0.46568 0.2375 0.00409 0.01324
2 0.41659 0.2386 0.00409 0.0125
2 0.36409 0.24118 0.00364 0.01324
2 0.30773 0.24632 0.00364 0.01324
2 0.09364 0.29963 0.00364 0.01103
