2.0 0.4469276698666259 0.5131552064381955 0.03949447077409163 0.06477093206951026
2.0 0.48336169225154973 0.47723899432862676 0.04107424960505529 0.053712480252764615
2.0 0.5510622176113188 0.45679266074901426 0.020537124802527645 0.0315955766192733
2.0 0.5643060461383888 0.4495168798308904 0.014218009478672985 0.022116903633491312
2.0 0.5819036241364369 0.4892976641298367 0.04107424960505529 0.05055292259083728
2.0 0.629127456759036 0.48430189469527823 0.0315955766192733 0.030015797788309637
2.0 0.6221851187995858 0.466256482129526 0.018957345971563982 0.02843601895734597
8.0 0.4615401267884421 0.5433626733275466 0.05055292259083728 0.07424960505529225
8.0 0.48520083746299875 0.4511935961717679 0.026856240126382307 0.036334913112164295
8.0 0.5160272905949381 0.481902038508965 0.03949447077409163 0.052132701421800945
8.0 0.5715713949177771 0.5156760565462766 0.04897314375987362 0.04897314375987362
8.0 0.5646192763155362 0.4717534724149519 0.030015797788309637 0.026856240126382307
8.0 0.5454627843055163 0.4507610598018129 0.01579778830963665 0.02843601895734597
8.0 0.5993000063360711 0.4545698948955435 0.017377567140600316 0.026856240126382307
