8 0.76409 0.44522 0.04 0.08015
8 0.62477 0.34926 0.01864 0.04265
8 0.57114 0.31324 0.01045 0.02794
8 0.54727 0.29926 0.00818 0.02206
8 0.53295 0.28971 0.005 0.01618
8 0.52295 0.28456 0.005 0.01471
2 0.19955 0.57647 0.04818 0.12059
2 0.28364 0.42868 0.03455 0.06765
2 0.33068 0.36287 0.02409 0.04485
2 0.36773 0.3261 0.01273 0.03015
2 0.39568 0.30551 0.00955 0.02426
2 0.40818 0.29449 0.00727 0.01985
2 0.41909 0.28603 0.00636 0.01618
2 0.42568 0.27868 0.00409 0.01471
2 0.43205 0.27353 0.005 0.01324
2 0.43773 0.26985 0.00455 0.01176
8 0.51136 0.27757 0.00364 0.00956
