8 0.22905 0.43111 0.0191 0.04111
8 0.1431 0.4075 0.00737 0.01833
8 0.07725 0.40917 0.00771 0.02278
8 0.06049 0.40222 0.00637 0.01889
8 0.08294 0.38833 0.00369 0.01444
8 0.12601 0.37639 0.00268 0.01056
8 0.16488 0.37028 0.00268 0.00833
8 0.19705 0.36472 0.00268 0.00833
2 0.85674 0.53278 0.02714 0.06444
2 0.61025 0.43167 0.01877 0.03889
2 0.38103 0.39 0.01273 0.02778
2 0.26491 0.38278 0.01039 0.02222
2 0.19856 0.38167 0.00771 0.01889
2 0.1684 0.38222 0.00838 0.01667
2 0.16873 0.37611 0.00503 0.01444
2 0.18482 0.37306 0.00503 0.01167
2 0.20895 0.36833 0.00436 0.01111
2 0.23241 0.36639 0.00369 0.00944
2 0.25704 0.36306 0.00268 0.00722
