2 0.66773 0.28051 0.00273 0.00809
2 0.37591 0.28934 0.00273 0.00662
8 0.21568 0.32243 0.00227 0.00662
2 0.36545 0.29485 0.00364 0.00882
2 0.36864 0.29301 0.00273 0.00809
8 0.42591 0.2886 0.00273 0.00809
8 0.25114 0.325 0.00318 0.01029
8 0.23 0.32243 0.00273 0.00809
8 0.22364 0.32721 0.00364 0.00882
8 0.68909 0.29081 0.00364 0.01103
8 0.62045 0.29816 0.00545 0.01397
2 0.30886 0.30735 0.00409 0.01029
2 0.35136 0.29816 0.00455 0.00956
8 0.67273 0.29816 0.00455 0.01397
2 0.29591 0.30809 0.00455 0.01029
8 0.40955 0.29485 0.00364 0.01029
2 0.62136 0.31765 0.01 0.02206
2 0.72659 0.29081 0.00409 0.01103
8 0.70182 0.29632 0.00364 0.01029
8 0.34205 0.30882 0.00591 0.01176
8 0.52795 0.3 0.00591 0.01471
2 0.75545 0.29743 0.00545 0.01103
2 0.78841 0.31029 0.00682 0.01324
8 0.4675 0.31176 0.00864 0.01912
2 0.77568 0.31654 0.00864 0.01691
2 0.62 0.33676 0.01364 0.02941
2 0.65409 0.3125 0.00909 0.01912
8 0.24477 0.63676 0.03318 0.13529
2 0.72432 0.31581 0.00864 0.01838
8 0.42091 0.3364 0.01091 0.02868
2 0.69523 0.39963 0.02227 0.05221
8 0.34932 0.40956 0.02227 0.05588
2 0.89068 0.59412 0.04591 0.10441
2 0.39818 0.28566 0.00273 0.00809
