8.0 0.5639286569257677 0.4940715228856242 0.017241379310344827 0.020114942528735632
2.0 0.5636345736611144 0.4936309508136693 0.01867816091954023 0.020114942528735632
8.0 0.5533379616005651 0.48557680988990504 0.015804597701149427 0.01867816091954023
8.0 0.5157653747356128 0.4644724258476898 0.014367816091954023 0.017241379310344827
2.0 0.543737554664037 0.5040495983598716 0.022988505747126436 0.03017241379310345
2.0 0.573429662618172 0.5242426334972496 0.027298850574712645 0.031609195402298854
8.0 0.5195483890838385 0.5151253980651341 0.028735632183908046 0.03017241379310345
2.0 0.49317354292027654 0.4962160330513555 0.033045977011494254 0.03879310344827586
2.0 0.5543765845586078 0.5482668804839104 0.03879310344827586 0.04454022988505747
8.0 0.5953269967487648 0.5659784124855525 0.03735632183908046 0.04310344827586207
2.0 0.4288888315268904 0.513150438776585 0.04597701149425287 0.05316091954022988
2.0 0.5894313698520853 0.6122420883931005 0.05028735632183908 0.05747126436781609
8.0 0.5244723564453777 0.6361285993238216 0.05890804597701149 0.06896551724137931
8.0 0.4086689574858384 0.5716601680350761 0.06321839080459771 0.07327586206896551
