8.0 0.3344454588995446 0.5042216437469452 0.08876560332871013 0.09431345353675451
8.0 0.3809282066818318 0.4392805519888774 0.024965325936199722 0.026352288488210817
8.0 0.2581580806900574 0.3505770973598725 0.009708737864077669 0.008321775312066574
8.0 0.34522492462463084 0.4062535641490515 0.015256588072122053 0.016643550624133148
8.0 0.3510666848116785 0.40331294498977543 0.006934812760055479 0.008321775312066574
8.0 0.36517628819127496 0.4083388423627685 0.006934812760055479 0.008321775312066574
8.0 0.37813238478709027 0.4127398234051872 0.005547850208044383 0.005547850208044383
2.0 0.431164799036487 0.45348494403597306 0.012482662968099861 0.012482662968099861
2.0 0.41488895665763803 0.43948489991252454 0.011095700416088766 0.012482662968099861
2.0 0.41487097946750845 0.43674442901136384 0.006934812760055479 0.008321775312066574
2.0 0.41518621766849756 0.4336068474707299 0.006934812760055479 0.006934812760055479
2.0 0.4112063766464782 0.4285616804269758 0.008321775312066574 0.008321775312066574
2.0 0.4941081313277351 0.4994872053277445 0.020804438280166437 0.022191400832177532
8.0 0.4710863990313827 0.4641510815284985 0.006934812760055479 0.008321775312066574
2.0 0.4490993533880524 0.4532012068298994 0.006934812760055479 0.008321775312066574
2.0 0.45901557753353023 0.45367946887538707 0.006934812760055479 0.006934812760055479
