2 0.87477 0.51949 0.01682 0.04191
2 0.78409 0.44338 0.01 0.02647
2 0.66545 0.38897 0.00727 0.01912
2 0.5675 0.35257 0.00591 0.01691
2 0.46227 0.32757 0.00545 0.01397
2 0.39136 0.31728 0.00455 0.01397
2 0.31159 0.31397 0.005 0.01324
2 0.2275 0.31654 0.005 0.01397
2 0.32159 0.30846 0.00318 0.01103
2 0.16455 0.31949 0.00455 0.0125
2 0.15523 0.31618 0.00409 0.01029
2 0.19886 0.30919 0.00409 0.01103
2 0.38545 0.31029 0.00364 0.01029
2 0.42477 0.31176 0.00409 0.01029
2 0.4525 0.31213 0.00409 0.01103
2 0.47318 0.31103 0.00364 0.00882
8 0.24614 0.70331 0.06591 0.16397
8 0.49955 0.41581 0.01909 0.04044
8 0.48136 0.375 0.01182 0.02647
8 0.45386 0.35037 0.00682 0.01985
8 0.37705 0.33309 0.00773 0.01765
8 0.27386 0.32904 0.00682 0.01838
8 0.14523 0.33603 0.00591 0.01618
