7.0 0.7411431475163122 0.5762518224558121 0.07507507507507508 0.11711711711711711
1.0 0.7431662715344315 0.33688283404288394 0.006006006006006006 0.009009009009009009
1.0 0.9045414146885705 0.4133506886731521 0.010510510510510511 0.018018018018018018
1.0 0.7711602875379562 0.343690899698477 0.006006006006006006 0.009009009009009009
1.0 0.8408994265197626 0.382231638641822 0.009009009009009009 0.013513513513513514
1.0 0.7531178442577456 0.3422550348481188 0.0045045045045045045 0.009009009009009009
7.0 0.20468475464772706 0.6510604062751394 0.025525525525525526 0.03453453453453453
1.0 0.7460563378891996 0.34616781470313734 0.0075075075075075074 0.012012012012012012
1.0 0.8079295824233098 0.37522074148256035 0.010510510510510511 0.016516516516516516
1.0 0.7119776549352883 0.32833632829944304 0.0045045045045045045 0.010510510510510511
1.0 0.700279746735745 0.32225856216270526 0.006006006006006006 0.009009009009009009
1.0 0.7482260560067846 0.33757561523007784 0.006006006006006006 0.0075075075075075074
1.0 0.7968271509215537 0.3612662454900789 0.0075075075075075074 0.012012012012012012
1.0 0.885883879787769 0.3995027707463918 0.0075075075075075074 0.015015015015015015
1.0 0.7526705151896368 0.33622054676003416 0.0045045045045045045 0.0075075075075075074
1.0 0.7161774396235943 0.3250831628139501 0.0045045045045045045 0.0075075075075075074
