7.0 0.45376828740695035 0.46466119065574174 0.059574468085106386 0.07659574468085106
2.0 0.43045870313330836 0.3130741429407538 0.014184397163120567 0.01702127659574468
7.0 0.6031720912531097 0.3108009431422047 0.04680851063829787 0.06099290780141844
7.0 0.23481774710678746 0.49768488803132593 0.018439716312056736 0.02553191489361702
7.0 0.1994734996643233 0.544442383120934 0.024113475177304965 0.029787234042553193
7.0 0.42230420556186377 0.3279407958557361 0.015602836879432624 0.02127659574468085
7.0 0.17703922400966068 0.5891787896101619 0.029787234042553193 0.03971631205673759
7.0 0.31603480151766655 0.414358606417312 0.015602836879432624 0.02127659574468085
7.0 0.5233229598415032 0.2634213927237063 0.01702127659574468 0.024113475177304965
7.0 0.2769554771260314 0.4522744360238712 0.01702127659574468 0.019858156028368795
7.0 0.28783531498520437 0.5827774180634986 0.05531914893617021 0.07092198581560284
7.0 0.4724161905780952 0.2933731543811703 0.015602836879432624 0.02127659574468085
7.0 0.5705207481432356 0.24184178037845713 0.02127659574468085 0.029787234042553193
2.0 0.29732226929544714 0.42140141681038534 0.014184397163120567 0.018439716312056736
2.0 0.49408873468290004 0.2691260475205187 0.01276595744680851 0.01702127659574468
2.0 0.24577558165862895 0.4698994788372281 0.014184397163120567 0.018439716312056736
9.0 0.6209666696720844 0.233587184889528 0.04680851063829787 0.06524822695035461
2.0 0.18448241439285745 0.5333340972849088 0.019858156028368795 0.024113475177304965
9.0 0.6198412750632237 0.24919121028355404 0.062411347517730496 0.08226950354609928
8.0 0.6314139556957412 0.16655660661131488 0.014184397163120567 0.01702127659574468
2.0 0.5626062092319355 0.22631157760459902 0.01702127659574468 0.02269503546099291
2.0 0.6308312947847345 0.19019677203904722 0.019858156028368795 0.02695035460992908
8.0 0.6312124442600997 0.15644892898380347 0.011347517730496455 0.014184397163120567
8.0 0.6314986743822195 0.14975311312511347 0.00851063829787234 0.011347517730496455
7.0 0.19548852638115655 0.6144142582982812 0.04113475177304964 0.05531914893617021
2.0 0.36279716384565885 0.36512492244698247 0.01276595744680851 0.01702127659574468
8.0 0.6471716447035043 0.13809267237938133 0.011347517730496455 0.014184397163120567
7.0 0.36849645834861383 0.3694764470269886 0.014184397163120567 0.018439716312056736
8.0 0.6302940378080535 0.18122376880084262 0.018439716312056736 0.02553191489361702
2.0 0.5981005114913099 0.6472084439370741 0.10070921985815603 0.13900709219858157
1.0 0.641626566479454 0.13923686491023518 0.0070921985815602835 0.009929078014184398
7.0 0.6305707865502106 0.25086194508212045 0.032624113475177303 0.04680851063829787
