7.0 0.33609537009795193 0.39798102180533984 0.0375 0.03888888888888889
7.0 0.46862840365005376 0.4844231939045563 0.03333333333333333 0.034722222222222224
7.0 0.5117716153563481 0.48158747974812666 0.018055555555555554 0.018055555555555554
2.0 0.5188710218558733 0.5551950182435451 0.04027777777777778 0.043055555555555555
2.0 0.564157058028673 0.5144920729398222 0.015277777777777777 0.016666666666666666
2.0 0.5426756099979542 0.48819350690493796 0.015277777777777777 0.015277777777777777
8.0 0.5301353042650409 0.48755486940724635 0.019444444444444445 0.019444444444444445
8.0 0.5802084242003674 0.5382418040160898 0.020833333333333332 0.020833333333333332
8.0 0.4374668110759787 0.43216822669166644 0.02361111111111111 0.02638888888888889
9.0 0.4997841525758455 0.45162148118453427 0.025 0.025
9.0 0.5207674608232308 0.46062522578181114 0.020833333333333332 0.022222222222222223
9.0 0.544793538777672 0.5166182690432974 0.034722222222222224 0.0375
