7 0.39795 0.43235 0.04682 0.09706
7 0.06909 0.24412 0.00909 0.02941
7 0.38818 0.16397 0.00545 0.01471
2 0.33318 0.20147 0.00909 0.02353
9 0.46227 0.26103 0.02364 0.075
9 0.47114 0.25294 0.015 0.06912
9 0.72795 0.25478 0.02682 0.07574
9 0.71568 0.24559 0.02227 0.06912
8 0.49023 0.22463 0.01227 0.02868
8 0.50205 0.20074 0.00955 0.02353
8 0.51 0.18676 0.00636 0.01765
8 0.51409 0.1761 0.00636 0.01397
8 0.54182 0.175 0.00545 0.01324
8 0.57091 0.17353 0.00545 0.01471
8 0.59614 0.17243 0.00682 0.01544
8 0.61 0.18272 0.00727 0.01691
8 0.62955 0.19522 0.00818 0.02279
8 0.66432 0.21765 0.01227 0.03088
