7 0.82799 0.47446 0.04457 0.14674
1 0.71379 0.18478 0.00348 0.01304
1 0.94568 0.19837 0.00557 0.02283
1 0.75087 0.17935 0.00313 0.01087
1 0.85376 0.19185 0.00557 0.0163
1 0.72841 0.18641 0.00279 0.01196
7 0.21744 0.82609 0.02054 0.0413
1 0.7218 0.19457 0.00418 0.01522
1 0.81058 0.19946 0.00487 0.02065
1 0.67201 0.18967 0.00348 0.01413
1 0.65494 0.18804 0.00348 0.01087
1 0.72023 0.18315 0.00313 0.00978
1 0.79039 0.18804 0.00348 0.01522
1 0.91643 0.19076 0.00418 0.02065
1 0.72493 0.17935 0.00279 0.01087
1 0.67549 0.1837 0.00279 0.01087
