2 0.31633 0.32772 0.01428 0.05326
7 0.06946 0.32391 0.01845 0.06739
2 0.41522 0.37283 0.01845 0.06522
7 0.08478 0.36467 0.02263 0.08587
2 0.47528 0.4375 0.02159 0.09022
2 0.10132 0.25598 0.01045 0.03804
2 0.17705 0.27609 0.0101 0.0413
2 0.24147 0.29728 0.01358 0.04674
2 0.70926 0.30761 0.00348 0.01522
7 0.05954 0.4087 0.02159 0.10435
2 0.54892 0.65326 0.04561 0.18043
2 0.73659 0.31196 0.00383 0.01304
2 0.83792 0.33478 0.00453 0.01522
2 0.79509 0.32337 0.00383 0.01413
7 0.64136 0.29239 0.00348 0.01304
2 0.25487 0.23207 0.00418 0.0163
2 0.20543 0.22554 0.00487 0.01848
7 0.81912 0.32663 0.00313 0.01196
2 0.64903 0.29674 0.00418 0.01522
2 0.77298 0.31902 0.00418 0.01413
2 0.57277 0.28098 0.00348 0.0163
2 0.33357 0.2413 0.00348 0.01522
7 0.56894 0.27717 0.00279 0.01304
2 0.5383 0.27337 0.00348 0.0163
2 0.47493 0.25707 0.00279 0.01196
7 0.23068 0.22554 0.00453 0.0163
7 0.59436 0.28261 0.00348 0.01304
2 0.34627 0.23315 0.00313 0.01196
2 0.3602 0.2413 0.00313 0.01522
2 0.45822 0.25326 0.00348 0.01304
2 0.6821 0.30217 0.00348 0.01522
7 0.25958 0.22935 0.00313 0.01522
2 0.50818 0.2663 0.00313 0.01522
2 0.05118 0.20326 0.00487 0.02174
2 0.35254 0.24185 0.00383 0.01413
7 0.54631 0.27228 0.00279 0.01413
2 0.36455 0.23533 0.00279 0.01196
7 0.30275 0.23152 0.00383 0.01522
7 0.78882 0.31957 0.00313 0.01304
7 0.05658 0.2 0.00383 0.01522
2 0.43454 0.24837 0.00279 0.01196
7 0.84314 0.33315 0.00383 0.01413
7 0.89833 0.34674 0.00418 0.01522
7 0.66417 0.29565 0.00313 0.01304
2 0.61386 0.28913 0.00348 0.01522
2 0.93663 0.35815 0.00418 0.0163
2 0.49182 0.2625 0.00313 0.01413
2 0.40651 0.24293 0.00313 0.01196
2 0.35585 0.23804 0.00348 0.01304
2 0.8743 0.34348 0.00418 0.01522
7 0.70369 0.3038 0.00279 0.01196
7 0.74164 0.31033 0.00279 0.01196
7 0.68471 0.3 0.00244 0.01304
2 0.38231 0.23804 0.00279 0.01087
2 0.29683 0.23804 0.00383 0.01739
7 0.28169 0.23152 0.00348 0.01522
9 0.13249 0.20978 0.00592 0.03043
2 0.12587 0.21522 0.00522 0.01957
9 0.11838 0.20815 0.00627 0.02935
9 0.1304 0.20652 0.00313 0.02609
7 0.19812 0.22065 0.00348 0.01522
7 0.29022 0.22609 0.00313 0.01304
7 0.29457 0.23152 0.00209 0.01522
7 0.31076 0.22554 0.00244 0.01196
2 0.33844 0.2337 0.00279 0.01304
2 0.3367 0.23261 0.00209 0.01304
7 0.3421 0.23043 0.00244 0.01087
7 0.3804 0.23641 0.00174 0.00978
7 0.41852 0.24348 0.00209 0.0087
7 0.45404 0.25 0.00209 0.0087
7 0.48747 0.25815 0.00209 0.00978
7 0.51393 0.26467 0.00209 0.00978
7 0.53377 0.26793 0.00279 0.01196
