7.0 0.4907891270344349 0.4768594590015463 0.041666666666666664 0.03166666666666667
7.0 0.47656743534501933 0.42243225119321576 0.03 0.023333333333333334
7.0 0.6229019709541874 0.2534054994189077 0.07833333333333334 0.06333333333333334
2.0 0.502904053696382 0.5901115899463157 0.055 0.03833333333333333
2.0 0.44437696578809893 0.5805693098722634 0.03166666666666667 0.025
2.0 0.4659781661977003 0.5234647754188613 0.03666666666666667 0.02666666666666667
8.0 0.4604798533154699 0.49920295658147834 0.03333333333333333 0.021666666666666667
8.0 0.4799713715841085 0.4499554311842341 0.03666666666666667 0.02666666666666667
8.0 0.4962074070586573 0.3619560835987846 0.035 0.023333333333333334
9.0 0.4215499318987217 0.6514487616329337 0.05333333333333334 0.035
9.0 0.4415726016712936 0.7180263516515704 0.075 0.045
9.0 0.542125325831408 0.26526107591183595 0.08166666666666667 0.055
