7.0 0.7557892833769996 0.36053943148583506 0.022684310018903593 0.08506616257088846
7.0 0.8101599754881329 0.2760025980540154 0.015122873345935728 0.05103969754253308
7.0 0.8331979266041345 0.2404596554719296 0.011342155009451797 0.035916824196597356
7.0 0.8456359966341809 0.22002673649177815 0.00945179584120983 0.030245746691871456
2.0 0.7483713748091044 0.21079465372546957 0.005671077504725898 0.022684310018903593
9.0 0.8543694061043946 0.19972318710908177 0.011342155009451797 0.03969754253308128
7.0 0.5211660486503751 0.7197971760293724 0.07372400756143667 0.22873345935727787
8.0 0.8643297507688688 0.1904268506344539 0.005671077504725898 0.01890359168241966
8.0 0.8608821405058074 0.19791717763669353 0.007561436672967864 0.020793950850661626
9.0 0.856391009386392 0.19965259116686737 0.003780718336483932 0.035916824196597356
8.0 0.8679417976625232 0.1829307813785413 0.003780718336483932 0.01890359168241966
