7.0 0.3348706665046743 0.6497571408199968 0.07012622720897616 0.061711079943899017
7.0 0.23828609747312 0.6500666572317431 0.04488078541374474 0.04207573632538569
7.0 0.4924676684559336 0.22077919288877298 0.03927068723702665 0.03506311360448808
8.0 0.45672016024122875 0.23638904591596988 0.03225806451612903 0.028050490883590462
8.0 0.43270041048730046 0.23710281922652027 0.025245441795231416 0.021037868162692847
8.0 0.4156004182498544 0.26059769147940226 0.023842917251051893 0.021037868162692847
8.0 0.4004067819990258 0.2818332290180217 0.023842917251051893 0.021037868162692847
8.0 0.3809029119587145 0.3106140897161817 0.02244039270687237 0.0182328190743338
8.0 0.3661668601525621 0.33257328074487674 0.025245441795231416 0.021037868162692847
8.0 0.3490570680701576 0.35884897179395714 0.02244039270687237 0.019635343618513323
8.0 0.35168855274405203 0.3877793981724813 0.029453015427769985 0.025245441795231416
2.0 0.30121843842301005 0.4893167203551224 0.03506311360448808 0.029453015427769985
2.0 0.18769313833234882 0.6325681521361696 0.02664796633941094 0.025245441795231416
