7 0.28432 0.58346 0.08409 0.15809
7 0.71318 0.3114 0.03636 0.06838
7 0.84818 0.28199 0.02636 0.05809
7 0.87318 0.21544 0.01455 0.03235
7 0.75273 0.18897 0.01091 0.02647
7 0.71864 0.17684 0.00818 0.02279
7 0.73182 0.16581 0.00727 0.01838
7 0.77227 0.16397 0.00636 0.01765
7 0.84409 0.1625 0.00636 0.01471
8 0.59409 0.26765 0.02273 0.05441
8 0.60841 0.22132 0.01591 0.03676
2 0.75045 0.2239 0.01545 0.0375
2 0.60659 0.18971 0.01136 0.02794
2 0.58636 0.17096 0.00909 0.02279
2 0.62773 0.15993 0.00727 0.01838
2 0.69341 0.15331 0.00591 0.01544
2 0.77955 0.15551 0.00545 0.0125
2 0.90432 0.15735 0.00591 0.01471
