7.0 0.22367887682413634 0.48570532503236097 0.01878612716763006 0.02601156069364162
7.0 0.18178125781887025 0.5325771302703403 0.024566473988439308 0.03468208092485549
7.0 0.2617910046297625 0.5897704903264034 0.05491329479768786 0.07658959537572255
7.0 0.44534301510965146 0.47896773369801643 0.06069364161849711 0.08526011560693642
7.0 0.5382405657086339 0.2637974458179642 0.017341040462427744 0.02601156069364162
7.0 0.43004390330483194 0.32315340826429084 0.01300578034682081 0.02167630057803468
7.0 0.484293059309286 0.2915684554991494 0.014450867052023121 0.023121387283236993
7.0 0.616616544060435 0.3236862725448092 0.044797687861271675 0.06502890173410404
2.0 0.5085015890898605 0.2668560230067831 0.01300578034682081 0.02023121387283237
2.0 0.4398762477744294 0.3079033259559709 0.01300578034682081 0.01878612716763006
7.0 0.2714734803977517 0.44116160777873364 0.017341040462427744 0.024566473988439308
2.0 0.5820493492279681 0.22821086926128095 0.01300578034682081 0.02167630057803468
2.0 0.23846267603717317 0.4564428626526383 0.014450867052023121 0.02023121387283237
8.0 0.6566474254742559 0.17124226935824519 0.014450867052023121 0.01878612716763006
7.0 0.3717976120840246 0.3623188661122535 0.014450867052023121 0.02167630057803468
9.0 0.6390734852092689 0.2589116395974484 0.059248554913294796 0.08815028901734104
8.0 0.6573450480895607 0.1613017091039171 0.010115606936416185 0.015895953757225433
2.0 0.1690778446036069 0.5188348865657479 0.015895953757225433 0.024566473988439308
9.0 0.6415669776258882 0.24164761955709935 0.046242774566473986 0.07514450867052024
7.0 0.31468153240447844 0.40498105754723396 0.015895953757225433 0.02167630057803468
7.0 0.5883798172438771 0.24533328832678633 0.02023121387283237 0.030346820809248554
8.0 0.6751010979745835 0.14366529446444068 0.008670520231213872 0.014450867052023121
2.0 0.2953120524666765 0.41026892670729587 0.014450867052023121 0.02023121387283237
8.0 0.6577366530313331 0.15381152190229944 0.010115606936416185 0.014450867052023121
2.0 0.36634918677951744 0.3570204897878048 0.010115606936416185 0.017341040462427744
2.0 0.6541820208914723 0.19623420599052677 0.02023121387283237 0.028901734104046242
2.0 0.5636751793677668 0.6965853053203364 0.06936416184971098 0.10260115606936417
8.0 0.6548420408816906 0.18677452340411815 0.017341040462427744 0.024566473988439308
1.0 0.6687770319399859 0.1438435705841732 0.005780346820809248 0.010115606936416185
7.0 0.6500178675368278 0.26083525944827407 0.031791907514450865 0.05057803468208093
