7.0 0.2643436892947559 0.5134201805795033 0.13831258644536654 0.14246196403872752
7.0 0.5539998143094389 0.3930089682371315 0.04149377593360996 0.04149377593360996
7.0 0.6075744727123685 0.37212825241506037 0.02627939142461964 0.027662517289073305
7.0 0.6318553443245628 0.36308817365858576 0.016597510373443983 0.016597510373443983
7.0 0.644914031849347 0.35781706107564454 0.013831258644536652 0.013831258644536652
7.0 0.6543049866899906 0.35340556194535927 0.011065006915629323 0.011065006915629323
2.0 0.733198474591989 0.5423173032620957 0.04564315352697095 0.04702627939142462
2.0 0.7178446782949298 0.46249502615049987 0.02627939142461964 0.027662517289073305
2.0 0.7104545882494364 0.42534468006919 0.019363762102351315 0.017980636237897647
2.0 0.7056676149705531 0.40735378280585893 0.015214384508990318 0.015214384508990318
2.0 0.7034590047632887 0.3953305449740674 0.011065006915629323 0.011065006915629323
9.0 0.7020731182307295 0.3854882087219063 0.015214384508990318 0.015214384508990318
9.0 0.660986416359742 0.3493141541438387 0.012448132780082987 0.015214384508990318
2.0 0.7920811889528858 0.4619469152058226 0.013831258644536652 0.013831258644536652
8.0 0.5662268387630471 0.3043771002972829 0.022130013831258646 0.022130013831258646
8.0 0.6993700108284586 0.38154413807639265 0.009681881051175657 0.009681881051175657
8.0 0.6799114062980498 0.3559235184579598 0.005532503457814661 0.005532503457814661
8.0 0.6885036287736368 0.36393589553989575 0.004149377593360996 0.005532503457814661
