9.0 0.5139005375084674 0.4189065587498056 0.0697350069735007 0.06415620641562064
9.0 0.6433203074365506 0.47040693637719344 0.03347280334728033 0.029288702928870293
9.0 0.5092597372151099 0.3494334475524546 0.05299860529986053 0.04741980474198047
8.0 0.5580471330062547 0.4102015501012698 0.029288702928870293 0.02789400278940028
8.0 0.6674732188731517 0.5211709007568147 0.02510460251046025 0.023709902370990237
8.0 0.603331022920118 0.4866104294597608 0.03486750348675035 0.03207810320781032
2.0 0.41681809573339823 0.28211202478214564 0.043235704323570434 0.04184100418410042
2.0 0.5486688853686293 0.438763527129409 0.03626220362622036 0.03347280334728033
2.0 0.6364271375396017 0.5046516979901233 0.02789400278940028 0.02510460251046025
7.0 0.4271079178083288 0.36505001144993343 0.05718270571827057 0.05578800557880056
7.0 0.6207492341640063 0.46592944085028504 0.026499302649930265 0.02510460251046025
7.0 0.687052855617854 0.5642759412802361 0.026499302649930265 0.02510460251046025
