7 0.3175 0.34449 0.03318 0.06544
7 0.32477 0.16544 0.005 0.01324
2 0.685 0.32096 0.03364 0.06691
2 0.2725 0.19779 0.00864 0.02059
9 0.59455 0.22941 0.02091 0.06176
9 0.58591 0.22279 0.01273 0.05735
9 0.38 0.23897 0.02091 0.06176
8 0.41136 0.21213 0.01091 0.02721
8 0.42682 0.19338 0.00818 0.02206
8 0.4375 0.18088 0.00591 0.01618
8 0.44364 0.17206 0.00455 0.01324
8 0.46659 0.17059 0.005 0.01324
8 0.49295 0.16838 0.005 0.01471
8 0.51955 0.16765 0.00455 0.01471
8 0.52886 0.17647 0.00591 0.01765
8 0.54205 0.18676 0.00682 0.01912
8 0.56136 0.20368 0.01182 0.02794
