7.0 0.6889874266912946 0.23936734787849645 0.024390243902439025 0.038109756097560975
7.0 0.6481610913226216 0.23527313393240412 0.01524390243902439 0.028963414634146343
9.0 0.6410010174137756 0.3037772282709468 0.04725609756097561 0.09603658536585366
9.0 0.6284128807520931 0.31964648726443834 0.057926829268292686 0.10670731707317073
7.0 0.618494309116709 0.24155261651321439 0.013719512195121951 0.024390243902439025
7.0 0.6763159431424441 0.25977697996889965 0.024390243902439025 0.04420731707317073
7.0 0.5842975338146575 0.2512915412889852 0.012195121951219513 0.022865853658536585
7.0 0.48425909718277294 0.289504908274315 0.009146341463414634 0.018292682926829267
2.0 0.7496958401689344 0.18567611389385483 0.018292682926829267 0.028963414634146343
7.0 0.5678708322776982 0.46717398664984744 0.06554878048780488 0.11128048780487805
7.0 0.6738475396689546 0.23314175216325195 0.018292682926829267 0.03048780487804878
2.0 0.6882580440258267 0.18095250175046915 0.007621951219512195 0.01524390243902439
2.0 0.6879591959843242 0.203179559654171 0.013719512195121951 0.022865853658536585
7.0 0.43977485785553594 0.3043420055123706 0.009146341463414634 0.01676829268292683
7.0 0.7175069158196301 0.163986086174258 0.007621951219512195 0.01524390243902439
7.0 0.4422028810847873 0.29353287293382135 0.007621951219512195 0.013719512195121951
2.0 0.4975074452890441 0.2738521697421732 0.009146341463414634 0.018292682926829267
2.0 0.7282660310452246 0.16413161379819963 0.009146341463414634 0.01524390243902439
2.0 0.5194538654729861 0.2654158140487539 0.007621951219512195 0.01676829268292683
2.0 0.5063894170868901 0.2624963457599688 0.007621951219512195 0.013719512195121951
2.0 0.4868436737793287 0.27593111138792736 0.007621951219512195 0.013719512195121951
7.0 0.6939715112492871 0.17481144443357569 0.007621951219512195 0.013719512195121951
2.0 0.5849800214086011 0.23885856018023888 0.010670731707317074 0.019817073170731708
2.0 0.6365465506673602 0.21963306067013144 0.012195121951219513 0.019817073170731708
7.0 0.47324129433788253 0.27591511753344267 0.006097560975609756 0.012195121951219513
2.0 0.49258874243694845 0.2706755760851707 0.007621951219512195 0.013719512195121951
2.0 0.6326379744273516 0.20255039328316138 0.006097560975609756 0.012195121951219513
7.0 0.5536682542819901 0.2362598759107707 0.007621951219512195 0.012195121951219513
7.0 0.5529829583489257 0.26178378488392695 0.010670731707317074 0.021341463414634148
7.0 0.42850968377465 0.30438066824854193 0.007621951219512195 0.01524390243902439
7.0 0.5123595808311505 0.2562618585502644 0.006097560975609756 0.012195121951219513
2.0 0.5319099867811142 0.24959460471442224 0.007621951219512195 0.012195121951219513
7.0 0.6437321996526127 0.1948994122135882 0.006097560975609756 0.012195121951219513
2.0 0.5666349602925975 0.23334273465522717 0.006097560975609756 0.012195121951219513
7.0 0.5977785869027045 0.2152381727268836 0.007621951219512195 0.012195121951219513
7.0 0.6438680024027523 0.327559700726963 0.03353658536585366 0.06707317073170732
2.0 0.6012427214999606 0.2175903441613234 0.009146341463414634 0.01524390243902439
