8.0 0.5996388644554951 0.4815403262769898 0.04275092936802974 0.0762081784386617
8.0 0.45572132539434207 0.4707863888060694 0.03531598513011153 0.0762081784386617
8.0 0.3310160080519493 0.516035732773386 0.05947955390334572 0.10037174721189591
2.0 0.3854368382409037 0.4526462452020729 0.03903345724907063 0.07063197026022305
2.0 0.30186378117695345 0.4767699653805651 0.046468401486988845 0.08550185873605948
2.0 0.5345359193893905 0.6431081304010106 0.07806691449814127 0.14684014869888476
9.0 0.5218943431779162 0.4377266889817768 0.05204460966542751 0.11338289962825279
9.0 0.48320859870711064 0.4794505157216218 0.05947955390334572 0.1412639405204461
9.0 0.7888295839360784 0.5938148539876046 0.09479553903345725 0.21189591078066913
7.0 0.3398394764112595 0.6646196595461733 0.08550185873605948 0.1579925650557621
7.0 0.4405357270574557 0.5587033499014511 0.06691449814126393 0.11524163568773234
7.0 0.5881883713484659 0.5367371451894121 0.06133828996282528 0.10037174721189591
