7.0 0.6223182591925241 0.6355652598699842 0.04160887656033287 0.036061026352288486
7.0 0.436711902824146 0.3249049058824391 0.036061026352288486 0.033287101248266296
7.0 0.7133476318003653 0.6978157146849184 0.026352288488210817 0.024965325936199722
7.0 0.6392946521897536 0.5927594392954776 0.02912621359223301 0.026352288488210817
7.0 0.5284293530711698 0.5891186892993416 0.0651872399445215 0.059639389736477116
7.0 0.6737195738666621 0.6728055199239662 0.03467406380027739 0.0319001386962552
2.0 0.6030514550995778 0.5213399091732797 0.024965325936199722 0.022191400832177532
7.0 0.6751685432447962 0.61268797522953 0.023578363384188627 0.020804438280166437
7.0 0.3323274712823018 0.5085219940204866 0.12205270457697642 0.11234396671289876
7.0 0.5368463377042201 0.4766651290048043 0.038834951456310676 0.03467406380027739
7.0 0.7128179821922359 0.6443549699059442 0.018030513176144243 0.016643550624133148
7.0 0.39037577752931424 0.23725901148378176 0.027739251040221916 0.024965325936199722
2.0 0.5216574921015817 0.41953266356411445 0.027739251040221916 0.024965325936199722
7.0 0.5036460559344526 0.34943601767725213 0.011095700416088766 0.009708737864077669
2.0 0.7183685561183125 0.6311505257790833 0.012482662968099861 0.009708737864077669
2.0 0.6303066232006114 0.5238050757487752 0.013869625520110958 0.012482662968099861
7.0 0.7435511831830036 0.6953874183899525 0.016643550624133148 0.015256588072122053
2.0 0.6353221828108864 0.5471933747914376 0.019417475728155338 0.016643550624133148
2.0 0.5772843218002136 0.44079619702301553 0.008321775312066574 0.008321775312066574
2.0 0.6066173079045034 0.4781622612802948 0.011095700416088766 0.009708737864077669
7.0 0.4211225950568434 0.24809449221727642 0.016643550624133148 0.015256588072122053
2.0 0.7435369065481165 0.6713529627860484 0.012482662968099861 0.011095700416088766
2.0 0.5097680795204194 0.3591403339657503 0.013869625520110958 0.011095700416088766
7.0 0.45981092939606666 0.29600220938144933 0.012482662968099861 0.011095700416088766
2.0 0.45178241783715484 0.29063228271669705 0.016643550624133148 0.015256588072122053
7.0 0.67735814261893 0.6014879617395844 0.016643550624133148 0.015256588072122053
2.0 0.6010075801284679 0.4744707425355062 0.012482662968099861 0.011095700416088766
2.0 0.7044805656452877 0.6152070802009999 0.009708737864077669 0.009708737864077669
7.0 0.6611513653283064 0.5629617330969452 0.013869625520110958 0.013869625520110958
2.0 0.6629274709350382 0.5464632391333599 0.006934812760055479 0.006934812760055479
7.0 0.6754358655253097 0.5751796397343134 0.011095700416088766 0.009708737864077669
7.0 0.6408763666425635 0.5213879427151213 0.008321775312066574 0.006934812760055479
2.0 0.6436968347325416 0.5235450593511622 0.009708737864077669 0.009708737864077669
2.0 0.7273028732942581 0.655607506781304 0.015256588072122053 0.012482662968099861
7.0 0.6317544227106976 0.5153225310537004 0.011095700416088766 0.009708737864077669
2.0 0.5932088651320118 0.4585811899872487 0.009708737864077669 0.009708737864077669
2.0 0.5344289640233414 0.3891266010495882 0.011095700416088766 0.008321775312066574
7.0 0.6885050952379195 0.6003663367784015 0.013869625520110958 0.011095700416088766
2.0 0.6107082457231595 0.48843991829451067 0.012482662968099861 0.011095700416088766
2.0 0.679203646775743 0.5676611858891325 0.008321775312066574 0.006934812760055479
2.0 0.6879924547279141 0.5859459191984817 0.012482662968099861 0.009708737864077669
2.0 0.687475594323584 0.5799276817829987 0.011095700416088766 0.011095700416088766
2.0 0.4673043994194879 0.3355454265094587 0.024965325936199722 0.022191400832177532
7.0 0.715809092994711 0.6190964977868304 0.009708737864077669 0.008321775312066574
9.0 0.5467612237549528 0.4128273945091293 0.018030513176144243 0.015256588072122053
7.0 0.6650946714486754 0.556260078608158 0.011095700416088766 0.011095700416088766
2.0 0.6999927734025791 0.6002473420912892 0.008321775312066574 0.006934812760055479
7.0 0.5413906870188212 0.39441831737319144 0.008321775312066574 0.006934812760055479
2.0 0.5541388826377208 0.4126159673680144 0.011095700416088766 0.008321775312066574
2.0 0.44336681825140173 0.28720941519128224 0.022191400832177532 0.019417475728155338
7.0 0.5227842324632573 0.37404476403507503 0.008321775312066574 0.006934812760055479
7.0 0.5590328443705063 0.41544342177817456 0.009708737864077669 0.008321775312066574
7.0 0.5976742062398341 0.46210202057073696 0.008321775312066574 0.008321775312066574
2.0 0.4758191206931439 0.31807392335645374 0.015256588072122053 0.013869625520110958
2.0 0.6089327250504516 0.47912091225841513 0.005547850208044383 0.005547850208044383
2.0 0.6461720126824507 0.5246941058413588 0.009708737864077669 0.008321775312066574
7.0 0.7571678466604393 0.6929999518070986 0.009708737864077669 0.009708737864077669
2.0 0.7548491121172303 0.7028529292335087 0.012482662968099861 0.011095700416088766
