7 0.88806 0.41141 0.0101 0.03804
2 0.70369 0.54185 0.02994 0.09674
7 0.3938 0.43424 0.01393 0.05543
2 0.88475 0.75435 0.05432 0.18478
2 0.7883 0.43098 0.01114 0.04457
7 0.21031 0.36576 0.00766 0.03152
2 0.72389 0.40707 0.00905 0.0337
7 0.40268 0.38804 0.0087 0.03696
2 0.89589 0.47337 0.0195 0.06413
7 0.42688 0.41739 0.01114 0.04783
7 0.79056 0.39022 0.00731 0.03043
7 0.32974 0.48696 0.02298 0.08261
7 0.70891 0.38043 0.00696 0.02609
7 0.29701 0.37826 0.00836 0.03478
7 0.45439 0.40272 0.00905 0.04022
2 0.61891 0.41033 0.00662 0.03804
2 0.25575 0.35435 0.00522 0.02391
2 0.56163 0.37826 0.00557 0.02609
7 0.16121 0.35543 0.00696 0.02826
2 0.35254 0.35707 0.00522 0.02283
2 0.63893 0.46467 0.01532 0.06196
2 0.12483 0.33913 0.00383 0.01957
2 0.33548 0.36467 0.00662 0.02717
7 0.28012 0.34022 0.00383 0.01739
2 0.23747 0.34348 0.00487 0.01957
2 0.06598 0.34022 0.00522 0.01957
2 0.57434 0.3913 0.00731 0.03043
7 0.11717 0.35054 0.00731 0.02717
2 0.50801 0.38207 0.00696 0.02935
2 0.62448 0.43043 0.01149 0.04783
2 0.08374 0.34402 0.00592 0.02283
2 0.2937 0.35 0.00453 0.02174
7 0.63527 0.375 0.00313 0.02174
7 0.57242 0.36739 0.00348 0.02174
2 0.49251 0.36957 0.00592 0.02391
7 0.05084 0.35054 0.00418 0.025
7 0.12639 0.67717 0.05501 0.17826
7 0.3945 0.35435 0.00487 0.01957
7 0.20282 0.33587 0.00313 0.01739
2 0.63684 0.38804 0.00627 0.02826
2 0.13997 0.34293 0.00487 0.02065
2 0.17549 0.33804 0.00348 0.01739
7 0.47876 0.36087 0.00557 0.02174
2 0.41365 0.37065 0.00627 0.02609
2 0.19377 0.34565 0.00453 0.02174
2 0.19882 0.33967 0.00418 0.01848
2 0.41713 0.36413 0.00418 0.02391
7 0.24634 0.33533 0.00383 0.0163
7 0.33304 0.3462 0.00383 0.02065
