9.0 0.6141404628863123 0.6176110049244771 0.1056338028169014 0.09014084507042254
9.0 0.6098110018065435 0.5286330854864962 0.07042253521126761 0.059154929577464786
9.0 0.4916573848186814 0.30619985570326086 0.06056338028169014 0.05070422535211268
7.0 0.40577064007562363 0.2733812022817963 0.07042253521126761 0.0647887323943662
7.0 0.5015259188855842 0.3735230007762044 0.04929577464788732 0.04507042253521127
7.0 0.5159801817761448 0.5638879571140925 0.09014084507042254 0.07746478873239436
2.0 0.53425338481844 0.4589771777494778 0.056338028169014086 0.04929577464788732
2.0 0.5628124060053279 0.45785865455689395 0.04084507042253521 0.036619718309859155
2.0 0.6010227975352292 0.5715462326099497 0.056338028169014086 0.04929577464788732
8.0 0.4234776249476183 0.3588506284922776 0.07887323943661972 0.06901408450704226
8.0 0.43870814936157365 0.27712917759072664 0.054929577464788736 0.04929577464788732
8.0 0.5274896233555565 0.3810528406240662 0.038028169014084505 0.03380281690140845
