7 0.51584 0.45707 0.02611 0.10761
7 0.49338 0.35761 0.01393 0.06304
2 0.72441 0.31141 0.01288 0.05326
7 0.44708 0.31902 0.00975 0.04239
7 0.44516 0.27228 0.00453 0.02283
2 0.60515 0.29022 0.00836 0.03913
7 0.40216 0.28696 0.00418 0.02609
2 0.92288 0.38641 0.03029 0.09239
7 0.39781 0.30326 0.00731 0.03261
2 0.5296 0.28043 0.00696 0.03261
2 0.8945 0.24728 0.00557 0.02283
2 0.72162 0.24837 0.00453 0.02065
2 0.5867 0.25435 0.00557 0.02391
7 0.85063 0.23913 0.00418 0.01957
7 0.41278 0.72935 0.06024 0.23043
2 0.80258 0.24891 0.00487 0.02174
7 0.6828 0.24239 0.00348 0.01739
7 0.48834 0.26141 0.00383 0.02065
7 0.94429 0.23478 0.00487 0.01957
2 0.64189 0.25109 0.00453 0.02174
7 0.76184 0.24239 0.00348 0.01739
2 0.54126 0.26739 0.00592 0.02609
7 0.60985 0.24402 0.00383 0.01848
