7.0 0.576500793846436 0.22057768412826437 0.02097902097902098 0.01818181818181818
7.0 0.23187909149309494 0.5922813018887443 0.027972027972027972 0.022377622377622378
2.0 0.32294516723673794 0.4887832674705748 0.027972027972027972 0.022377622377622378
7.0 0.5046945143317935 0.2816683980749904 0.01818181818181818 0.015384615384615385
7.0 0.32518215116101173 0.46451852578821023 0.019580419580419582 0.015384615384615385
2.0 0.35799096443453143 0.44120473417006245 0.023776223776223775 0.019580419580419582
8.0 0.2197016004314842 0.5931436952727565 0.025174825174825177 0.02097902097902098
2.0 0.6833833543228593 0.3872940292105703 0.1048951048951049 0.08671328671328671
2.0 0.45147633547342586 0.5528865799670692 0.08671328671328671 0.07272727272727272
9.0 0.3001418136853595 0.5843968344809038 0.07692307692307693 0.06013986013986014
8.0 0.2005397413248902 0.5937024903053874 0.019580419580419582 0.016783216783216783
2.0 0.29795939254289866 0.5344300944790965 0.032167832167832165 0.026573426573426574
2.0 0.624655239344862 0.199314027010496 0.02937062937062937 0.025174825174825177
2.0 0.5581185666953637 0.24852230538835526 0.025174825174825177 0.02097902097902098
7.0 0.3816652099817618 0.402004698866037 0.01818181818181818 0.013986013986013986
7.0 0.4413473495455297 0.341045078448039 0.016783216783216783 0.013986013986013986
9.0 0.3307498364810556 0.5773548173384635 0.0979020979020979 0.07972027972027972
2.0 0.40213313282396496 0.3923751612176784 0.022377622377622378 0.016783216783216783
7.0 0.2752291023869172 0.5273156355922961 0.023776223776223775 0.019580419580419582
2.0 0.3274350200106289 0.5925162608979643 0.05874125874125874 0.04755244755244755
8.0 0.18795545013511275 0.5938090593289939 0.015384615384615385 0.012587412587412588
8.0 0.16769250945928177 0.6071280388302005 0.013986013986013986 0.011188811188811189
8.0 0.1787693228420144 0.5945257693051349 0.013986013986013986 0.011188811188811189
2.0 0.5026955418157645 0.2950065550582556 0.02097902097902098 0.01818181818181818
2.0 0.4509151306276475 0.342446723248173 0.02097902097902098 0.01818181818181818
8.0 0.15431882108811193 0.6222216344646624 0.015384615384615385 0.012587412587412588
