7.0 0.3741051310738587 0.22459085740349313 0.05128205128205128 0.022222222222222223
7.0 0.3283607340996614 0.1576386671353584 0.02735042735042735 0.008547008547008548
7.0 0.3177915706330814 0.14223862580986105 0.023931623931623933 0.008547008547008548
8.0 0.3078289138760795 0.21733694720078123 0.023931623931623933 0.008547008547008548
8.0 0.3229334170914834 0.30441607154130657 0.03247863247863248 0.013675213675213675
7.0 0.34425919190684373 0.18191106307564212 0.03418803418803419 0.013675213675213675
7.0 0.44246440852088514 0.3250492775019211 0.08717948717948718 0.03418803418803419
7.0 0.31168570393463696 0.1321710649950488 0.020512820512820513 0.008547008547008548
7.0 0.29842861798863257 0.1124818008803897 0.011965811965811967 0.005128205128205128
7.0 0.3058330487515615 0.12352596132945785 0.017094017094017096 0.005128205128205128
7.0 0.30239182922341823 0.11789457782203876 0.017094017094017096 0.006837606837606838
7.0 0.6799743055329108 0.7198014327893595 0.19145299145299147 0.08205128205128205
7.0 0.2922994759810649 0.10256119458380887 0.010256410256410256 0.0017094017094017094
7.0 0.29423683968343206 0.10549096788786252 0.013675213675213675 0.003418803418803419
7.0 0.29613492801514735 0.10872466374763515 0.010256410256410256 0.005128205128205128
