7.0 0.4984528140636861 0.3411061229713985 0.03003003003003003 0.04954954954954955
7.0 0.1758379610138535 0.4700994800107758 0.01951951951951952 0.03003003003003003
7.0 0.3505193581788536 0.37833898963111273 0.02252252252252252 0.03453453453453453
7.0 0.5695789640360828 0.35923250209683594 0.04504504504504504 0.07057057057057058
7.0 0.626908670586682 0.4653996511420396 0.07357357357357357 0.12762762762762764
2.0 0.6031652941356216 0.27266492144818977 0.02702702702702703 0.04354354354354354
7.0 0.26643613150772133 0.41817286521034447 0.01951951951951952 0.03153153153153153
7.0 0.4247776258502731 0.3523995067551649 0.024024024024024024 0.03903903903903904
2.0 0.4900992821408442 0.3025762399702991 0.021021021021021023 0.03453453453453453
2.0 0.28905118912295896 0.3887549308461002 0.016516516516516516 0.025525525525525526
8.0 0.7480446183542492 0.22538964804242076 0.03303303303303303 0.052552552552552555
2.0 0.3919971648352105 0.3395007678600496 0.016516516516516516 0.028528528528528527
2.0 0.1817078098198066 0.45105382480654954 0.015015015015015015 0.02702702702702703
2.0 0.7404482795034916 0.2591039239749049 0.03903903903903904 0.06606606606606606
9.0 0.5304777933742089 0.6611762263658639 0.11411411411411411 0.21171171171171171
