2.0 0.6324073495334375 0.7692309714887899 0.042105263157894736 0.015789473684210527
2.0 0.6160555660296407 0.5719324880520186 0.05263157894736842 0.01929824561403509
7.0 0.6459585196942762 0.438910463106693 0.043859649122807015 0.015789473684210527
7.0 0.6574214977057232 0.5723647872010885 0.03508771929824561 0.008771929824561403
7.0 0.6109389815577856 0.2979411211627536 0.06491228070175438 0.02280701754385965
7.0 0.6785183290566623 0.8483307385700832 0.01929824561403509 0.005263157894736842
2.0 0.576762640497945 0.5042853508122197 0.07192982456140351 0.02631578947368421
2.0 0.679934419112911 0.6956477337627516 0.02280701754385965 0.008771929824561403
8.0 0.6718869282385129 0.594064129515147 0.031578947368421054 0.010526315789473684
7.0 0.6619238009088917 0.8133450970830194 0.02631578947368421 0.008771929824561403
2.0 0.6655116233995725 0.726405501157962 0.02631578947368421 0.010526315789473684
8.0 0.6782574847649385 0.6339341319085026 0.028070175438596492 0.008771929824561403
2.0 0.4733614782026477 0.47932472988514796 0.12280701754385964 0.042105263157894736
2.0 0.6815103974305895 0.8807330930831444 0.017543859649122806 0.007017543859649123
2.0 0.6870381861587894 0.7094273096978624 0.021052631578947368 0.007017543859649123
7.0 0.6568454479375456 0.6918672166801461 0.03333333333333333 0.010526315789473684
2.0 0.6319694329782155 0.6615183790421252 0.0456140350877193 0.017543859649122806
8.0 0.6897300972313418 0.5510672069481777 0.02456140350877193 0.007017543859649123
2.0 0.688452682916861 0.7489555988677775 0.01929824561403509 0.007017543859649123
7.0 0.4938407161035075 0.10135646256499875 0.11929824561403508 0.02982456140350877
8.0 0.6841658081307361 0.505749708887442 0.028070175438596492 0.008771929824561403
7.0 0.6784859001865154 0.7799626289934911 0.021052631578947368 0.0035087719298245615
2.0 0.6246023847367178 0.8899286971612487 0.03859649122807018 0.010526315789473684
7.0 0.6800813739148819 0.8049707366508879 0.021052631578947368 0.007017543859649123
2.0 0.6863321558105817 0.8078232022677873 0.017543859649122806 0.005263157894736842
7.0 0.6718958323381388 0.7784007104222174 0.02456140350877193 0.007017543859649123
