7.0 0.424338862901241 0.5169280994775356 0.06321839080459771 0.04454022988505747
2.0 0.49260447927582995 0.27171698709409753 0.05172413793103448 0.03735632183908046
7.0 0.399126380465966 0.4461370944813109 0.041666666666666664 0.028735632183908046
7.0 0.35198044274991963 0.3819276184457559 0.015804597701149427 0.011494252873563218
2.0 0.46622242509755113 0.23849671888321244 0.035919540229885055 0.027298850574712645
7.0 0.3972288943186171 0.3901706619549125 0.033045977011494254 0.022988505747126436
7.0 0.3704049721550887 0.3536354909380126 0.01867816091954023 0.01293103448275862
7.0 0.40959716569174826 0.3093178448811839 0.02586206896551724 0.017241379310344827
2.0 0.451178219959894 0.15430825946082746 0.014367816091954023 0.011494252873563218
7.0 0.33347095901535634 0.4177929127321199 0.014367816091954023 0.011494252873563218
2.0 0.39311170093866254 0.28875782683309625 0.015804597701149427 0.010057471264367816
7.0 0.5333993232394074 0.677243683966752 0.13793103448275862 0.09913793103448276
2.0 0.3113988399562528 0.4295712011784113 0.007183908045977011 0.005747126436781609
2.0 0.4257824134949718 0.24053088402250686 0.020114942528735632 0.014367816091954023
2.0 0.25700722150501 0.574704184353092 0.010057471264367816 0.007183908045977011
7.0 0.3914772747592971 0.32138603015864375 0.020114942528735632 0.01293103448275862
2.0 0.46133180388096906 0.20196565278795672 0.028735632183908046 0.020114942528735632
7.0 0.2639705704706099 0.5819283839128674 0.01293103448275862 0.008620689655172414
2.0 0.3252002286725336 0.39725293173379983 0.008620689655172414 0.005747126436781609
2.0 0.38765343855729006 0.27138330045809494 0.011494252873563218 0.007183908045977011
2.0 0.2762600128307487 0.5218235677979848 0.008620689655172414 0.005747126436781609
7.0 0.4636820733647764 0.11525697489153024 0.014367816091954023 0.011494252873563218
7.0 0.23233896446401675 0.6266268032057309 0.010057471264367816 0.008620689655172414
7.0 0.3103876833254326 0.46767552556078396 0.01293103448275862 0.010057471264367816
7.0 0.28626551430077246 0.523559578960961 0.01293103448275862 0.008620689655172414
7.0 0.44247787226462526 0.15680304401694312 0.011494252873563218 0.008620689655172414
2.0 0.26482294444044135 0.5474031887619888 0.008620689655172414 0.005747126436781609
2.0 0.42397802138090673 0.19677818756337898 0.01293103448275862 0.010057471264367816
2.0 0.36294317818684607 0.3407099808795736 0.015804597701149427 0.010057471264367816
2.0 0.30956591523321564 0.45184492251635633 0.01293103448275862 0.007183908045977011
2.0 0.35560940763129806 0.33166556422377125 0.008620689655172414 0.005747126436781609
2.0 0.2885306152770602 0.49143236023285797 0.008620689655172414 0.005747126436781609
2.0 0.2678575373626629 0.5534757707068844 0.011494252873563218 0.007183908045977011
2.0 0.34040827796002326 0.3632163554678396 0.007183908045977011 0.005747126436781609
2.0 0.33589383513784016 0.395274266920853 0.01293103448275862 0.010057471264367816
7.0 0.2351403064276674 0.6413594621547969 0.011494252873563218 0.008620689655172414
2.0 0.25577031525876415 0.5678617914995133 0.010057471264367816 0.007183908045977011
7.0 0.3989864412503393 0.23857151387025372 0.010057471264367816 0.005747126436781609
7.0 0.28798132839393487 0.48336464284084524 0.005747126436781609 0.004310344827586207
7.0 0.27615594713349045 0.5145914021741476 0.008620689655172414 0.005747126436781609
7.0 0.2447826145916086 0.6256182034352264 0.01293103448275862 0.008620689655172414
2.0 0.29986718438570653 0.45861413966096415 0.007183908045977011 0.004310344827586207
7.0 0.33608834147805255 0.367701875822608 0.005747126436781609 0.005747126436781609
2.0 0.3659467404067368 0.30972384450638585 0.010057471264367816 0.007183908045977011
2.0 0.4006454641479829 0.24299846244719228 0.011494252873563218 0.008620689655172414
7.0 0.23940238692341548 0.6031562953034962 0.007183908045977011 0.005747126436781609
2.0 0.25323352737319776 0.5765655053730843 0.010057471264367816 0.007183908045977011
7.0 0.41691944526908037 0.2020922908419552 0.010057471264367816 0.007183908045977011
7.0 0.34435843281803347 0.3478356326972413 0.008620689655172414 0.005747126436781609
7.0 0.2506168447207893 0.5771588984554044 0.007183908045977011 0.004310344827586207
7.0 0.3853912649937578 0.26309786107845873 0.010057471264367816 0.007183908045977011
2.0 0.3777209711190479 0.2893019460443624 0.010057471264367816 0.005747126436781609
2.0 0.2880879529919977 0.5037780766289601 0.014367816091954023 0.008620689655172414
7.0 0.3753946020747658 0.28113231837767144 0.010057471264367816 0.007183908045977011
7.0 0.3261958985901441 0.38638286486334383 0.011494252873563218 0.007183908045977011
7.0 0.35641962393785337 0.32113006452404624 0.008620689655172414 0.007183908045977011
7.0 0.3001409455267734 0.4482270546737732 0.007183908045977011 0.004310344827586207
7.0 0.3124281004401444 0.4194599113468266 0.008620689655172414 0.005747126436781609
7.0 0.2310260967732339 0.6405424117106479 0.011494252873563218 0.007183908045977011
