7.0 0.4745693245169554 0.4760749616645867 0.08345752608047691 0.04918032786885246
7.0 0.3980140819810875 0.4621971070239418 0.05067064083457526 0.028315946348733235
2.0 0.4344441321350541 0.2861515043595413 0.043219076005961254 0.02533532041728763
7.0 0.35710510377778365 0.48321204436942733 0.03278688524590164 0.020864381520119227
7.0 0.32370332208488045 0.47062538765258155 0.01788375558867362 0.010432190760059613
2.0 0.3840040498386555 0.3635999483230969 0.029806259314456036 0.01788375558867362
7.0 0.3211941197518033 0.505204571754392 0.019374068554396422 0.010432190760059613
2.0 0.5462953553735965 0.1691104686255006 0.07302533532041729 0.04918032786885246
7.0 0.33134602576611233 0.5131196747581617 0.02533532041728763 0.014903129657228018
2.0 0.35460298070660784 0.41374610118803884 0.02384500745156483 0.013412816691505217
2.0 0.44011159930812677 0.1475633613038092 0.01788375558867362 0.010432190760059613
2.0 0.3893341349744207 0.26931617994672197 0.01639344262295082 0.00894187779433681
2.0 0.35330884985661276 0.3658644907243652 0.01788375558867362 0.010432190760059613
7.0 0.42130762546136014 0.17594700017500256 0.014903129657228018 0.00894187779433681
7.0 0.6350872849263653 0.6296410077946558 0.17883755588673622 0.11177347242921014
2.0 0.413851125092272 0.2126123110934043 0.01788375558867362 0.010432190760059613
7.0 0.3735599556406222 0.2947997600457993 0.013412816691505217 0.007451564828614009
7.0 0.3289422666065243 0.4370557017619074 0.01639344262295082 0.00894187779433681
7.0 0.4461763897944079 0.10886495476301837 0.014903129657228018 0.00894187779433681
2.0 0.367473627563681 0.3261280666907608 0.01788375558867362 0.010432190760059613
7.0 0.3971252236862937 0.23928346756913307 0.013412816691505217 0.007451564828614009
2.0 0.3489202703260006 0.4016685320383236 0.020864381520119227 0.010432190760059613
7.0 0.352955265013158 0.3465245186880974 0.013412816691505217 0.00894187779433681
