7.0 0.37626678316071643 0.46610637957740614 0.03591160220994475 0.03591160220994475
7.0 0.32322611750381863 0.508825942762744 0.031767955801104975 0.03038674033149171
7.0 0.4358381464086305 0.4478494294205914 0.05110497237569061 0.05110497237569061
8.0 0.370561173703328 0.3891931639208825 0.019337016574585635 0.017955801104972375
2.0 0.5223573881542369 0.3069743815384262 0.04419889502762431 0.04558011049723757
7.0 0.5076708193756652 0.49721970301638213 0.08425414364640885 0.08425414364640885
8.0 0.3098396876024785 0.4700267983456731 0.016574585635359115 0.017955801104972375
2.0 0.42599709521481754 0.37289142261405805 0.03038674033149171 0.03038674033149171
2.0 0.1806458874788231 0.6258534433159993 0.012430939226519336 0.012430939226519336
2.0 0.35402440729177315 0.4416037622757375 0.024861878453038673 0.023480662983425413
8.0 0.34427336571253775 0.41548097191167277 0.015193370165745856 0.016574585635359115
7.0 0.27167061048745056 0.5685323204325243 0.026243093922651933 0.026243093922651933
2.0 0.29167274706024127 0.5164567578652636 0.022099447513812154 0.020718232044198894
7.0 0.26920034662071085 0.5068657333786104 0.011049723756906077 0.012430939226519336
7.0 0.2491232020357722 0.5285730520942316 0.011049723756906077 0.011049723756906077
7.0 0.2084888615881478 0.6550865659171331 0.024861878453038673 0.024861878453038673
7.0 0.2725607055649397 0.5285080451503701 0.016574585635359115 0.016574585635359115
2.0 0.20043300108345635 0.6386798133933014 0.022099447513812154 0.023480662983425413
2.0 0.23068623264980231 0.5839639687984324 0.019337016574585635 0.019337016574585635
8.0 0.3330321649586293 0.4484644951202047 0.020718232044198894 0.020718232044198894
2.0 0.23816703172802603 0.5536607318906543 0.013812154696132596 0.013812154696132596
2.0 0.2057135651386731 0.59154477855952 0.012430939226519336 0.012430939226519336
2.0 0.7003614020496448 0.2572440694843253 0.0787292817679558 0.07734806629834254
7.0 0.27968646671899644 0.5029003098030547 0.013812154696132596 0.013812154696132596
2.0 0.22592572414547815 0.5675322136038847 0.012430939226519336 0.012430939226519336
7.0 0.18925680727340952 0.6080015364247836 0.009668508287292817 0.011049723756906077
7.0 0.22239034650623735 0.563996835964644 0.011049723756906077 0.012430939226519336
2.0 0.242667512456904 0.5567710641277233 0.016574585635359115 0.015193370165745856
