7 0.32573 0.27935 0.00522 0.02391
2 0.23294 0.46848 0.03273 0.11087
7 0.89694 0.34837 0.00836 0.03152
7 0.4335 0.29022 0.00627 0.02391
7 0.22458 0.27065 0.00627 0.02391
2 0.9126 0.37174 0.01045 0.0413
2 0.19011 0.27554 0.00766 0.03152
7 0.55188 0.30109 0.00487 0.02391
2 0.38823 0.29076 0.00766 0.02935
7 0.75818 0.325 0.00662 0.02609
2 0.52089 0.30326 0.00696 0.03043
7 0.6546 0.3125 0.00557 0.025
2 0.64711 0.3212 0.00731 0.03152
7 0.10707 0.2587 0.00662 0.02391
2 0.29631 0.28261 0.00696 0.03043
2 0.09558 0.26739 0.00801 0.03043
2 0.76306 0.3413 0.00801 0.03478
