2 0.38005 0.27609 0.00731 0.03261
7 0.87866 0.33424 0.00731 0.02935
7 0.51915 0.28587 0.00557 0.02609
7 0.64589 0.30109 0.00627 0.02609
2 0.27019 0.26522 0.00766 0.03043
7 0.3024 0.25978 0.00592 0.02391
2 0.47702 0.28533 0.00696 0.03152
7 0.18646 0.24565 0.00592 0.02391
2 0.6196 0.3038 0.00731 0.0337
2 0.07155 0.24674 0.00801 0.03043
7 0.40634 0.27174 0.00557 0.02391
2 0.36455 0.5413 0.04387 0.15
2 0.17618 0.25598 0.00766 0.02935
7 0.75766 0.31522 0.00418 0.02826
7 0.07834 0.23587 0.00627 0.02609
2 0.76114 0.3288 0.00836 0.03587
2 0.89711 0.35761 0.0101 0.03913
