7 0.92079 0.32446 0.00522 0.02065
2 0.15912 0.45761 0.03552 0.12826
7 0.87918 0.3163 0.00487 0.01957
2 0.90146 0.3288 0.00627 0.02283
7 0.81163 0.3 0.00487 0.01739
2 0.69916 0.27174 0.00279 0.01304
2 0.71396 0.28478 0.00453 0.01739
2 0.68663 0.27228 0.00279 0.01413
2 0.84575 0.3163 0.00627 0.02174
2 0.42096 0.23315 0.00348 0.01413
7 0.76741 0.29022 0.00418 0.01522
2 0.56964 0.24674 0.00279 0.01087
7 0.78935 0.2962 0.00348 0.0163
2 0.79231 0.30435 0.00453 0.01957
2 0.35115 0.22337 0.00313 0.01413
2 0.23816 0.20598 0.00279 0.01413
2 0.69394 0.27935 0.00348 0.01304
2 0.64084 0.25707 0.00244 0.01196
2 0.20613 0.20109 0.00279 0.01087
2 0.75104 0.29457 0.00487 0.01957
2 0.27437 0.21087 0.00348 0.01304
2 0.6835 0.27446 0.00279 0.01413
2 0.50888 0.24402 0.00383 0.01413
7 0.5242 0.24022 0.00313 0.01087
2 0.539 0.24728 0.00279 0.01413
2 0.46971 0.23967 0.00348 0.01413
2 0.66278 0.7587 0.03586 0.17826
7 0.4765 0.23696 0.00313 0.01304
2 0.66191 0.26196 0.00209 0.01087
7 0.84262 0.30761 0.00418 0.01957
2 0.06842 0.20326 0.00453 0.01957
7 0.49739 0.23913 0.00313 0.01304
2 0.55867 0.24837 0.00313 0.01196
2 0.57939 0.24783 0.00279 0.01087
2 0.59958 0.25 0.00209 0.01304
7 0.54701 0.24185 0.00209 0.00978
2 0.08078 0.20217 0.00348 0.01739
2 0.62274 0.25435 0.00313 0.01304
9 0.3367 0.21413 0.00279 0.01739
9 0.31146 0.21196 0.00313 0.02174
9 0.30414 0.21141 0.00453 0.02283
9 0.34331 0.21467 0.00348 0.02065
7 0.42862 0.23098 0.00348 0.01413
7 0.45508 0.23424 0.00348 0.01413
2 0.09471 0.19022 0.00348 0.01304
2 0.11699 0.19185 0.00348 0.01413
2 0.14781 0.19402 0.00313 0.01413
2 0.18036 0.19783 0.00348 0.01304
2 0.38231 0.22826 0.00348 0.01304
2 0.69551 0.26793 0.00313 0.01413
2 0.07625 0.19457 0.00348 0.01522
2 0.07086 0.19022 0.00313 0.01522
7 0.09297 0.1875 0.00209 0.00978
7 0.14171 0.19185 0.00279 0.01196
7 0.19063 0.19674 0.00244 0.01304
7 0.23468 0.20326 0.00279 0.01087
7 0.27124 0.20761 0.00279 0.01087
2 0.30832 0.2163 0.00313 0.01522
7 0.30675 0.21304 0.00139 0.01304
7 0.34001 0.21793 0.00244 0.01196
7 0.40286 0.22772 0.00348 0.0163
7 0.58165 0.2462 0.00174 0.00978
7 0.62047 0.25272 0.00209 0.00978
7 0.72563 0.27228 0.00279 0.01196
7 0.74843 0.27772 0.00383 0.01413
7 0.75557 0.28587 0.00348 0.01739
7 0.75801 0.28098 0.00279 0.01413
7 0.75192 0.28478 0.00313 0.01739
