7.0 0.4573169759650083 0.3646869046029149 0.015214384508990318 0.013831258644536652
2.0 0.23426130535002462 0.6278004673093985 0.04564315352697095 0.04564315352697095
7.0 0.18687119686233303 0.5688446227296697 0.013831258644536652 0.013831258644536652
7.0 0.5498466316135029 0.2888200232708983 0.015214384508990318 0.013831258644536652
7.0 0.3003119576333398 0.4884909771652717 0.012448132780082987 0.012448132780082987
2.0 0.313520456562953 0.4825710916654454 0.016597510373443983 0.015214384508990318
2.0 0.350747824913687 0.45510230338484453 0.015214384508990318 0.016597510373443983
7.0 0.6200886097103036 0.23325983903785158 0.013831258644536652 0.013831258644536652
9.0 0.33662169506137307 0.4580883685662885 0.024896265560165973 0.024896265560165973
2.0 0.574915342177114 0.27892694061552886 0.017980636237897647 0.017980636237897647
7.0 0.3290260768955619 0.4665145517769015 0.012448132780082987 0.012448132780082987
2.0 0.46847471853010153 0.36809805904823184 0.017980636237897647 0.017980636237897647
2.0 0.38214558415564276 0.6026521285522466 0.07053941908713693 0.07053941908713693
2.0 0.2018481901023327 0.5649672683474202 0.013831258644536652 0.013831258644536652
7.0 0.41129368127550736 0.4018248315931151 0.013831258644536652 0.013831258644536652
2.0 0.5184883626038141 0.3257270123521156 0.017980636237897647 0.016597510373443983
7.0 0.5091841685891699 0.32205813449861276 0.013831258644536652 0.015214384508990318
2.0 0.6464218047569634 0.22149665402103036 0.019363762102351315 0.017980636237897647
7.0 0.2309142570048166 0.5381918395750067 0.013831258644536652 0.012448132780082987
7.0 0.26952229579633463 0.512066193829418 0.013831258644536652 0.012448132780082987
2.0 0.23631623376336208 0.5398053484506244 0.016597510373443983 0.015214384508990318
9.0 0.3576016553777705 0.445782581521881 0.024896265560165973 0.02351313969571231
2.0 0.4099396384527268 0.4131970778055948 0.016597510373443983 0.016597510373443983
9.0 0.35111863429205503 0.4436370388836748 0.02074688796680498 0.019363762102351315
2.0 0.273794486199427 0.5120767620944159 0.015214384508990318 0.013831258644536652
9.0 0.36769912822854717 0.4303412953805645 0.022130013831258646 0.02074688796680498
2.0 0.1693722357717658 0.5886270097026806 0.015214384508990318 0.013831258644536652
7.0 0.36169490972465357 0.44099339658565384 0.015214384508990318 0.015214384508990318
