2.0 0.6847860474167683 0.44754656388774366 0.03216374269005848 0.049707602339181284
7.0 0.47230713893616566 0.4045683092515724 0.04093567251461988 0.06286549707602339
7.0 0.5105064578378253 0.3209034863115947 0.01608187134502924 0.023391812865497075
2.0 0.6069272846205828 0.3833216688732705 0.023391812865497075 0.03508771929824561
7.0 0.8802492303794566 0.43561248813345743 0.013157894736842105 0.017543859649122806
7.0 0.45122437221031664 0.34494901308399817 0.02631578947368421 0.04093567251461988
2.0 0.7826915433017124 0.546450366769422 0.05555555555555555 0.0804093567251462
7.0 0.7407289488660339 0.38159699870047736 0.008771929824561403 0.01608187134502924
7.0 0.5665391017885976 0.3305848743384926 0.013157894736842105 0.019005847953216373
2.0 0.8504428016530181 0.4310355066330221 0.014619883040935672 0.021929824561403508
2.0 0.5943519303048237 0.3645209928784181 0.019005847953216373 0.029239766081871343
7.0 0.46820426305169816 0.32290750661549167 0.019005847953216373 0.029239766081871343
7.0 0.6805878975676803 0.36131705412955134 0.01023391812865497 0.017543859649122806
2.0 0.7593178908557697 0.39609344948087843 0.013157894736842105 0.019005847953216373
7.0 0.4673386933912943 0.46053438628096177 0.05555555555555555 0.08771929824561403
2.0 0.6715053250336318 0.36774722348677585 0.013157894736842105 0.02046783625730994
7.0 0.6217845005274428 0.3439464824606828 0.013157894736842105 0.02046783625730994
2.0 0.6329123698082612 0.35888476667251384 0.01608187134502924 0.024853801169590642
7.0 0.38196167178921786 0.558299781223722 0.097953216374269 0.14619883040935672
7.0 0.806715375832694 0.40563570255756876 0.011695906432748537 0.01608187134502924
2.0 0.6074262884616856 0.35822218929536387 0.017543859649122806 0.02631578947368421
2.0 0.7144220740792825 0.3805340936140726 0.013157894736842105 0.02046783625730994
2.0 0.8097237881855687 0.4143402511991576 0.013157894736842105 0.02046783625730994
