2 0.09923 0.27717 0.01393 0.05
7 0.82921 0.38587 0.00662 0.02826
2 0.89937 0.43533 0.01184 0.04457
7 0.75104 0.35163 0.00487 0.02065
2 0.1781 0.4038 0.02403 0.09239
2 0.12552 0.32283 0.01567 0.06304
7 0.9086 0.41413 0.0087 0.03261
2 0.76375 0.38261 0.00801 0.03261
2 0.32904 0.61739 0.05084 0.18478
7 0.8031 0.37446 0.00592 0.025
2 0.70665 0.35272 0.00662 0.02717
2 0.0874 0.24728 0.01045 0.04022
2 0.68175 0.3375 0.00557 0.02283
7 0.08078 0.18315 0.00418 0.01848
2 0.56737 0.30054 0.00383 0.01848
2 0.35829 0.24511 0.00348 0.0163
2 0.07469 0.21413 0.00592 0.02609
2 0.6344 0.32011 0.00557 0.02065
2 0.09331 0.19728 0.00487 0.02065
7 0.22371 0.21087 0.00383 0.01522
2 0.07939 0.22663 0.00836 0.03152
7 0.51671 0.28152 0.00348 0.01522
7 0.31529 0.23043 0.00313 0.01522
9 0.3999 0.62554 0.07277 0.33587
7 0.36351 0.24076 0.00279 0.0163
7 0.69063 0.33043 0.00453 0.01957
7 0.57173 0.29565 0.00348 0.01739
2 0.21657 0.21196 0.00418 0.01739
7 0.62326 0.30924 0.00418 0.01848
7 0.41034 0.25326 0.00244 0.01522
2 0.49774 0.28098 0.00383 0.01848
9 0.29265 0.51467 0.05327 0.24891
2 0.28795 0.22717 0.00348 0.01522
2 0.14485 0.2 0.00487 0.01739
7 0.26898 0.22011 0.00313 0.01413
2 0.42444 0.26304 0.00348 0.01739
7 0.15512 0.19674 0.00383 0.01739
7 0.46501 0.26739 0.00313 0.01522
