2.0 0.38523701323501724 0.5571773544373532 0.06461538461538462 0.1123076923076923
2.0 0.25130726838374084 0.4647435830767402 0.03076923076923077 0.055384615384615386
2.0 0.19985698402787597 0.4353736734595415 0.02 0.036923076923076927
2.0 0.1591112713771739 0.41137346028335986 0.013846153846153847 0.023076923076923078
2.0 0.1493083423223102 0.40523510955926023 0.010769230769230769 0.02
2.0 0.14293140144092514 0.40019140401705183 0.009230769230769232 0.016923076923076923
2.0 0.1367236672930178 0.3968972188189613 0.007692307692307693 0.013846153846153847
2.0 0.13235646804423945 0.39432720650217135 0.006153846153846154 0.012307692307692308
2.0 0.17395006910185176 0.42120117105196825 0.015384615384615385 0.027692307692307693
2.0 0.29938548303362866 0.3562835764261331 0.007692307692307693 0.016923076923076923
2.0 0.2968243816738692 0.35852335421502607 0.009230769230769232 0.016923076923076923
