9 0.24008 0.38967 0.02054 0.1337
2 0.19725 0.35598 0.01567 0.06196
7 0.85481 0.39946 0.00836 0.02935
7 0.78482 0.37283 0.00557 0.02174
7 0.79735 0.37935 0.00627 0.02609
2 0.25296 0.43152 0.02472 0.0913
2 0.72162 0.37283 0.00801 0.03043
7 0.08722 0.21087 0.00453 0.01739
7 0.05049 0.22663 0.00279 0.02283
7 0.43907 0.27228 0.00279 0.01413
7 0.74443 0.35435 0.00487 0.01957
2 0.35254 0.54076 0.03935 0.13804
2 0.44795 0.27989 0.00383 0.0163
2 0.14676 0.26576 0.00731 0.03152
2 0.17009 0.31467 0.01149 0.04674
7 0.35254 0.25272 0.00244 0.01413
2 0.67427 0.34076 0.00522 0.02065
7 0.31076 0.24457 0.00313 0.01304
7 0.10498 0.21196 0.00383 0.01522
2 0.81372 0.4087 0.01045 0.03913
2 0.19986 0.22989 0.00348 0.0163
2 0.15407 0.28641 0.0101 0.03804
2 0.15512 0.22826 0.00313 0.01739
2 0.26236 0.23913 0.00313 0.01522
7 0.06128 0.21957 0.00557 0.02174
7 0.14572 0.2163 0.00383 0.01522
7 0.63179 0.31848 0.00383 0.01739
2 0.63545 0.32663 0.00418 0.01848
2 0.51375 0.29457 0.00383 0.01739
7 0.6922 0.33641 0.00418 0.01848
7 0.06807 0.21196 0.00522 0.01739
2 0.32608 0.25109 0.00313 0.01522
7 0.87744 0.33315 0.00279 0.01413
7 0.48903 0.28424 0.00244 0.01413
7 0.53569 0.29674 0.00313 0.01522
7 0.58565 0.30815 0.00348 0.0163
7 0.27002 0.2375 0.00313 0.01413
2 0.38928 0.26576 0.00279 0.0163
2 0.6875 0.35217 0.00662 0.02391
7 0.39676 0.2625 0.00244 0.01413
2 0.57625 0.30978 0.00418 0.01957
2 0.13875 0.24185 0.00383 0.02065
2 0.14224 0.25054 0.00592 0.025
7 0.87326 0.325 0.00279 0.01087
7 0.91783 0.34348 0.00348 0.01522
2 0.6828 0.79076 0.02786 0.11413
9 0.27907 0.42174 0.03517 0.1587
