7.0 0.5221840549214076 0.21987874815183345 0.021367521367521368 0.017094017094017096
7.0 0.46413296100403373 0.2941742777554842 0.024216524216524215 0.018518518518518517
7.0 0.4975356508854157 0.2532111655207872 0.022792022792022793 0.01566951566951567
7.0 0.22712310321835338 0.597045820637943 0.021367521367521368 0.01566951566951567
7.0 0.2785943102777376 0.5236892441798544 0.018518518518518517 0.014245014245014245
2.0 0.20377197450646614 0.6597557265300884 0.03133903133903134 0.022792022792022793
7.0 0.44009706915654545 0.324164901848877 0.021367521367521368 0.01566951566951567
2.0 0.5002967218389267 0.5687675575455348 0.11253561253561253 0.08547008547008547
7.0 0.38245229533962977 0.3908594787833295 0.021367521367521368 0.014245014245014245
7.0 0.5461366963122916 0.16923834771041363 0.01566951566951567 0.011396011396011397
7.0 0.5352385981430237 0.20046058053755297 0.021367521367521368 0.01566951566951567
2.0 0.3769810126313888 0.41690176234791143 0.027065527065527065 0.018518518518518517
2.0 0.29177071059728277 0.5271648414934744 0.02564102564102564 0.019943019943019943
2.0 0.55958688499359 0.20457365616384537 0.029914529914529916 0.022792022792022793
2.0 0.503148256446614 0.27465620617935443 0.029914529914529916 0.022792022792022793
2.0 0.3214339510830123 0.673275178432463 0.07407407407407407 0.05555555555555555
7.0 0.5522061453763712 0.1506688181583357 0.01282051282051282 0.009971509971509971
7.0 0.556723696767882 0.1631598241771045 0.018518518518518517 0.011396011396011397
7.0 0.5508399826348956 0.17680375725238187 0.018518518518518517 0.01282051282051282
2.0 0.24411128417671865 0.5957069361993417 0.02849002849002849 0.021367521367521368
7.0 0.3294783315095353 0.45516169741067725 0.019943019943019943 0.014245014245014245
2.0 0.45319020003823157 0.3347038052421724 0.027065527065527065 0.019943019943019943
7.0 0.17254152424057081 0.6855765818240477 0.018518518518518517 0.01282051282051282
7.0 0.5389094470275266 0.1712688538471339 0.014245014245014245 0.009971509971509971
7.0 0.5561725481298114 0.166385330368084 0.017094017094017096 0.01282051282051282
2.0 0.3361546277055499 0.4679117371074122 0.02564102564102564 0.019943019943019943
