2 0.3212 0.24728 0.00662 0.02717
7 0.50226 0.2587 0.00453 0.02174
2 0.13022 0.22826 0.00696 0.02609
7 0.54544 0.26304 0.00522 0.02174
2 0.64154 0.28098 0.00522 0.02283
2 0.06128 0.22554 0.00766 0.02935
7 0.61038 0.26848 0.00487 0.01957
2 0.70874 0.28098 0.00383 0.01848
7 0.33461 0.23967 0.00487 0.02283
7 0.9187 0.30054 0.00453 0.01413
7 0.24878 0.23152 0.00453 0.02174
2 0.75487 0.27228 0.00348 0.01413
7 0.76445 0.27228 0.00313 0.01196
2 0.93593 0.31141 0.00557 0.01848
9 0.40129 0.24783 0.00662 0.0413
2 0.2211 0.23696 0.00696 0.02609
2 0.79544 0.27989 0.00313 0.01413
2 0.90042 0.30326 0.00418 0.01522
2 0.58391 0.27609 0.00487 0.02391
2 0.14746 0.38098 0.02472 0.09239
2 0.67688 0.26087 0.00279 0.01304
2 0.68837 0.28261 0.00487 0.02174
9 0.41939 0.25 0.00731 0.04348
2 0.27786 0.47554 0.03273 0.13152
7 0.81633 0.27989 0.00383 0.01196
2 0.67096 0.26467 0.00348 0.01413
2 0.83287 0.2875 0.00418 0.01413
7 0.62535 0.26685 0.00418 0.01848
7 0.58182 0.2663 0.00348 0.01957
2 0.70021 0.27228 0.00418 0.01413
2 0.51567 0.26793 0.00627 0.025
7 0.15599 0.22174 0.00487 0.02174
2 0.71257 0.27772 0.00383 0.0163
2 0.86281 0.29293 0.00418 0.01413
2 0.53238 0.71739 0.06128 0.22826
2 0.41052 0.25815 0.00557 0.025
9 0.40616 0.24076 0.00453 0.03587
7 0.63336 0.26576 0.00418 0.01848
7 0.86943 0.29022 0.00348 0.01522
2 0.72145 0.26685 0.00348 0.01413
7 0.71396 0.26359 0.00244 0.01413
2 0.69829 0.26359 0.00313 0.01413
2 0.66678 0.26141 0.00418 0.01413
7 0.66556 0.25652 0.00174 0.01087
7 0.6304 0.26359 0.00313 0.01848
7 0.62883 0.25326 0.00279 0.01304
7 0.60951 0.25598 0.00244 0.0163
7 0.60655 0.25272 0.00348 0.01413
9 0.42061 0.24239 0.00418 0.03478
