7.0 0.5244581698202941 0.13792589986798323 0.03076923076923077 0.025174825174825177
2.0 0.22221361033892767 0.6750994511608159 0.04195804195804196 0.03496503496503497
7.0 0.28649566729915166 0.5581517098471623 0.033566433566433566 0.027972027972027972
7.0 0.28941524041120953 0.5157332428956749 0.02937062937062937 0.025174825174825177
7.0 0.3150491710337964 0.5738075563461663 0.05314685314685315 0.043356643356643354
7.0 0.4039087985425292 0.5177160028397741 0.07412587412587412 0.06153846153846154
7.0 0.5858108215242959 0.3083930225664565 0.0937062937062937 0.07832167832167833
7.0 0.3576146255801056 0.36095110595548874 0.02097902097902098 0.016783216783216783
7.0 0.4274141107438594 0.25495141751624784 0.023776223776223775 0.01818181818181818
2.0 0.3420464496341821 0.3724499228605177 0.01818181818181818 0.015384615384615385
2.0 0.3049008767115984 0.43946272025935235 0.019580419580419582 0.016783216783216783
2.0 0.2425828807023855 0.5868076878439253 0.027972027972027972 0.023776223776223775
2.0 0.48844333195997036 0.16168083016333254 0.022377622377622378 0.01818181818181818
7.0 0.47422153565780806 0.1944980997215386 0.023776223776223775 0.019580419580419582
2.0 0.27177957126951624 0.509549790954479 0.022377622377622378 0.019580419580419582
7.0 0.3051839524374951 0.4655583924506761 0.025174825174825177 0.02097902097902098
7.0 0.3865627928002688 0.3144921402108575 0.02097902097902098 0.01818181818181818
2.0 0.3773009028654204 0.31531312851735027 0.019580419580419582 0.016783216783216783
7.0 0.3283525785378116 0.4138116363607354 0.02097902097902098 0.01818181818181818
2.0 0.4280786032084183 0.24079417585045348 0.019580419580419582 0.016783216783216783
