9 0.70056 0.35489 0.01253 0.05761
2 0.88423 0.42446 0.01358 0.04674
2 0.4852 0.46413 0.02263 0.10217
7 0.46623 0.3125 0.00836 0.03587
7 0.3945 0.27174 0.00487 0.02391
2 0.56058 0.40489 0.0188 0.06848
9 0.66382 0.34946 0.0101 0.06196
2 0.28865 0.26033 0.00766 0.02717
2 0.9039 0.39891 0.00905 0.03261
7 0.75731 0.37228 0.00696 0.03587
7 0.20369 0.38261 0.02437 0.08478
7 0.58861 0.3462 0.0094 0.03804
9 0.74077 0.38641 0.01845 0.07935
7 0.38179 0.27826 0.00592 0.02609
8 0.22597 0.28859 0.01184 0.04457
7 0.4288 0.27283 0.00522 0.02174
9 0.78395 0.39239 0.01776 0.07174
7 0.40111 0.29076 0.00766 0.03152
2 0.87378 0.37935 0.00801 0.02609
7 0.38196 0.34402 0.01253 0.05761
2 0.76184 0.40109 0.01253 0.04565
2 0.32208 0.25652 0.00627 0.02391
2 0.81372 0.35543 0.00627 0.02391
8 0.18454 0.31413 0.01532 0.0587
7 0.79074 0.36902 0.00487 0.03152
2 0.65651 0.39293 0.01428 0.05326
7 0.52751 0.2875 0.00487 0.01848
7 0.47493 0.2788 0.00557 0.02065
2 0.37918 0.31359 0.00627 0.04022
2 0.29718 0.27826 0.00801 0.03696
2 0.65912 0.31141 0.00487 0.01848
2 0.51166 0.27935 0.00453 0.01957
7 0.78186 0.35815 0.00522 0.025
2 0.49739 0.68533 0.04701 0.19457
2 0.37709 0.25978 0.00487 0.02174
7 0.68175 0.36304 0.00975 0.03696
7 0.74896 0.34348 0.00487 0.02609
2 0.4415 0.26739 0.00418 0.01957
7 0.64067 0.31087 0.00418 0.02174
2 0.74217 0.3337 0.00592 0.01957
7 0.57747 0.29837 0.00383 0.01848
8 0.05223 0.25815 0.00696 0.04891
2 0.57538 0.2913 0.00522 0.01957
