7 0.55327 0.30109 0.01393 0.05217
7 0.63562 0.33261 0.01636 0.06957
7 0.35446 0.29239 0.01045 0.03913
7 0.4563 0.29076 0.01079 0.04457
2 0.53935 0.26359 0.01045 0.03587
7 0.23364 0.30489 0.00975 0.03804
2 0.82068 0.29511 0.01532 0.06196
8 0.9415 0.19728 0.00627 0.02283
7 0.09645 0.32935 0.01045 0.03913
8 0.90738 0.19946 0.00627 0.02283
2 0.67792 0.2712 0.01462 0.04674
8 0.86821 0.21413 0.00731 0.02826
8 0.85707 0.23424 0.0094 0.03587
9 0.64676 0.53315 0.05745 0.29891
8 0.87535 0.20109 0.00557 0.02391
7 0.60794 0.65924 0.06058 0.225
2 0.26236 0.28478 0.00731 0.03043
8 0.83513 0.27011 0.01288 0.04891
7 0.68767 0.41359 0.02646 0.10978
2 0.40825 0.26848 0.00801 0.03261
2 0.09993 0.31196 0.00766 0.03261
9 0.53708 0.66576 0.07416 0.36413
