7.0 0.8112744918697893 0.32504516542596396 0.010526315789473684 0.028070175438596492
7.0 0.22130545897376344 0.31534724533882386 0.008771929824561403 0.02631578947368421
7.0 0.2679806661840408 0.3002767404881202 0.007017543859649123 0.02280701754385965
2.0 0.3967350396425593 0.39168200843538953 0.02456140350877193 0.06140350877192982
7.0 0.1408076637086456 0.3552315927762926 0.017543859649122806 0.043859649122807015
2.0 0.4271467466758395 0.46615726691551046 0.031578947368421054 0.0912280701754386
2.0 0.8520960318818069 0.34315543781059843 0.014035087719298246 0.03859649122807018
7.0 0.17740761068250044 0.33254735959354337 0.014035087719298246 0.03508771929824561
7.0 0.6662457416018814 0.3128519958537167 0.008771929824561403 0.02280701754385965
2.0 0.5772769541839091 0.31197490303602 0.007017543859649123 0.02456140350877193
7.0 0.6206709045375374 0.30614905069100873 0.007017543859649123 0.021052631578947368
7.0 0.10608476091673442 0.4086813053155532 0.02631578947368421 0.07017543859649122
2.0 0.3076372188486335 0.32688312486382415 0.012280701754385965 0.03333333333333333
7.0 0.799324148581541 0.2970007173792416 0.005263157894736842 0.012280701754385965
7.0 0.2796915980360397 0.2904766994189319 0.008771929824561403 0.01929824561403509
7.0 0.7267954507947378 0.31968008899908823 0.008771929824561403 0.02456140350877193
2.0 0.8278071013417895 0.2954763315257145 0.005263157894736842 0.012280701754385965
7.0 0.6078642051349576 0.2993593962097932 0.008771929824561403 0.01929824561403509
7.0 0.6945707602236153 0.28822447462364836 0.0035087719298245615 0.012280701754385965
2.0 0.5811462549560789 0.28444962322623757 0.0035087719298245615 0.012280701754385965
2.0 0.35222106570411854 0.3036982374191785 0.008771929824561403 0.021052631578947368
2.0 0.7686148730565285 0.28945895126753074 0.0035087719298245615 0.010526315789473684
2.0 0.3216248992507956 0.3163148389314373 0.010526315789473684 0.02456140350877193
2.0 0.5731853303136794 0.2928027808096334 0.005263157894736842 0.015789473684210527
2.0 0.339697763575444 0.3544221817387837 0.015789473684210527 0.0456140350877193
2.0 0.5963121432134528 0.2899631652426511 0.005263157894736842 0.015789473684210527
2.0 0.35874280389924146 0.2901099418465112 0.005263157894736842 0.01929824561403509
2.0 0.386214266765931 0.2803476318914457 0.0035087719298245615 0.017543859649122806
7.0 0.31856269284148364 0.2798033859539922 0.005263157894736842 0.014035087719298246
7.0 0.7441896922948872 0.2919692910701425 0.0035087719298245615 0.012280701754385965
2.0 0.37421986829213333 0.285259325712245 0.007017543859649123 0.017543859649122806
7.0 0.64988101412546 0.2976483975510708 0.007017543859649123 0.015789473684210527
2.0 0.5996367073468819 0.7199145142499569 0.05964912280701754 0.16842105263157894
2.0 0.6776319520058193 0.324730167113157 0.010526315789473684 0.03333333333333333
7.0 0.6573540344823823 0.2918076734548504 0.005263157894736842 0.014035087719298246
7.0 0.37392661972397423 0.2700462290103278 0.0017543859649122807 0.010526315789473684
7.0 0.3545264867748968 0.27242826581593826 0.0035087719298245615 0.012280701754385965
7.0 0.8484974293168197 0.3022753887187011 0.0035087719298245615 0.014035087719298246
2.0 0.42485930232204844 0.2716659060937125 0.0035087719298245615 0.014035087719298246
7.0 0.6599464924155222 0.2949373764295883 0.005263157894736842 0.015789473684210527
2.0 0.8207257362948979 0.2801102702278172 0.0035087719298245615 0.008771929824561403
2.0 0.6648846904537232 0.2825299556369399 0.0035087719298245615 0.010526315789473684
2.0 0.7926215010086728 0.27963337425386825 0.0035087719298245615 0.008771929824561403
2.0 0.7143843017475081 0.2853029823355253 0.0035087719298245615 0.010526315789473684
2.0 0.5368761563534528 0.3011976988669851 0.007017543859649123 0.01929824561403509
7.0 0.6470204722354556 0.287175932200464 0.0035087719298245615 0.014035087719298246
2.0 0.35598278877527934 0.29586067695685 0.005263157894736842 0.017543859649122806
7.0 0.2988953423796274 0.2851685045232938 0.005263157894736842 0.01929824561403509
7.0 0.33830711113134254 0.27639263572680944 0.0035087719298245615 0.012280701754385965
2.0 0.3953847755806343 0.27676005870683756 0.005263157894736842 0.014035087719298246
2.0 0.5867208922171884 0.2862176702116597 0.0035087719298245615 0.015789473684210527
2.0 0.5377548767197916 0.29420282191803065 0.005263157894736842 0.015789473684210527
7.0 0.6505096053172096 0.28478368944554905 0.0035087719298245615 0.012280701754385965
9.0 0.7221299120938371 0.27401694053189135 0.005263157894736842 0.014035087719298246
