2 0.91678 0.34239 0.00766 0.02391
2 0.93837 0.35598 0.00766 0.02717
2 0.43175 0.23424 0.00279 0.01196
2 0.24478 0.20978 0.00348 0.01304
2 0.88771 0.3337 0.00662 0.02174
2 0.65756 0.28533 0.00453 0.01848
7 0.89659 0.32772 0.00487 0.01848
7 0.73538 0.2962 0.00418 0.01848
2 0.62274 0.27609 0.00453 0.01739
7 0.34958 0.22228 0.00279 0.01196
2 0.59123 0.26902 0.00348 0.0163
2 0.74808 0.30489 0.00522 0.02065
2 0.53238 0.24457 0.00279 0.01087
7 0.76863 0.30326 0.00453 0.01739
7 0.70613 0.28859 0.00348 0.0163
7 0.64293 0.27337 0.00313 0.01413
2 0.34802 0.53913 0.04352 0.15217
7 0.81128 0.31087 0.00348 0.01739
7 0.39189 0.22663 0.00313 0.01196
2 0.27629 0.21522 0.00383 0.01304
2 0.55188 0.24783 0.00279 0.01087
2 0.09123 0.18641 0.00348 0.01196
2 0.31459 0.22065 0.00383 0.01304
2 0.49304 0.23804 0.00279 0.01087
2 0.36299 0.22663 0.00313 0.01413
2 0.47319 0.23587 0.00279 0.01087
7 0.32364 0.21902 0.00244 0.01196
2 0.46344 0.23478 0.00279 0.01087
2 0.51532 0.24185 0.00209 0.00978
2 0.58461 0.2587 0.00279 0.01087
2 0.06198 0.18261 0.00348 0.01087
7 0.29788 0.21576 0.00244 0.01196
7 0.41974 0.22826 0.00244 0.01087
7 0.37134 0.22446 0.00313 0.01196
7 0.66139 0.27826 0.00383 0.01522
7 0.63109 0.26848 0.00313 0.01304
7 0.63318 0.27011 0.00313 0.01196
7 0.63823 0.26685 0.00279 0.01196
2 0.45125 0.23533 0.00279 0.01196
2 0.56633 0.25924 0.00313 0.01413
7 0.67967 0.28261 0.00348 0.01522
2 0.40233 0.23098 0.00313 0.01413
2 0.57451 0.2625 0.00279 0.01413
2 0.81337 0.31739 0.00487 0.01957
7 0.12343 0.18859 0.00244 0.00978
7 0.07364 0.18261 0.00313 0.01087
2 0.12726 0.19185 0.00313 0.01196
2 0.70282 0.29511 0.00522 0.02065
2 0.68994 0.77391 0.0296 0.14783
7 0.61159 0.25815 0.00244 0.00978
9 0.19673 0.19891 0.00418 0.01957
9 0.20404 0.2 0.00348 0.01957
2 0.57051 0.25815 0.00313 0.01196
2 0.582 0.25598 0.00313 0.01196
9 0.23764 0.20272 0.00383 0.01848
9 0.2312 0.20109 0.00348 0.01739
7 0.23433 0.20543 0.00209 0.01087
2 0.20056 0.2038 0.00279 0.01196
7 0.44237 0.23043 0.00244 0.0087
7 0.47667 0.23424 0.00209 0.00978
7 0.40494 0.22826 0.00209 0.01087
