2 0.65455 0.53108 0.07545 0.15811
2 0.88045 0.23682 0.02727 0.04527
2 0.63886 0.22736 0.01773 0.03446
7 0.87773 0.2 0.01182 0.03108
7 0.81045 0.19696 0.01364 0.025
7 0.79841 0.18784 0.01136 0.02297
7 0.77705 0.1723 0.00864 0.01622
7 0.75341 0.16959 0.00682 0.01622
7 0.73909 0.16723 0.00636 0.01554
7 0.725 0.16622 0.00636 0.01351
7 0.70341 0.16351 0.005 0.01081
2 0.63636 0.17736 0.00545 0.01284
7 0.68455 0.16182 0.00455 0.01149
2 0.61818 0.17601 0.00545 0.01149
2 0.63568 0.19257 0.00955 0.02162
2 0.65636 0.18615 0.00818 0.01824
2 0.65977 0.18007 0.00409 0.01554
2 0.60182 0.21419 0.01455 0.02838
2 0.60864 0.20068 0.00636 0.02297
