7 0.87614 0.55068 0.06045 0.09459
7 0.22568 0.35203 0.01318 0.02432
7 0.33364 0.34831 0.01 0.01959
7 0.43091 0.3473 0.00818 0.01622
7 0.48455 0.34189 0.00636 0.01486
7 0.52659 0.33986 0.00591 0.01216
7 0.53455 0.32973 0.00273 0.00541
7 0.55864 0.33716 0.00455 0.00946
7 0.57 0.3348 0.00364 0.00878
7 0.57614 0.33311 0.00318 0.00811
2 0.20273 0.34088 0.00909 0.01689
2 0.34273 0.33953 0.00727 0.01419
2 0.39455 0.33682 0.00727 0.01419
2 0.44591 0.33446 0.00545 0.01216
2 0.48364 0.3277 0.00273 0.00811
2 0.48773 0.33311 0.00364 0.00946
2 0.50227 0.33243 0.00364 0.00811
2 0.50409 0.32939 0.00182 0.00743
2 0.51045 0.33142 0.00364 0.00878
2 0.45682 0.32635 0.00364 0.00676
2 0.425 0.325 0.00273 0.00676
7 0.47432 0.32601 0.00318 0.00608
7 0.43205 0.32466 0.00227 0.00608
7 0.56114 0.33176 0.00318 0.00676
7 0.50682 0.32736 0.00273 0.00608
2 0.38364 0.32399 0.00364 0.00743
7 0.38795 0.32399 0.00318 0.00608
2 0.28136 0.32128 0.00364 0.00743
2 0.33432 0.32331 0.00318 0.00743
9 0.19 0.31655 0.00545 0.01284
7 0.11864 0.3152 0.00364 0.00743
2 0.14386 0.31824 0.00409 0.00676
2 0.23068 0.32061 0.00318 0.00743
