7.0 0.4922216740453422 0.6315678174039571 0.050872093023255814 0.04215116279069767
7.0 0.4944645627145661 0.5180600419710258 0.02616279069767442 0.0188953488372093
7.0 0.5006989497977182 0.47149929809756463 0.020348837209302327 0.015988372093023256
7.0 0.5134801318960703 0.42315441720454416 0.014534883720930232 0.010174418604651164
7.0 0.5242754779758536 0.3908862938169816 0.011627906976744186 0.010174418604651164
7.0 0.5467812912999237 0.3395200135501555 0.00872093023255814 0.007267441860465116
7.0 0.5795323308580366 0.27135755008844087 0.010174418604651164 0.007267441860465116
2.0 0.5816638505667744 0.28212380792878905 0.014534883720930232 0.011627906976744186
2.0 0.5604612349449505 0.33148975030370853 0.014534883720930232 0.01308139534883721
2.0 0.5595287321712656 0.35436735434684347 0.0188953488372093 0.015988372093023256
2.0 0.597874675097498 0.357201197638992 0.0377906976744186 0.030523255813953487
2.0 0.7338607578803206 0.3112626818308925 0.09156976744186046 0.0755813953488372
7.0 0.6083232807900945 0.21540946089758317 0.01308139534883721 0.011627906976744186
