2.0 0.24514624244388905 0.4448613730081748 0.0824561403508772 0.12456140350877193
2.0 0.2940585867295287 0.32459362017227866 0.03508771929824561 0.05964912280701754
2.0 0.40963072553597424 0.28283753344639306 0.02631578947368421 0.04035087719298246
2.0 0.6105071415468831 0.27845183583575883 0.017543859649122806 0.031578947368421054
2.0 0.7269456633340954 0.27990686231662065 0.015789473684210527 0.02982456140350877
2.0 0.8135290789739404 0.27494496920174877 0.014035087719298246 0.028070175438596492
2.0 0.8069238628486413 0.26343695368907394 0.012280701754385965 0.02280701754385965
2.0 0.7977340420873925 0.2494667592931633 0.010526315789473684 0.017543859649122806
7.0 0.7022935902400237 0.23774814532070931 0.007017543859649123 0.015789473684210527
7.0 0.6872301512517962 0.24323806687437718 0.010526315789473684 0.017543859649122806
7.0 0.6599549014184148 0.2508937812869469 0.010526315789473684 0.021052631578947368
7.0 0.5980801445741073 0.2539935133879058 0.014035087719298246 0.02456140350877193
7.0 0.49723976718032786 0.2510961805617556 0.015789473684210527 0.02631578947368421
7.0 0.3796743148446039 0.2504168256029605 0.015789473684210527 0.02631578947368421
7.0 0.18200701702251815 0.2554952005042941 0.02631578947368421 0.03508771929824561
