7.0 0.3788652751355504 0.5367924782762808 0.03508771929824561 0.04912280701754386
7.0 0.4997436951112493 0.49538022391797204 0.017543859649122806 0.02631578947368421
7.0 0.5574794563607336 0.4841251107289813 0.010526315789473684 0.01929824561403509
7.0 0.6218826385890303 0.482249871423205 0.008771929824561403 0.014035087719298246
7.0 0.7030984170920316 0.4891630445925467 0.008771929824561403 0.014035087719298246
7.0 0.7884269283818417 0.497811985994497 0.008771929824561403 0.014035087719298246
7.0 0.8731986386387433 0.5076052491437442 0.010526315789473684 0.015789473684210527
2.0 0.6945285362538401 0.5070703628908775 0.015789473684210527 0.021052631578947368
2.0 0.8550689331604905 0.5145558128149088 0.014035087719298246 0.017543859649122806
2.0 0.7497939949432505 0.5059102845148127 0.012280701754385965 0.021052631578947368
2.0 0.6934144425878043 0.5295583514346801 0.017543859649122806 0.028070175438596492
2.0 0.7613139203184168 0.6063760492883615 0.0456140350877193 0.06140350877192982
