2.0 0.47292509117497455 0.5977748009002325 0.12861271676300579 0.10838150289017341
2.0 0.28059708899940217 0.6943459244039313 0.06358381502890173 0.057803468208092484
2.0 0.2679300792462555 0.6047605725137783 0.03757225433526012 0.031791907514450865
2.0 0.2670136968106027 0.5505677680567355 0.024566473988439308 0.02023121387283237
2.0 0.259831237273267 0.5406567381020846 0.02167630057803468 0.015895953757225433
2.0 0.19832420872808415 0.6435533226863995 0.017341040462427744 0.015895953757225433
7.0 0.25078981451658644 0.5017606719493786 0.010115606936416185 0.008670520231213872
7.0 0.24073099918067217 0.5190710382231276 0.0072254335260115606 0.0072254335260115606
7.0 0.2656791047360851 0.4668236159308346 0.010115606936416185 0.008670520231213872
7.0 0.2747947537459175 0.4432967976568102 0.011560693641618497 0.0072254335260115606
7.0 0.251205543222611 0.4897892421620938 0.010115606936416185 0.0072254335260115606
7.0 0.2843204733686134 0.4184629107490005 0.0072254335260115606 0.005780346820809248
7.0 0.2933873307618571 0.39661961015754416 0.0072254335260115606 0.004335260115606936
7.0 0.29908815932261906 0.3826986430724176 0.0072254335260115606 0.005780346820809248
2.0 0.27155467742402917 0.46270764473006276 0.010115606936416185 0.0072254335260115606
2.0 0.29124585567480477 0.41128509891601756 0.011560693641618497 0.008670520231213872
2.0 0.29991672873023506 0.3901865365485495 0.008670520231213872 0.0072254335260115606
2.0 0.30886198185798575 0.3675160242990544 0.0072254335260115606 0.005780346820809248
2.0 0.20378912526077497 0.6093201998601497 0.01300578034682081 0.010115606936416185
2.0 0.20605111234015117 0.6008108369407458 0.010115606936416185 0.008670520231213872
2.0 0.2313088172708169 0.5820541344305055 0.017341040462427744 0.014450867052023121
2.0 0.22272596758770083 0.5609238675203868 0.010115606936416185 0.0072254335260115606
2.0 0.21735422578970592 0.579016934355844 0.010115606936416185 0.008670520231213872
2.0 0.24268368327129758 0.5292515613398749 0.008670520231213872 0.005780346820809248
