2.0 0.756772427719058 0.34695865254743496 0.0649171270718232 0.0649171270718232
2.0 0.7038967796888856 0.3309069379477704 0.03591160220994475 0.03591160220994475
7.0 0.4336279103173371 0.7032067059771243 0.06767955801104972 0.06767955801104972
7.0 0.5138914838498032 0.5175318727060512 0.031767955801104975 0.031767955801104975
7.0 0.5482351523452849 0.453455028195116 0.020718232044198894 0.020718232044198894
7.0 0.5979704649335291 0.38817805548981343 0.016574585635359115 0.016574585635359115
7.0 0.6674978916605497 0.312229942922927 0.015193370165745856 0.015193370165745856
7.0 0.6485158640529712 0.30552922717104214 0.0055248618784530384 0.0055248618784530384
7.0 0.6502860531396633 0.30274893018742416 0.004143646408839779 0.004143646408839779
7.0 0.6577868543544597 0.29524812897262764 0.004143646408839779 0.0027624309392265192
7.0 0.6635174664825643 0.2905276247414491 0.0027624309392265192 0.0027624309392265192
7.0 0.6685280016940484 0.28416694531130166 0.0027624309392265192 0.0027624309392265192
2.0 0.6796591906968065 0.27438590052720696 0.0055248618784530384 0.0055248618784530384
2.0 0.6851197739811783 0.2682552456676466 0.0055248618784530384 0.004143646408839779
2.0 0.6919905078939319 0.2623946196518189 0.006906077348066298 0.0055248618784530384
7.0 0.6886901553594215 0.26637504482980423 0.004143646408839779 0.0055248618784530384
