2.0 0.42016109221225545 0.5717757283291591 0.09572649572649573 0.1675213675213675
2.0 0.26767379859330553 0.2617341457259024 0.023931623931623933 0.041025641025641026
2.0 0.3580970964961895 0.2553913932463125 0.018803418803418803 0.02735042735042735
2.0 0.4573389834313635 0.25435317191286466 0.015384615384615385 0.023931623931623933
7.0 0.20558421230631868 0.23034074088461476 0.015384615384615385 0.022222222222222223
7.0 0.34606777988682896 0.23343316585081425 0.011965811965811967 0.020512820512820513
7.0 0.4886526601486514 0.24104976937140626 0.010256410256410256 0.017094017094017096
7.0 0.5871380072160458 0.24736174351376933 0.011965811965811967 0.015384615384615385
7.0 0.6953715353474017 0.25702536943861404 0.008547008547008548 0.013675213675213675
2.0 0.7718158597910149 0.2715254939557728 0.011965811965811967 0.020512820512820513
2.0 0.8712527342964537 0.2794945848892672 0.013675213675213675 0.022222222222222223
7.0 0.8563105108501833 0.2708364935927826 0.010256410256410256 0.015384615384615385
7.0 0.78033443812943 0.264793259505512 0.008547008547008548 0.013675213675213675
2.0 0.560220292868109 0.258366301260454 0.013675213675213675 0.022222222222222223
2.0 0.6459830670986334 0.2623707971277183 0.011965811965811967 0.022222222222222223
7.0 0.6266784809303255 0.2380640137478312 0.003418803418803419 0.008547008547008548
7.0 0.6380126093209316 0.23895531753930185 0.005128205128205128 0.008547008547008548
7.0 0.6449387200099497 0.23975988500756476 0.003418803418803419 0.006837606837606838
7.0 0.6548052901994275 0.24102131427486734 0.003418803418803419 0.006837606837606838
7.0 0.6787169964739611 0.24390471070012207 0.003418803418803419 0.008547008547008548
2.0 0.696824965353048 0.24527518279928487 0.003418803418803419 0.006837606837606838
7.0 0.710424540046459 0.2471367231289095 0.005128205128205128 0.008547008547008548
2.0 0.7329152387381108 0.25009633599353326 0.005128205128205128 0.010256410256410256
2.0 0.7376350720883679 0.2508438841571388 0.005128205128205128 0.010256410256410256
2.0 0.7676170676769096 0.25350131470415355 0.005128205128205128 0.008547008547008548
7.0 0.727621574796556 0.2504541684799688 0.006837606837606838 0.008547008547008548
7.0 0.7789272773143231 0.2558863785544521 0.005128205128205128 0.010256410256410256
2.0 0.8197613028028357 0.25996131985347826 0.006837606837606838 0.010256410256410256
2.0 0.8471426807002714 0.2613030072327471 0.005128205128205128 0.006837606837606838
2.0 0.8811789469471109 0.26639254028290904 0.005128205128205128 0.008547008547008548
7.0 0.851774755912239 0.26383548621998193 0.005128205128205128 0.010256410256410256
7.0 0.8364429210008376 0.26021089564130656 0.005128205128205128 0.006837606837606838
