2 0.60886 0.59426 0.04318 0.07095
2 0.38955 0.53581 0.02636 0.04324
2 0.24455 0.50439 0.01636 0.0277
2 0.16114 0.49223 0.01318 0.01959
2 0.14386 0.47331 0.00955 0.01419
2 0.13545 0.48074 0.01091 0.01689
2 0.17136 0.46588 0.00818 0.01149
2 0.20409 0.46115 0.00727 0.01014
2 0.25364 0.45777 0.00545 0.01014
2 0.31409 0.45439 0.00455 0.01014
2 0.36818 0.45405 0.00455 0.00811
2 0.40227 0.45372 0.00364 0.00878
2 0.58773 0.45507 0.00636 0.01284
2 0.68886 0.45642 0.00773 0.01419
2 0.84318 0.45878 0.01 0.01486
7 0.10682 0.4652 0.00636 0.01149
7 0.14977 0.46149 0.005 0.00946
7 0.21273 0.45743 0.00455 0.00811
7 0.2775 0.45405 0.00318 0.00811
7 0.31818 0.45236 0.00273 0.00743
7 0.35568 0.45169 0.00318 0.00743
7 0.3975 0.45101 0.00318 0.00743
7 0.44727 0.45034 0.00182 0.00608
7 0.52523 0.45068 0.00409 0.00946
7 0.61591 0.45101 0.00455 0.01149
7 0.71 0.45135 0.00545 0.01081
7 0.84 0.4527 0.00545 0.01216
