2 0.59909 0.45203 0.06455 0.13378
7 0.38932 0.17432 0.005 0.01216
7 0.47545 0.16655 0.00455 0.01149
7 0.56023 0.15811 0.00409 0.01216
7 0.61682 0.15405 0.00545 0.01081
7 0.67523 0.14865 0.005 0.01081
2 0.51591 0.16723 0.00636 0.01419
2 0.58318 0.16081 0.00636 0.01351
2 0.64341 0.15507 0.00591 0.01284
2 0.69818 0.15034 0.00545 0.01284
2 0.45 0.17331 0.00636 0.01419
2 0.34727 0.18176 0.00727 0.01622
9 0.78273 0.13919 0.00636 0.01892
9 0.73068 0.1402 0.00409 0.01689
2 0.18091 0.19662 0.00818 0.01757
7 0.26727 0.18446 0.00727 0.01486
2 0.7475 0.14561 0.00591 0.01284
7 0.76227 0.14189 0.00364 0.00946
