7 0.36318 0.71149 0.10273 0.18514
7 0.85591 0.57399 0.06909 0.10608
7 0.83432 0.38209 0.01318 0.0223
7 0.815 0.34865 0.00273 0.00676
7 0.88 0.35135 0.00182 0.00676
7 0.66114 0.3723 0.00955 0.02162
7 0.53364 0.36486 0.01 0.02162
7 0.35568 0.35304 0.00955 0.01959
7 0.24295 0.34324 0.01045 0.01892
7 0.24295 0.32061 0.00409 0.00878
7 0.19955 0.31959 0.00545 0.00946
7 0.17318 0.33446 0.00909 0.01622
7 0.13909 0.31959 0.00727 0.01081
7 0.12955 0.32635 0.00636 0.01486
7 0.11182 0.32095 0.00636 0.01216
2 0.45023 0.34865 0.00773 0.01757
2 0.58795 0.35777 0.00773 0.01824
2 0.72636 0.36351 0.00818 0.01622
2 0.64932 0.34122 0.00318 0.00811
2 0.87205 0.37162 0.00773 0.01757
2 0.84955 0.35169 0.00364 0.00878
2 0.92227 0.35473 0.00455 0.00811
2 0.25932 0.33277 0.00682 0.01419
2 0.21909 0.32703 0.00636 0.01216
2 0.23273 0.325 0.00545 0.01081
