2 0.64273 0.5375 0.02364 0.04392
2 0.65977 0.46622 0.00773 0.01486
2 0.77023 0.46824 0.00864 0.01622
2 0.86432 0.46554 0.00955 0.01622
2 0.59409 0.46385 0.00636 0.01284
2 0.50659 0.46115 0.00591 0.01284
2 0.42818 0.46385 0.00636 0.01284
2 0.35432 0.46892 0.00682 0.01351
2 0.27909 0.47601 0.00909 0.01689
2 0.26318 0.48615 0.01364 0.0223
2 0.33 0.49628 0.01273 0.025
2 0.45568 0.51284 0.01682 0.03243
7 0.19455 0.68818 0.07818 0.11419
7 0.23773 0.58243 0.04273 0.06216
7 0.08591 0.53682 0.03545 0.04122
7 0.07659 0.49155 0.01682 0.02365
7 0.1475 0.47736 0.01136 0.01824
7 0.25159 0.46858 0.00773 0.01419
7 0.33955 0.4625 0.00545 0.01284
7 0.41727 0.45845 0.00455 0.01149
7 0.49864 0.45642 0.00455 0.01014
7 0.57318 0.45642 0.00455 0.01014
7 0.6325 0.45811 0.005 0.01081
7 0.69682 0.4598 0.00545 0.01284
7 0.77682 0.4598 0.00636 0.01284
7 0.89068 0.45676 0.00773 0.01216
