2.0 0.4015240557651079 0.3336284831092009 0.1288888888888889 0.10666666666666667
2.0 0.572506880751071 0.18277485478434816 0.025185185185185185 0.01925925925925926
2.0 0.6498896044895954 0.32192966825100483 0.023703703703703703 0.01925925925925926
2.0 0.7139465730380373 0.44625994297445953 0.01925925925925926 0.014814814814814815
2.0 0.7840959987202043 0.5842927493494413 0.02074074074074074 0.014814814814814815
7.0 0.6187660451943091 0.24445356192637402 0.016296296296296295 0.014814814814814815
7.0 0.6708949767892266 0.34201167589746984 0.017777777777777778 0.014814814814814815
7.0 0.7147759151933559 0.4260796930023999 0.01925925925925926 0.014814814814814815
7.0 0.754797766133329 0.503363595209407 0.017777777777777778 0.013333333333333334
7.0 0.8240653273592964 0.6331123782042225 0.016296296296296295 0.011851851851851851
7.0 0.7245426976284974 0.4102149541085383 0.007407407407407408 0.005925925925925926
7.0 0.7285633409364539 0.4167278672573325 0.007407407407407408 0.005925925925925926
7.0 0.7295221664620569 0.4213990242232229 0.008888888888888889 0.005925925925925926
7.0 0.7335710712778162 0.4216720903758854 0.005925925925925926 0.0044444444444444444
7.0 0.7353492576475058 0.4250319002377201 0.005925925925925926 0.005925925925925926
7.0 0.7367236541800857 0.4268693700468797 0.005925925925925926 0.002962962962962963
7.0 0.7397394271888307 0.44307924331343723 0.01037037037037037 0.007407407407407408
7.0 0.7416099046283163 0.4403616678157397 0.008888888888888889 0.005925925925925926
2.0 0.7505137132117442 0.4603599493219227 0.01037037037037037 0.005925925925925926
2.0 0.7547248057786503 0.46603249427919374 0.008888888888888889 0.0044444444444444444
2.0 0.7583040698372401 0.47595519043858464 0.01037037037037037 0.007407407407407408
2.0 0.7575803806438951 0.46929455874619885 0.005925925925925926 0.0044444444444444444
2.0 0.7625563006469289 0.47858712059673375 0.005925925925925926 0.002962962962962963
2.0 0.7658096632533448 0.48714376799453 0.008888888888888889 0.005925925925925926
7.0 0.7656588262872978 0.49437643023455335 0.011851851851851851 0.007407407407407408
2.0 0.7771434611108099 0.5132339568857367 0.01037037037037037 0.007407407407407408
2.0 0.776165293096522 0.5072512317482747 0.005925925925925926 0.0044444444444444444
7.0 0.7914463220230662 0.5453587084667015 0.008888888888888889 0.005925925925925926
7.0 0.7932280357238503 0.5764573339472869 0.016296296296296295 0.01037037037037037
2.0 0.8021565784839865 0.5624769528385876 0.01037037037037037 0.007407407407407408
7.0 0.8189152369126699 0.6001175159507102 0.008888888888888889 0.005925925925925926
7.0 0.8414008387300019 0.6437022679042652 0.01037037037037037 0.007407407407407408
7.0 0.8501691951202056 0.6614941324573305 0.013333333333333334 0.007407407407407408
7.0 0.8465111486341461 0.6665187344082184 0.014814814814814815 0.011851851851851851
7.0 0.852873469361637 0.6701042803116806 0.01037037037037037 0.007407407407407408
2.0 0.8374734255809417 0.6796011815626126 0.023703703703703703 0.01925925925925926
7.0 0.5491894717394399 0.12031404948380146 0.01925925925925926 0.013333333333333334
