2.0 0.47909731882373313 0.7556508220959811 0.09971098265895954 0.08815028901734104
2.0 0.573736701707124 0.6935231595650655 0.04190751445086705 0.03757225433526012
2.0 0.6050691333003053 0.6869525798609377 0.024566473988439308 0.02023121387283237
2.0 0.6096182601703475 0.6710172955078225 0.017341040462427744 0.014450867052023121
2.0 0.6781704795559506 0.7541626413974102 0.008670520231213872 0.0072254335260115606
2.0 0.6664477750384743 0.7358347867413951 0.010115606936416185 0.0072254335260115606
2.0 0.6419596239856826 0.6919068649464861 0.0072254335260115606 0.0072254335260115606
2.0 0.613868696779866 0.6369479227369146 0.010115606936416185 0.008670520231213872
2.0 0.5930387320286411 0.6190798964129509 0.01300578034682081 0.008670520231213872
2.0 0.5734702503165275 0.5721590531218973 0.010115606936416185 0.008670520231213872
2.0 0.5854927767735018 0.5798612330269572 0.0072254335260115606 0.005780346820809248
2.0 0.5876079747009043 0.583303503768957 0.0072254335260115606 0.004335260115606936
2.0 0.5940022282653238 0.5926659157167088 0.005780346820809248 0.005780346820809248
2.0 0.5955837843429235 0.600967250002254 0.008670520231213872 0.0072254335260115606
2.0 0.6013071273606246 0.605348516753475 0.005780346820809248 0.005780346820809248
2.0 0.6079722874505417 0.6162763457918156 0.005780346820809248 0.004335260115606936
7.0 0.6790995596069823 0.7473838589873377 0.0072254335260115606 0.005780346820809248
7.0 0.6722780899100338 0.7361620543342651 0.005780346820809248 0.004335260115606936
7.0 0.6612916153579497 0.7176270928607814 0.0072254335260115606 0.0072254335260115606
7.0 0.6494508403751845 0.6980212639374713 0.008670520231213872 0.0072254335260115606
7.0 0.6391729693749771 0.6808189919174403 0.008670520231213872 0.0072254335260115606
7.0 0.6244103953775479 0.6530546283038419 0.0072254335260115606 0.0072254335260115606
7.0 0.6230368679338069 0.6440728630165201 0.0072254335260115606 0.004335260115606936
7.0 0.6129926850095273 0.6299892842430834 0.0072254335260115606 0.005780346820809248
7.0 0.39837564819951493 0.42281676239436994 0.05057803468208093 0.044797687861271675
7.0 0.4885354255810319 0.5040008950871601 0.030346820809248554 0.024566473988439308
7.0 0.5271640711069282 0.5383068756319266 0.02167630057803468 0.015895953757225433
7.0 0.5491754560801548 0.5584125901746781 0.01878612716763006 0.014450867052023121
7.0 0.5533965884605989 0.5519783197529241 0.014450867052023121 0.010115606936416185
7.0 0.5452111117749674 0.5270016332498577 0.011560693641618497 0.008670520231213872
7.0 0.532374687727817 0.49592545697146345 0.011560693641618497 0.008670520231213872
7.0 0.5172613156279631 0.46644542206419076 0.010115606936416185 0.0072254335260115606
7.0 0.5037771989491285 0.44162132494400097 0.008670520231213872 0.0072254335260115606
7.0 0.48636829828252487 0.4125992907031715 0.008670520231213872 0.0072254335260115606
7.0 0.4599740702093583 0.36987758134551685 0.011560693641618497 0.010115606936416185
7.0 0.42879367878971864 0.3192260838737038 0.011560693641618497 0.010115606936416185
7.0 0.38130842845658064 0.23896552274798716 0.01300578034682081 0.011560693641618497
2.0 0.5551531456460775 0.5323827296856891 0.010115606936416185 0.0072254335260115606
2.0 0.5368089606986964 0.49681065961091725 0.010115606936416185 0.0072254335260115606
2.0 0.5166562103831219 0.4610522006609484 0.0072254335260115606 0.0072254335260115606
2.0 0.4972220699576854 0.42662949040904785 0.0072254335260115606 0.0072254335260115606
2.0 0.48064685065527424 0.39811946675507076 0.008670520231213872 0.0072254335260115606
2.0 0.45789601915052935 0.3601223977699239 0.010115606936416185 0.0072254335260115606
2.0 0.4299107145447051 0.3138724706893961 0.011560693641618497 0.008670520231213872
2.0 0.4005605282519204 0.2645354964591971 0.011560693641618497 0.010115606936416185
2.0 0.3810324099745066 0.22940020159441418 0.01300578034682081 0.01300578034682081
2.0 0.3917815910694627 0.2421620190690497 0.010115606936416185 0.008670520231213872
2.0 0.37965289587591167 0.22308636694443074 0.010115606936416185 0.008670520231213872
7.0 0.6122524353607276 0.6275254011785982 0.005780346820809248 0.005780346820809248
2.0 0.3943203997481944 0.24480923176411643 0.0072254335260115606 0.005780346820809248
2.0 0.4007950910261257 0.25698635500546885 0.008670520231213872 0.0072254335260115606
2.0 0.42400021894033074 0.2926385633345001 0.005780346820809248 0.004335260115606936
7.0 0.4262229348581762 0.2946912920086639 0.004335260115606936 0.004335260115606936
7.0 0.43718178299674465 0.31476604975306877 0.004335260115606936 0.004335260115606936
2.0 0.44095733630550527 0.3213309948026685 0.005780346820809248 0.005780346820809248
7.0 0.4512910062693285 0.33811813137137214 0.005780346820809248 0.004335260115606936
2.0 0.4563415433498607 0.34761681012294215 0.004335260115606936 0.004335260115606936
7.0 0.47093317532862367 0.3718604106214963 0.004335260115606936 0.002890173410404624
7.0 0.48908885843546557 0.403342854379988 0.002890173410404624 0.002890173410404624
2.0 0.4813879750023513 0.3899155151192335 0.004335260115606936 0.004335260115606936
2.0 0.49985321807864075 0.4219959164454512 0.004335260115606936 0.002890173410404624
7.0 0.5041635055103734 0.42903071213253585 0.004335260115606936 0.002890173410404624
2.0 0.5124232156797711 0.4434932916851881 0.004335260115606936 0.004335260115606936
7.0 0.5273068478061086 0.4677659865502325 0.004335260115606936 0.004335260115606936
7.0 0.5347921491217525 0.4813079528561436 0.002890173410404624 0.002890173410404624
2.0 0.5376335104229049 0.48665177625283157 0.002890173410404624 0.001445086705202312
7.0 0.5432674414086207 0.4956559053636393 0.002890173410404624 0.002890173410404624
8.0 0.5449625021315172 0.49989976694401045 0.004335260115606936 0.004335260115606936
2.0 0.5523191202536452 0.5116079613642681 0.004335260115606936 0.002890173410404624
7.0 0.5559348904085512 0.517872398007697 0.004335260115606936 0.002890173410404624
2.0 0.5615377214339284 0.5284097905979875 0.002890173410404624 0.002890173410404624
2.0 0.568515915040116 0.5399421099954924 0.004335260115606936 0.002890173410404624
2.0 0.5749871327712244 0.5521127004454063 0.004335260115606936 0.002890173410404624
7.0 0.5787420670134963 0.5581187886320319 0.004335260115606936 0.002890173410404624
2.0 0.582531706597307 0.5652460640914286 0.002890173410404624 0.002890173410404624
7.0 0.5865434610900264 0.572255238958846 0.004335260115606936 0.001445086705202312
2.0 0.5899230300609736 0.5780754457844574 0.002890173410404624 0.002890173410404624
2.0 0.6129323202259195 0.6250689727219417 0.004335260115606936 0.004335260115606936
2.0 0.620854772431358 0.6357137543002016 0.004335260115606936 0.004335260115606936
7.0 0.6160420749445382 0.634652676637995 0.004335260115606936 0.002890173410404624
7.0 0.6121045539355849 0.6171293948201635 0.002890173410404624 0.002890173410404624
2.0 0.618513439911639 0.6297185942682276 0.002890173410404624 0.002890173410404624
2.0 0.6201844080212241 0.6333970661941861 0.004335260115606936 0.002890173410404624
2.0 0.6159881713713729 0.6249692548924426 0.002890173410404624 0.002890173410404624
7.0 0.627788872075326 0.6535459209484227 0.004335260115606936 0.002890173410404624
7.0 0.630723665091871 0.6569378718674777 0.004335260115606936 0.004335260115606936
7.0 0.63225186373289 0.6582202414979859 0.004335260115606936 0.002890173410404624
7.0 0.6333282790724798 0.6591730083558327 0.004335260115606936 0.002890173410404624
7.0 0.6354228579333939 0.6620564222348584 0.004335260115606936 0.002890173410404624
7.0 0.6371144451094676 0.666293751023791 0.004335260115606936 0.002890173410404624
7.0 0.6298682723880209 0.6505380902366207 0.004335260115606936 0.002890173410404624
9.0 0.55187087075242 0.5091731726662732 0.0072254335260115606 0.005780346820809248
9.0 0.5580012967193652 0.5196311510671286 0.0072254335260115606 0.004335260115606936
2.0 0.3774391542765397 0.2135960646170796 0.008670520231213872 0.0072254335260115606
2.0 0.3760520866943331 0.20671642601047624 0.008670520231213872 0.005780346820809248
