7 0.55477 0.72872 0.09591 0.18446
7 0.60545 0.48142 0.03273 0.06959
7 0.48841 0.40709 0.01955 0.03851
7 0.40614 0.36554 0.01318 0.02432
7 0.37205 0.3473 0.00864 0.01757
7 0.35591 0.33953 0.00727 0.01554
7 0.35114 0.33142 0.00591 0.01149
7 0.36477 0.32736 0.005 0.01014
7 0.37909 0.325 0.00455 0.00946
7 0.40409 0.32297 0.00364 0.00811
7 0.42614 0.32264 0.00318 0.00743
7 0.51159 0.32432 0.00318 0.00676
7 0.57568 0.32804 0.00318 0.00743
7 0.85932 0.35135 0.00591 0.01081
7 0.7475 0.34257 0.00409 0.00811
7 0.66409 0.33547 0.00455 0.00743
7 0.61477 0.33108 0.00318 0.00676
2 0.85182 0.43682 0.03 0.04257
2 0.66977 0.38953 0.01682 0.03041
2 0.54318 0.35912 0.01 0.02095
2 0.47205 0.34527 0.00773 0.01622
2 0.44182 0.33649 0.00545 0.01216
2 0.43864 0.33108 0.00455 0.01081
2 0.44705 0.32703 0.00409 0.00946
2 0.49614 0.32601 0.00409 0.00743
2 0.82273 0.3527 0.00636 0.01081
2 0.70773 0.34223 0.00455 0.00878
2 0.62159 0.33412 0.00409 0.00878
2 0.58977 0.33108 0.00409 0.00811
2 0.54273 0.32736 0.00364 0.00878
2 0.46455 0.32601 0.00364 0.00743
