2.0 0.2536365514341078 0.46682846965510244 0.0993485342019544 0.14006514657980457
2.0 0.751254116920669 0.2946137577357508 0.014657980456026058 0.02280130293159609
2.0 0.5223982546463074 0.25218487557681046 0.014657980456026058 0.021172638436482084
2.0 0.42731848975148096 0.23601926184153954 0.011400651465798045 0.019543973941368076
2.0 0.294182504343323 0.21539807890834614 0.016286644951140065 0.02280130293159609
7.0 0.5661101826223347 0.250714568227879 0.011400651465798045 0.016286644951140065
7.0 0.44265139195845654 0.2294349019411466 0.011400651465798045 0.016286644951140065
7.0 0.34418212671314335 0.21364210468968456 0.011400651465798045 0.017915309446254073
7.0 0.2593791792181885 0.20100442549659497 0.014657980456026058 0.017915309446254073
7.0 0.7567944697773236 0.28577716778625656 0.009771986970684038 0.019543973941368076
