2.0 0.5776847301301132 0.6963981866335771 0.13701067615658363 0.23309608540925267
2.0 0.15605388463903003 0.2780438756711985 0.010676156583629894 0.017793594306049824
7.0 0.1327764083126423 0.27646897643254903 0.0071174377224199285 0.01601423487544484
2.0 0.24533435670475942 0.26185386659109755 0.008896797153024912 0.01601423487544484
7.0 0.24998151096598445 0.25455917765683594 0.0071174377224199285 0.014234875444839857
7.0 0.3380207064511317 0.23849963200249025 0.0071174377224199285 0.012455516014234875
2.0 0.32448915090739316 0.24641665205516866 0.0071174377224199285 0.014234875444839857
2.0 0.4394838931797097 0.22535292518283925 0.0071174377224199285 0.01601423487544484
2.0 0.5335991423085463 0.20957997130689 0.0071174377224199285 0.014234875444839857
7.0 0.5183582523104527 0.20716039280805856 0.008896797153024912 0.014234875444839857
7.0 0.6005551944808072 0.19295156055481724 0.0071174377224199285 0.012455516014234875
2.0 0.6082026402662124 0.1983402812874059 0.005338078291814947 0.014234875444839857
7.0 0.6192006868223191 0.18418558700163667 0.0035587188612099642 0.008896797153024912
7.0 0.6127897782879728 0.18454794355632223 0.0035587188612099642 0.0071174377224199285
7.0 0.5900589151468663 0.1881737213779217 0.005338078291814947 0.005338078291814947
7.0 0.6396340689296943 0.18048982708294978 0.0035587188612099642 0.0071174377224199285
7.0 0.6575141276401693 0.1782991001015048 0.005338078291814947 0.0071174377224199285
2.0 0.6488066903598707 0.1786005349720999 0.0035587188612099642 0.0071174377224199285
2.0 0.6453317360267661 0.17926806397156342 0.0035587188612099642 0.0071174377224199285
2.0 0.6886245401254445 0.17316968198586521 0.0035587188612099642 0.010676156583629894
2.0 0.7328518615849986 0.179971831280683 0.010676156583629894 0.01601423487544484
2.0 0.7668215385656357 0.16247751059628812 0.0071174377224199285 0.008896797153024912
7.0 0.7418682857100075 0.17066978866031918 0.008896797153024912 0.014234875444839857
7.0 0.6710038267403672 0.1818371074329891 0.008896797153024912 0.01601423487544484
7.0 0.7318121027454233 0.16615715057525435 0.0035587188612099642 0.005338078291814947
7.0 0.7158705346852807 0.17092892673195106 0.005338078291814947 0.0071174377224199285
2.0 0.7246738299818366 0.16753032744353916 0.005338078291814947 0.008896797153024912
2.0 0.8297267301511957 0.1608217403798217 0.008896797153024912 0.017793594306049824
7.0 0.8133558197179679 0.1575865605621343 0.008896797153024912 0.01601423487544484
7.0 0.8066239902020191 0.15489555793684792 0.0035587188612099642 0.012455516014234875
