7 0.45341 0.69088 0.085 0.16959
7 0.625 0.46824 0.03636 0.06216
7 0.65636 0.39493 0.01727 0.03041
7 0.67205 0.37027 0.01136 0.02027
7 0.67909 0.36081 0.00727 0.01622
7 0.69591 0.3527 0.00727 0.01216
7 0.72295 0.34932 0.00591 0.01081
7 0.25705 0.38209 0.01955 0.03176
7 0.10932 0.40338 0.03591 0.04459
7 0.34341 0.36486 0.015 0.02432
7 0.38386 0.35101 0.00864 0.01689
7 0.39386 0.34493 0.00682 0.01419
7 0.405 0.3402 0.00636 0.01284
7 0.41318 0.33649 0.00545 0.01081
7 0.43614 0.33446 0.005 0.00946
7 0.42841 0.33142 0.00318 0.00878
7 0.42591 0.32905 0.00273 0.00811
7 0.41955 0.32669 0.00273 0.00743
7 0.40909 0.32466 0.00273 0.00608
7 0.39477 0.32466 0.00227 0.00473
7 0.89068 0.34932 0.005 0.00946
7 0.82386 0.34696 0.00591 0.00878
7 0.78795 0.34764 0.00591 0.00878
7 0.74773 0.34797 0.00545 0.00946
2 0.91477 0.4098 0.02227 0.03311
2 0.82705 0.37905 0.01227 0.02027
2 0.80659 0.36486 0.00864 0.01622
2 0.81591 0.35912 0.00818 0.01284
2 0.84364 0.35405 0.00636 0.01081
2 0.87955 0.35304 0.00636 0.01014
2 0.1425 0.36081 0.01773 0.02432
2 0.11727 0.31993 0.00455 0.00743
2 0.17727 0.32095 0.00364 0.00676
2 0.24727 0.34966 0.01 0.01824
2 0.28 0.34189 0.00818 0.01486
2 0.29773 0.3375 0.00727 0.01284
2 0.32909 0.32399 0.00364 0.00608
2 0.26295 0.32162 0.005 0.00676
2 0.34864 0.33345 0.00455 0.01014
2 0.35455 0.33041 0.00455 0.01081
2 0.36114 0.32939 0.00318 0.00743
2 0.34864 0.32534 0.00273 0.00743
2 0.22386 0.32095 0.00318 0.00676
7 0.09364 0.31926 0.00455 0.00608
7 0.16182 0.31993 0.00455 0.00608
7 0.21409 0.32027 0.00364 0.00541
7 0.36932 0.32399 0.00318 0.00608
7 0.33818 0.3223 0.00364 0.00676
2 0.30091 0.32264 0.00364 0.00743
7 0.30364 0.32196 0.00273 0.00473
