7.0 0.544786681515138 0.21059202613138556 0.08506616257088846 0.06049149338374291
7.0 0.373763039303002 0.8638269156019409 0.03969754253308128 0.026465028355387523
7.0 0.3770177415921261 0.6863164516710968 0.035916824196597356 0.022684310018903593
7.0 0.3763645291624501 0.5364060386168421 0.026465028355387523 0.017013232514177693
7.0 0.37135191474788937 0.4175953976321424 0.020793950850661626 0.011342155009451797
7.0 0.3673123374530068 0.3740869690789598 0.01890359168241966 0.011342155009451797
7.0 0.36532482401467437 0.33726473997059436 0.015122873345935728 0.00945179584120983
7.0 0.3637090806201813 0.30837744585171317 0.017013232514177693 0.007561436672967864
7.0 0.3652368578768114 0.26462762937097645 0.011342155009451797 0.007561436672967864
7.0 0.3618326979094815 0.25922099546412425 0.011342155009451797 0.005671077504725898
7.0 0.36015320375233717 0.25101764935680704 0.00945179584120983 0.005671077504725898
7.0 0.35732753496107256 0.24762623173808818 0.00945179584120983 0.001890359168241966
7.0 0.3527885595405778 0.2652872780647785 0.007561436672967864 0.003780718336483932
7.0 0.34994203676931535 0.29050325893976175 0.005671077504725898 0.001890359168241966
2.0 0.3497791922035123 0.7824333899579804 0.022684310018903593 0.013232514177693762
2.0 0.3535599940870059 0.6458778420717778 0.020793950850661626 0.015122873345935728
2.0 0.35474951173163827 0.5275065286965879 0.01890359168241966 0.00945179584120983
2.0 0.35260686908720945 0.46711640018504924 0.017013232514177693 0.007561436672967864
2.0 0.35227701822652363 0.4296935093114131 0.011342155009451797 0.007561436672967864
2.0 0.353962663895736 0.362841896854724 0.013232514177693762 0.005671077504725898
2.0 0.35290388459821437 0.3462927853234336 0.011342155009451797 0.005671077504725898
2.0 0.3518832743986365 0.32865065383584796 0.011342155009451797 0.005671077504725898
2.0 0.3510074475630827 0.316291651777563 0.007561436672967864 0.003780718336483932
2.0 0.34889019100828367 0.32062418056722464 0.005671077504725898 0.001890359168241966
2.0 0.3460625851262588 0.3361465989954501 0.007561436672967864 0.003780718336483932
2.0 0.34291792703994173 0.3604708757522658 0.00945179584120983 0.001890359168241966
2.0 0.33989508330295715 0.3907360284607545 0.005671077504725898 0.003780718336483932
2.0 0.33689711239220044 0.4205662455149482 0.005671077504725898 0.001890359168241966
2.0 0.33470495711695214 0.4550538116744824 0.005671077504725898 0.001890359168241966
2.0 0.33171171389090526 0.49390049916710954 0.005671077504725898 0.001890359168241966
2.0 0.32906220622966836 0.5323330704761358 0.007561436672967864 0.001890359168241966
7.0 0.35512617127894636 0.2543672735287896 0.00945179584120983 0.003780718336483932
2.0 0.3176176986073244 0.7194551384503551 0.007561436672967864 0.003780718336483932
7.0 0.3181858439413177 0.7031855847646158 0.007561436672967864 0.003780718336483932
7.0 0.3254579208869748 0.579525861172364 0.005671077504725898 0.003780718336483932
7.0 0.3277093104633222 0.543064717666085 0.005671077504725898 0.001890359168241966
2.0 0.32716299670882665 0.5681382792244123 0.007561436672967864 0.003780718336483932
7.0 0.3338575933571421 0.4607380987952961 0.003780718336483932 0.003780718336483932
7.0 0.33645305627792765 0.42385316636244014 0.005671077504725898 0.001890359168241966
7.0 0.33108547169100666 0.5026818758046335 0.005671077504725898 0.003780718336483932
7.0 0.340079173200119 0.3854643835387997 0.005671077504725898 0.003780718336483932
7.0 0.34255945326781795 0.35187785646078146 0.005671077504725898 0.003780718336483932
2.0 0.3219738481223215 0.6698674688044305 0.005671077504725898 0.003780718336483932
2.0 0.3238534676548295 0.6254713903086673 0.007561436672967864 0.003780718336483932
2.0 0.309899079453849 0.8375984505767664 0.007561436672967864 0.001890359168241966
2.0 0.3143541075827108 0.7754727564898655 0.005671077504725898 0.001890359168241966
