2 0.26136 0.22534 0.01273 0.02365
2 0.42932 0.21385 0.01318 0.02365
2 0.61455 0.20541 0.01182 0.02568
2 0.7475 0.19561 0.00773 0.0223
7 0.17432 0.22196 0.01045 0.01959
7 0.31318 0.21149 0.01 0.02027
7 0.53568 0.1973 0.00955 0.02027
7 0.63977 0.19122 0.00682 0.01892
7 0.7225 0.18514 0.00682 0.01757
7 0.46818 0.18277 0.00455 0.01014
7 0.48 0.18311 0.00455 0.01081
7 0.50659 0.18311 0.005 0.01081
7 0.50273 0.17736 0.00273 0.00743
7 0.48227 0.18074 0.00273 0.00878
7 0.51273 0.17669 0.00364 0.00743
7 0.50614 0.1777 0.00318 0.00811
7 0.51932 0.17838 0.00409 0.00811
7 0.52386 0.17703 0.00318 0.00811
7 0.54591 0.17466 0.00273 0.00743
7 0.54932 0.17703 0.00318 0.00811
2 0.54 0.1777 0.00364 0.01216
2 0.55205 0.17669 0.00318 0.01149
2 0.55864 0.17804 0.00364 0.01149
2 0.55659 0.17466 0.00227 0.00743
2 0.56932 0.17466 0.00318 0.00878
7 0.57568 0.17939 0.005 0.01149
2 0.61636 0.17331 0.00455 0.00878
7 0.64659 0.17635 0.005 0.01216
2 0.67773 0.17196 0.00364 0.01149
7 0.72136 0.17264 0.00364 0.01149
7 0.78159 0.1777 0.00591 0.01486
7 0.77955 0.16926 0.00364 0.01149
7 0.79818 0.17196 0.00545 0.01419
