7 0.38705 0.5777 0.03773 0.06081
7 0.42568 0.51216 0.01955 0.03378
7 0.38841 0.47973 0.01045 0.01892
7 0.36523 0.46554 0.00682 0.01351
7 0.35364 0.45845 0.00545 0.01014
7 0.34727 0.45405 0.00455 0.00946
7 0.34205 0.45068 0.00318 0.00811
7 0.33841 0.44797 0.00318 0.00811
9 0.33477 0.44392 0.00227 0.00946
2 0.77636 0.52601 0.02727 0.04122
2 0.61886 0.49291 0.01227 0.02635
2 0.49682 0.46689 0.00818 0.01622
2 0.44795 0.45811 0.00591 0.01216
2 0.42614 0.45473 0.005 0.00946
2 0.41364 0.45203 0.00455 0.00946
2 0.39295 0.4473 0.00409 0.00811
2 0.38545 0.44628 0.00364 0.00743
2 0.38068 0.44527 0.00318 0.00676
9 0.3775 0.44257 0.00227 0.00811
7 0.34955 0.44155 0.00273 0.00473
7 0.36182 0.44088 0.00273 0.00473
7 0.84432 0.43953 0.00318 0.00608
7 0.82136 0.43919 0.00364 0.00676
7 0.81068 0.43851 0.00318 0.00676
2 0.91182 0.43919 0.00455 0.00676
2 0.89386 0.43953 0.005 0.00743
2 0.86932 0.43919 0.00318 0.00676
2 0.79545 0.43818 0.00364 0.00608
2 0.74841 0.4402 0.00318 0.00743
2 0.83727 0.4402 0.00364 0.00878
2 0.73455 0.43818 0.00273 0.00608
2 0.66409 0.43851 0.00273 0.00541
2 0.63159 0.43851 0.00227 0.00541
2 0.69659 0.43953 0.00227 0.00608
2 0.72205 0.43986 0.00227 0.00541
2 0.58227 0.43784 0.00273 0.00541
2 0.60432 0.43851 0.00227 0.00541
2 0.51455 0.43682 0.00182 0.00473
2 0.39045 0.43986 0.00273 0.00541
2 0.40773 0.43919 0.00273 0.00541
2 0.43409 0.43885 0.00182 0.00473
2 0.45523 0.43818 0.00227 0.00473
2 0.47659 0.4375 0.00227 0.00473
7 0.4825 0.43682 0.00227 0.00473
2 0.49659 0.4375 0.00227 0.00473
7 0.51 0.43682 0.00273 0.00473
7 0.5325 0.43649 0.00227 0.00405
2 0.54068 0.43716 0.00227 0.00541
7 0.55864 0.43682 0.00273 0.00473
2 0.56364 0.4375 0.00273 0.00608
7 0.58045 0.43682 0.00182 0.00473
7 0.61977 0.43682 0.00227 0.00473
7 0.64 0.43716 0.00273 0.00541
7 0.66091 0.4375 0.00273 0.00608
7 0.68386 0.43784 0.00227 0.00541
7 0.68977 0.43716 0.00227 0.00405
7 0.70045 0.43682 0.00182 0.00338
7 0.74341 0.43851 0.00318 0.00676
7 0.76318 0.43885 0.00273 0.00608
7 0.7725 0.43818 0.00227 0.00473
2 0.76909 0.43851 0.00273 0.00541
2 0.76045 0.43851 0.00182 0.00541
7 0.77841 0.43851 0.00227 0.00541
2 0.79068 0.44054 0.00409 0.00676
7 0.80795 0.43885 0.00227 0.00473
7 0.85409 0.43919 0.00273 0.00541
2 0.88727 0.43919 0.00273 0.00541
7 0.90591 0.43953 0.00273 0.00473
7 0.71955 0.43818 0.00273 0.00608
