8.0 0.34595 0.36523000000000005 0.013671875 0.009765625
8.0 0.36284 0.3225 0.017578125 0.017578125
2.0 0.34561 0.31727000000000005 0.01953125 0.01171875
2.0 0.35068 0.23023000000000005 0.015625 0.013671875
2.0 0.35405 0.12817999999999996 0.01953125 0.015625
7.0 0.35709 0.37477000000000005 0.021484375 0.013671875
7.0 0.34426 0.40476999999999996 0.013671875 0.0078125
2.0 0.33953 0.44364000000000003 0.017578125 0.009765625
2.0 0.33953 0.48318000000000005 0.013671875 0.01171875
2.0 0.33547 0.53727 0.015625 0.009765625
7.0 0.34864999999999996 0.56795 0.01171875 0.013671875
7.0 0.35135 0.5168200000000001 0.013671875 0.01171875
7.0 0.35236 0.46182 0.01953125 0.01171875
