7.0 0.18906716925984898 0.5934149642862194 0.1564327485380117 0.19005847953216373
7.0 0.6280664603620854 0.6418054091404058 0.08333333333333333 0.09649122807017543
7.0 0.6038829752601927 0.5101501837548106 0.04093567251461988 0.04824561403508772
7.0 0.5753843405891621 0.4467307056521171 0.021929824561403508 0.027777777777777776
7.0 0.5565217771736667 0.4167101976621821 0.01608187134502924 0.02046783625730994
7.0 0.5695446436707416 0.4109609290611997 0.011695906432748537 0.014619883040935672
7.0 0.599229175191921 0.421508109195141 0.008771929824561403 0.011695906432748537
7.0 0.6355258029308576 0.4375205229644694 0.008771929824561403 0.011695906432748537
7.0 0.6792711068187746 0.459980846807172 0.007309941520467836 0.01023391812865497
7.0 0.7440754567694081 0.4955273016726143 0.008771929824561403 0.011695906432748537
7.0 0.8192665029932333 0.535015373258179 0.008771929824561403 0.01023391812865497
7.0 0.7995472769837615 0.5253976641120641 0.01023391812865497 0.011695906432748537
7.0 0.8142455178737719 0.5286272136750216 0.005847953216374269 0.008771929824561403
2.0 0.7372057537458461 0.5352254398377905 0.027777777777777776 0.03216374269005848
2.0 0.6720183925116601 0.47951270987203926 0.014619883040935672 0.019005847953216373
2.0 0.6543053183330568 0.45878084961174487 0.014619883040935672 0.017543859649122806
2.0 0.6819365856085081 0.4688762502573667 0.008771929824561403 0.013157894736842105
2.0 0.732031831355626 0.49499996857444606 0.01023391812865497 0.013157894736842105
2.0 0.7963135775248825 0.5308495251905057 0.013157894736842105 0.014619883040935672
