2.0 0.4348233600341567 0.3875564504069265 0.031135531135531136 0.020146520146520148
7.0 0.4276030057375526 0.5998342042356186 0.031135531135531136 0.018315018315018316
2.0 0.3837363925858495 0.6730398753298655 0.020146520146520148 0.01282051282051282
2.0 0.48691465213066387 0.1012878376184298 0.031135531135531136 0.027472527472527472
7.0 0.4014299135931511 0.7379351983717587 0.020146520146520148 0.020146520146520148
7.0 0.41545476482906474 0.673547005808146 0.023809523809523808 0.016483516483516484
2.0 0.45896676876821585 0.2601989444093047 0.027472527472527472 0.020146520146520148
7.0 0.41821620604729115 0.5068867718093877 0.020146520146520148 0.014652014652014652
2.0 0.39754216242801077 0.6073485373794065 0.018315018315018316 0.018315018315018316
7.0 0.4532671363251216 0.4734478547431904 0.038461538461538464 0.023809523809523808
2.0 0.4038796046321084 0.5575852916705643 0.023809523809523808 0.014652014652014652
8.0 0.4264020875516579 0.45340810477313387 0.02197802197802198 0.016483516483516484
8.0 0.47646092187867395 0.39153025358094595 0.031135531135531136 0.027472527472527472
