2 0.8425 0.63818 0.05591 0.09392
2 0.74705 0.51858 0.02136 0.03581
2 0.70364 0.49223 0.01455 0.02635
2 0.60773 0.47331 0.01 0.01689
2 0.63182 0.45574 0.00545 0.01014
2 0.57591 0.45473 0.00545 0.01081
2 0.56227 0.45169 0.00455 0.00878
2 0.54773 0.4527 0.00364 0.00811
2 0.52841 0.46689 0.00773 0.01486
2 0.8975 0.44392 0.005 0.00811
2 0.85864 0.44426 0.00455 0.00878
2 0.8375 0.44561 0.00409 0.00743
2 0.81841 0.44764 0.00409 0.00878
2 0.80636 0.44865 0.00455 0.00946
2 0.78614 0.45169 0.00591 0.01014
2 0.765 0.45405 0.00545 0.01081
2 0.70977 0.45608 0.00591 0.01216
2 0.09432 0.47905 0.00955 0.01486
2 0.19386 0.47264 0.00773 0.01284
2 0.26 0.46892 0.00727 0.01216
2 0.32932 0.46554 0.005 0.01081
7 0.30068 0.60878 0.03864 0.07432
7 0.43955 0.52939 0.02091 0.03986
7 0.49455 0.49966 0.01545 0.02635
7 0.48795 0.48446 0.00864 0.02162
7 0.44386 0.47601 0.00955 0.01689
7 0.38841 0.47095 0.00773 0.01486
7 0.33409 0.47027 0.00636 0.01351
7 0.28455 0.47095 0.00727 0.01351
7 0.21773 0.47601 0.00909 0.01419
7 0.10364 0.48446 0.01182 0.01757
2 0.46023 0.46284 0.00682 0.01216
2 0.39636 0.46318 0.00545 0.01149
2 0.54227 0.45372 0.00455 0.00878
2 0.5975 0.44865 0.00409 0.00811
2 0.58114 0.45 0.00409 0.00811
7 0.87864 0.44189 0.00455 0.00811
7 0.84318 0.44358 0.00273 0.00473
7 0.79364 0.44459 0.00364 0.00676
7 0.77091 0.44628 0.00364 0.00743
7 0.75773 0.4473 0.00455 0.00811
7 0.73682 0.44831 0.00364 0.00878
7 0.71386 0.45068 0.00409 0.00811
7 0.69182 0.45203 0.00364 0.00946
7 0.65341 0.45304 0.00409 0.00878
7 0.63932 0.44899 0.00318 0.00743
7 0.625 0.45 0.00364 0.00811
7 0.61977 0.45169 0.00318 0.00878
7 0.615 0.45135 0.00364 0.00946
7 0.08205 0.46858 0.005 0.00743
2 0.10273 0.46824 0.00455 0.00676
7 0.16295 0.46453 0.00409 0.00608
2 0.20159 0.4625 0.00409 0.00608
7 0.23205 0.46081 0.00318 0.00541
2 0.26932 0.45946 0.00318 0.00541
7 0.28455 0.45878 0.00273 0.00541
2 0.31114 0.45743 0.00318 0.00541
2 0.33818 0.45642 0.00273 0.00608
7 0.35795 0.45439 0.00227 0.00473
7 0.38159 0.45304 0.00227 0.00473
2 0.39045 0.45338 0.00273 0.00541
7 0.40682 0.45203 0.00182 0.00405
2 0.41295 0.45169 0.00227 0.00473
2 0.43364 0.45101 0.00182 0.00473
9 0.43045 0.44932 0.00273 0.00676
9 0.44773 0.44932 0.00273 0.00676
7 0.44364 0.44932 0.00182 0.00405
2 0.46091 0.44932 0.00182 0.00405
2 0.47977 0.44865 0.00227 0.00405
7 0.4625 0.44865 0.00227 0.00405
7 0.48432 0.44797 0.00227 0.00405
2 0.49886 0.44797 0.00227 0.00405
2 0.51932 0.44696 0.00227 0.00338
7 0.50818 0.4473 0.00182 0.00405
7 0.52977 0.44662 0.00227 0.00405
2 0.60977 0.44764 0.00318 0.00608
7 0.63205 0.44358 0.00227 0.00473
7 0.64295 0.44291 0.00227 0.00473
7 0.65091 0.44831 0.00273 0.00608
7 0.65477 0.44662 0.00318 0.00676
7 0.65705 0.44561 0.00227 0.00473
7 0.65932 0.44392 0.00227 0.00405
7 0.66568 0.44426 0.00227 0.00473
2 0.62295 0.44493 0.00227 0.00473
2 0.55727 0.44527 0.00182 0.00405
2 0.57841 0.44493 0.00227 0.00473
7 0.55341 0.44527 0.00227 0.00405
7 0.57523 0.44392 0.00227 0.00541
7 0.9125 0.44122 0.00318 0.00541
2 0.935 0.44291 0.00273 0.00608
