2 0.6825 0.5277 0.025 0.04189
2 0.66909 0.49189 0.01455 0.02703
2 0.68477 0.46824 0.00864 0.01757
2 0.71682 0.46014 0.00727 0.01486
2 0.78136 0.45642 0.00727 0.01419
2 0.89023 0.45608 0.00864 0.01486
7 0.87477 0.45034 0.00682 0.01284
7 0.80205 0.45034 0.00682 0.01149
7 0.71273 0.45236 0.00545 0.01014
7 0.64523 0.45608 0.00591 0.01216
7 0.60455 0.46081 0.00636 0.01351
7 0.55068 0.46926 0.00955 0.01689
7 0.50659 0.48041 0.01045 0.02162
7 0.43477 0.50642 0.01682 0.03041
7 0.2625 0.61385 0.05136 0.08041
