2.0 0.6694438775121391 0.6589790300245078 0.04721030042918455 0.05293276108726753
2.0 0.6507118325927415 0.5938728678178 0.022889842632331903 0.027181688125894134
2.0 0.6954161074871993 0.6036805606254166 0.020028612303290415 0.022889842632331903
2.0 0.7808871563125556 0.6467430796525117 0.012875536480686695 0.015736766809728183
7.0 0.4303073457669719 0.4991936214794112 0.03719599427753934 0.04291845493562232
7.0 0.5126243202731624 0.5044298870918839 0.01859799713876967 0.02145922746781116
7.0 0.5754747700480438 0.5244267105113878 0.01430615164520744 0.015736766809728183
7.0 0.6452117914507383 0.5581176162304844 0.012875536480686695 0.015736766809728183
7.0 0.714330937115565 0.5948856955223348 0.011444921316165951 0.012875536480686695
7.0 0.7794140526892785 0.631319634350524 0.011444921316165951 0.01430615164520744
