2.0 0.5966790883213319 0.2054291882064401 0.013232514177693762 0.020793950850661626
2.0 0.8036657762564143 0.18903948036764445 0.013232514177693762 0.024574669187145556
2.0 0.38332773550799953 0.2220411550403413 0.011342155009451797 0.020793950850661626
2.0 0.18824395672658506 0.2390030270593603 0.00945179584120983 0.01890359168241966
2.0 0.10436788721525611 0.24487614365281735 0.011342155009451797 0.020793950850661626
7.0 0.6220322981322701 0.19375525872110363 0.00945179584120983 0.01890359168241966
7.0 0.43946289921788473 0.2099411601179334 0.00945179584120983 0.015122873345935728
7.0 0.273127126482459 0.22425275809937345 0.007561436672967864 0.015122873345935728
7.0 0.16166101661714438 0.23404312437497876 0.005671077504725898 0.015122873345935728
7.0 0.7996240424470819 0.18034832170981277 0.007561436672967864 0.01890359168241966
