7 0.43686 0.33173 0.01195 0.05769
7 0.48805 0.29688 0.01024 0.04808
7 0.2677 0.53786 0.0465 0.15745
7 0.34642 0.39303 0.01877 0.08413
2 0.65444 0.33894 0.01706 0.0625
2 0.71374 0.28846 0.01109 0.04327
2 0.73784 0.27404 0.00896 0.04327
2 0.65145 0.40144 0.02218 0.09135
2 0.69795 0.52524 0.03925 0.15385
7 0.54778 0.28125 0.01024 0.03846
7 0.59812 0.27043 0.00853 0.03606
7 0.62287 0.26202 0.00683 0.03365
2 0.68345 0.30409 0.01365 0.05288
2 0.7436 0.26442 0.00768 0.03365
7 0.62884 0.2524 0.00597 0.02885
2 0.8878 0.29087 0.01536 0.05769
2 0.85154 0.26923 0.01195 0.04327
2 0.87585 0.25721 0.00939 0.03846
2 0.89676 0.2476 0.01024 0.03365
2 0.72184 0.2524 0.00683 0.02885
7 0.61497 0.24279 0.0064 0.02644
7 0.59087 0.23918 0.00512 0.02404
7 0.57978 0.23257 0.00427 0.02043
7 0.58724 0.22536 0.00384 0.01562
7 0.609 0.22296 0.00469 0.01803
7 0.64164 0.21935 0.00427 0.01803
7 0.68025 0.21815 0.00469 0.01803
7 0.70627 0.21695 0.00469 0.02043
7 0.76152 0.21695 0.00427 0.02043
7 0.80781 0.21995 0.00469 0.02163
2 0.65721 0.22837 0.00469 0.02163
2 0.66233 0.23197 0.00555 0.02163
2 0.69603 0.23858 0.00725 0.03005
2 0.68537 0.22776 0.00555 0.02284
2 0.72035 0.22476 0.0064 0.02404
2 0.78498 0.22776 0.00597 0.02764
2 0.83788 0.22837 0.00683 0.03125
7 0.89462 0.21995 0.00597 0.01683
2 0.93814 0.22957 0.00427 0.02885
