7 0.23205 0.706 0.06923 0.108
7 0.32051 0.564 0.02821 0.052
7 0.36346 0.514 0.01538 0.032
7 0.38269 0.486 0.01026 0.02
7 0.37692 0.474 0.00897 0.02
7 0.35256 0.466 0.00769 0.016
2 0.78141 0.694 0.05769 0.092
2 0.61538 0.568 0.02308 0.044
2 0.55769 0.518 0.01538 0.032
2 0.51058 0.487 0.00833 0.022
2 0.4875 0.475 0.00705 0.014
2 0.45288 0.467 0.00705 0.014
2 0.41186 0.46 0.00577 0.012
2 0.36859 0.4565 0.00513 0.013
2 0.31987 0.4525 0.00641 0.013
2 0.25929 0.4505 0.00705 0.013
7 0.30385 0.4605 0.00769 0.017
7 0.22596 0.459 0.00833 0.018
