2.0 0.5449026949760262 0.402240345109784 0.05955678670360111 0.06509695290858726
2.0 0.47561995438106186 0.3834165640774364 0.04016620498614958 0.04293628808864266
2.0 0.43918372767209357 0.3834624363239431 0.030470914127423823 0.03185595567867036
2.0 0.4030653042595125 0.3967907832175332 0.0221606648199446 0.024930747922437674
2.0 0.3713431996301151 0.4119445931266277 0.0221606648199446 0.0221606648199446
2.0 0.34764405416564803 0.4280263670305108 0.019390581717451522 0.02077562326869806
2.0 0.32263068922239757 0.45089769912681843 0.018005540166204988 0.019390581717451522
2.0 0.2975139543925837 0.4727313436116225 0.018005540166204988 0.019390581717451522
2.0 0.2757562417912013 0.4984291011471672 0.018005540166204988 0.019390581717451522
2.0 0.24425301096651852 0.5359717492622964 0.018005540166204988 0.019390581717451522
2.0 0.21320934888358284 0.5731242965791349 0.01662049861495845 0.019390581717451522
7.0 0.22190235738650185 0.5858915905115868 0.023545706371191136 0.02631578947368421
7.0 0.2888130819134206 0.5051478827609329 0.024930747922437674 0.02631578947368421
7.0 0.3111896146906317 0.48569625957939316 0.023545706371191136 0.024930747922437674
7.0 0.3279861142991887 0.4801250469058256 0.02631578947368421 0.027700831024930747
7.0 0.34414005490097044 0.48302401446404075 0.03185595567867036 0.036011080332409975
7.0 0.34817161128095053 0.5314711033135936 0.04709141274238227 0.05263157894736842
7.0 0.25559035222305776 0.5391019166482409 0.023545706371191136 0.02631578947368421
