7.0 0.1753224018717121 0.5625215107754934 0.08888888888888889 0.1288888888888889
7.0 0.33556809618628836 0.41980736076173075 0.06222222222222222 0.09481481481481481
7.0 0.34813293277045876 0.36851760406853606 0.04296296296296296 0.0637037037037037
7.0 0.31593424270244513 0.33422136622642895 0.034074074074074076 0.05185185185185185
7.0 0.2701903041344164 0.308864738248334 0.034074074074074076 0.04888888888888889
2.0 0.3377340284199133 0.29003236059258414 0.022222222222222223 0.034074074074074076
2.0 0.3817822860126117 0.3056584593469256 0.02074074074074074 0.03111111111111111
2.0 0.4468970832928827 0.3336447696493229 0.022222222222222223 0.035555555555555556
2.0 0.4983972831859958 0.363565277840254 0.022222222222222223 0.037037037037037035
2.0 0.5496457939994365 0.4203087200892323 0.034074074074074076 0.05333333333333334
2.0 0.5856452349293042 0.49222432394701426 0.05185185185185185 0.08
2.0 0.6849607254197321 0.6621833471713306 0.0962962962962963 0.14222222222222222
