7.0 0.38399992093691543 0.544789147117201 0.06338028169014084 0.08028169014084507
7.0 0.38087897583607316 0.4444362638119944 0.0323943661971831 0.04225352112676056
7.0 0.379194759736657 0.4100220828894205 0.01971830985915493 0.02535211267605634
7.0 0.3786087504328938 0.3926466008230497 0.016901408450704224 0.02112676056338028
7.0 0.37812031263958684 0.3814768238028063 0.015492957746478873 0.01971830985915493
2.0 0.3732242210292874 0.36596472571040045 0.01267605633802817 0.016901408450704224
2.0 0.39102722615305885 0.35604405362919866 0.01267605633802817 0.016901408450704224
2.0 0.4072997578583803 0.34715569890354214 0.01267605633802817 0.015492957746478873
2.0 0.420742202269879 0.34122876377147965 0.01267605633802817 0.015492957746478873
2.0 0.43022517510263275 0.3431915421919044 0.016901408450704224 0.02112676056338028
2.0 0.44216595137038456 0.34768912098387555 0.01971830985915493 0.023943661971830985
2.0 0.4608120375049243 0.3549705339132302 0.02676056338028169 0.03380281690140845
2.0 0.48754650419716283 0.370400500961737 0.03380281690140845 0.04225352112676056
2.0 0.5495285263260208 0.4017724053361269 0.054929577464788736 0.06901408450704226
9.0 0.18247975474058326 0.5772144249257204 0.04929577464788732 0.06338028169014084
2.0 0.20048315385762464 0.5274331733631581 0.02112676056338028 0.028169014084507043
7.0 0.2428450930231201 0.508271310577676 0.022535211267605635 0.029577464788732393
7.0 0.2786015254014216 0.4611461291026406 0.018309859154929577 0.023943661971830985
2.0 0.3007640781510154 0.4263389416851909 0.01267605633802817 0.015492957746478873
7.0 0.3094575480327365 0.4298780498202449 0.015492957746478873 0.01971830985915493
2.0 0.3207592434802144 0.4086681210142138 0.014084507042253521 0.018309859154929577
7.0 0.33512095292892136 0.40629634678566146 0.014084507042253521 0.01971830985915493
2.0 0.33894259744215066 0.3932631857914531 0.01267605633802817 0.015492957746478873
2.0 0.8422084871929624 0.5080692313555163 0.06619718309859154 0.08169014084507042
