7 0.28498 0.53486 0.04266 0.15144
7 0.41382 0.38702 0.01877 0.08173
7 0.47952 0.32212 0.01024 0.05288
7 0.49616 0.29447 0.00853 0.03846
7 0.49232 0.27524 0.00597 0.03125
2 0.79096 0.73498 0.03754 0.19111
2 0.63993 0.44712 0.02901 0.11058
2 0.63908 0.35337 0.01536 0.06971
2 0.63737 0.3101 0.00939 0.04808
2 0.61391 0.28486 0.00683 0.03606
2 0.58874 0.26683 0.00683 0.03125
2 0.57253 0.25721 0.00512 0.02644
7 0.09812 0.34135 0.01365 0.04808
2 0.14164 0.30288 0.00939 0.03365
7 0.22227 0.30048 0.00853 0.03846
2 0.2099 0.28005 0.00683 0.02885
2 0.25256 0.27043 0.00512 0.02163
7 0.26451 0.28606 0.00683 0.03365
8 0.19369 0.29988 0.01109 0.04688
8 0.15764 0.28546 0.00981 0.03245
7 0.29629 0.27464 0.00725 0.02284
7 0.32231 0.26562 0.00725 0.02404
7 0.35388 0.25901 0.0064 0.02284
7 0.38481 0.2524 0.00768 0.02404
7 0.40636 0.2476 0.00555 0.02163
7 0.49211 0.2518 0.00555 0.02284
7 0.48464 0.2488 0.00597 0.02163
7 0.4695 0.24279 0.00555 0.02163
7 0.44283 0.24459 0.00597 0.02043
2 0.55354 0.2476 0.00555 0.02163
2 0.54096 0.24099 0.00512 0.02043
2 0.52069 0.23678 0.00555 0.02163
2 0.49637 0.23498 0.00469 0.02043
