7.0 0.4654569450528697 0.37754353320875045 0.06666666666666667 0.08936170212765958
7.0 0.5439138295584075 0.3174675701978338 0.032624113475177303 0.04397163120567376
7.0 0.5699006027121473 0.29458702437268647 0.02269503546099291 0.031205673758865248
7.0 0.6135800967887234 0.29718335239567945 0.01276595744680851 0.015602836879432624
2.0 0.6754851611708103 0.3513062424030557 0.02127659574468085 0.028368794326241134
2.0 0.6909166479693106 0.3491139017086892 0.01702127659574468 0.02269503546099291
2.0 0.6827668881484742 0.38467314896766697 0.029787234042553193 0.03971631205673759
2.0 0.6880798299800098 0.4878369724860596 0.06382978723404255 0.08368794326241134
2.0 0.7215360665806039 0.3661831914253932 0.015602836879432624 0.01702127659574468
2.0 0.7646017524485554 0.3905245150580334 0.014184397163120567 0.01702127659574468
2.0 0.8499390673364924 0.45156506213995035 0.02269503546099291 0.028368794326241134
