7 0.19198 0.55889 0.03925 0.14423
7 0.23208 0.43269 0.02218 0.08654
7 0.25085 0.35938 0.01536 0.05529
7 0.24317 0.33413 0.01024 0.04327
7 0.17022 0.32692 0.01109 0.03846
7 0.11945 0.32692 0.01109 0.03365
7 0.06229 0.32933 0.00512 0.03606
2 0.12201 0.30288 0.00683 0.02885
2 0.20819 0.29688 0.00683 0.02885
2 0.25427 0.29447 0.00683 0.02885
2 0.30461 0.29207 0.00683 0.03125
2 0.33916 0.29327 0.00768 0.02885
2 0.37799 0.29808 0.00853 0.03365
2 0.42918 0.31611 0.00939 0.04327
2 0.46331 0.34375 0.01195 0.05769
2 0.53456 0.40385 0.02304 0.08413
2 0.75875 0.64183 0.06357 0.20192
