2.0 0.38004897701798834 0.2623204244305057 0.007898894154818325 0.018957345971563982
2.0 0.39702445690151306 0.2682062107820105 0.011058451816745656 0.020537124802527645
7.0 0.8817550548750452 0.406182327263166 0.007898894154818325 0.01579778830963665
7.0 0.6172132755640491 0.3566212811315146 0.014218009478672985 0.02843601895734597
7.0 0.6363412940221685 0.3550296179658303 0.01263823064770932 0.023696682464454975
7.0 0.6689853118092537 0.3613525308239106 0.01263823064770932 0.02527646129541864
7.0 0.7114556909600938 0.36847364467071403 0.014218009478672985 0.02527646129541864
7.0 0.744632188150666 0.3779868521557507 0.01263823064770932 0.026856240126382307
7.0 0.8242417861666655 0.4008145370489521 0.01579778830963665 0.026856240126382307
7.0 0.5907692081417674 0.3662376582552906 0.01579778830963665 0.03317535545023697
2.0 0.7415496183587615 0.401883430824495 0.020537124802527645 0.03317535545023697
2.0 0.7786619251521678 0.41202034785458647 0.018957345971563982 0.037914691943127965
2.0 0.826020853720195 0.4296476421065102 0.023696682464454975 0.04739336492890995
2.0 0.881849500034241 0.4446465174346573 0.01579778830963665 0.030015797788309637
7.0 0.5570187441524238 0.373750545448641 0.02527646129541864 0.044233807266982623
2.0 0.7084486789640767 0.40402062909439057 0.020537124802527645 0.037914691943127965
2.0 0.694667121485483 0.4182776539122102 0.023696682464454975 0.045813586097946286
7.0 0.5043948312005213 0.3920325038525709 0.02843601895734597 0.05687203791469194
2.0 0.668599868097976 0.4603555575213453 0.037914691943127965 0.06951026856240126
7.0 0.4013359554936965 0.42721304366623447 0.044233807266982623 0.08056872037914692
2.0 0.6460637141706298 0.49636945341007765 0.04897314375987362 0.08846761453396525
2.0 0.6560305155812798 0.6494165183875232 0.09004739336492891 0.16429699842022116
7.0 0.1402474460786255 0.546518465684187 0.08846761453396525 0.16903633491311215
7.0 0.6950026858621338 0.36578369859643645 0.01263823064770932 0.02527646129541864
7.0 0.7808511249234963 0.38939061097631233 0.014218009478672985 0.02527646129541864
7.0 0.8668253742648659 0.41505306166459344 0.01579778830963665 0.026856240126382307
1.0 0.7646311661314293 0.46159700069466525 0.04107424960505529 0.07898894154818326
1.0 0.7471670204514073 0.4217030177878891 0.02843601895734597 0.05529225908372828
1.0 0.8506620740681898 0.3881705614989214 0.01579778830963665 0.0315955766192733
1.0 0.8362314251847349 0.3840326395180852 0.01263823064770932 0.02527646129541864
1.0 0.8236008371267994 0.37737326805805704 0.011058451816745656 0.022116903633491312
1.0 0.8123667733218988 0.36959974639033777 0.011058451816745656 0.018957345971563982
1.0 0.8053414192137595 0.3640511986320256 0.009478672985781991 0.017377567140600316
1.0 0.7984518800035496 0.360552643531848 0.009478672985781991 0.018957345971563982
1.0 0.793015653135504 0.3569743677703656 0.007898894154818325 0.018957345971563982
1.0 0.763761813368771 0.3607195698049139 0.011058451816745656 0.02527646129541864
1.0 0.7671884689704076 0.3581596731744899 0.009478672985781991 0.020537124802527645
1.0 0.762383619714103 0.35425757633206245 0.00631911532385466 0.01579778830963665
1.0 0.7598389723294824 0.3499854361233614 0.00631911532385466 0.014218009478672985
1.0 0.7565269488197421 0.3465114001755034 0.00631911532385466 0.014218009478672985
1.0 0.7876089350539358 0.353909419215028 0.007898894154818325 0.01579778830963665
1.0 0.7822122215902905 0.35083892500941966 0.00631911532385466 0.01579778830963665
1.0 0.7791302686036324 0.34844059211802064 0.007898894154818325 0.014218009478672985
1.0 0.7544129336948086 0.34387733887357563 0.00631911532385466 0.014218009478672985
1.0 0.7768429710447458 0.34576525730602026 0.00631911532385466 0.01263823064770932
1.0 0.7745182059498358 0.34509864164208165 0.004739336492890996 0.011058451816745656
1.0 0.771341997338025 0.34367459835235803 0.004739336492890996 0.01263823064770932
1.0 0.7687871617200326 0.3419322796319603 0.00315955766192733 0.007898894154818325
1.0 0.6745329513306307 0.3482853567662169 0.011058451816745656 0.026856240126382307
1.0 0.7120567534460674 0.35449292817060096 0.011058451816745656 0.026856240126382307
7.0 0.8651810656956284 0.39637274093622477 0.00631911532385466 0.014218009478672985
7.0 0.8638323808274379 0.3904240746695183 0.00631911532385466 0.01263823064770932
7.0 0.8845098295058017 0.39281917778282216 0.004739336492890996 0.011058451816745656
7.0 0.49689347266883627 0.2867290474213099 0.009478672985781991 0.017377567140600316
2.0 0.4881177593729494 0.2816799092097603 0.007898894154818325 0.01579778830963665
2.0 0.4600126595430486 0.26451649010055756 0.009478672985781991 0.01579778830963665
8.0 0.4498495543138608 0.2661544722794508 0.009478672985781991 0.018957345971563982
8.0 0.4419354727682465 0.2593329402053829 0.00631911532385466 0.01263823064770932
8.0 0.4334659386376769 0.259437083291127 0.007898894154818325 0.014218009478672985
2.0 0.4102898856655084 0.2219441629067104 0.007898894154818325 0.01263823064770932
