8 0.21182 0.82316 0.07818 0.14632
9 0.20091 0.72647 0.09909 0.22353
9 0.24091 0.675 0.06091 0.18529
8 0.29136 0.61544 0.04273 0.08382
2 0.29727 0.575 0.02727 0.06765
8 0.33545 0.55662 0.02909 0.06471
8 0.35818 0.51029 0.02 0.04706
8 0.34091 0.48824 0.01818 0.03824
8 0.50727 0.46618 0.01636 0.03824
8 0.55273 0.48676 0.02 0.05
8 0.57864 0.52132 0.02818 0.06176
7 0.625 0.52941 0.03455 0.06765
8 0.63182 0.56544 0.03909 0.08088
8 0.68727 0.43971 0.01909 0.03824
9 0.68636 0.60809 0.05636 0.17941
9 0.73455 0.64412 0.09273 0.20882
8 0.79773 0.79118 0.09364 0.18971
