7 0.31101 0.4399 0.02474 0.10096
2 0.73891 0.62921 0.05546 0.20553
2 0.58874 0.39423 0.02218 0.08654
2 0.52602 0.3101 0.01024 0.04808
2 0.50085 0.28365 0.00853 0.03365
2 0.4663 0.27404 0.00683 0.02885
7 0.37457 0.33654 0.01365 0.04808
7 0.37927 0.30769 0.01024 0.03846
7 0.35922 0.29447 0.00939 0.03846
7 0.14932 0.32692 0.01195 0.04327
2 0.13183 0.30649 0.01109 0.03365
2 0.21502 0.28966 0.00683 0.02644
7 0.2244 0.30889 0.00853 0.03606
7 0.31079 0.29387 0.00981 0.03245
7 0.07167 0.76262 0.02389 0.13822
2 0.42683 0.26743 0.0064 0.02764
2 0.38545 0.26743 0.00555 0.02524
2 0.33703 0.27043 0.00597 0.02644
2 0.27624 0.27945 0.0064 0.03005
9 0.17726 0.27945 0.00896 0.04207
1 0.07039 0.3137 0.01451 0.04808
1 0.24232 0.26082 0.00683 0.02885
