8 0.6 0.65515 0.06182 0.13824
2 0.59 0.575 0.02636 0.06765
8 0.56182 0.57868 0.03091 0.075
8 0.56455 0.55735 0.02545 0.05882
9 0.56091 0.53456 0.02727 0.07647
8 0.54136 0.53824 0.01727 0.04118
2 0.53591 0.53529 0.01364 0.03676
8 0.11818 0.56618 0.07273 0.11176
8 0.145 0.51029 0.02818 0.06471
8 0.27682 0.5375 0.03818 0.07206
7 0.25909 0.52794 0.02727 0.06471
8 0.32545 0.52574 0.02727 0.05735
9 0.35818 0.50809 0.03091 0.075
9 0.37455 0.50735 0.01455 0.07059
8 0.39364 0.51618 0.01818 0.04118
7 0.41636 0.51765 0.01545 0.03529
