7.0 0.8558910302973501 0.5049416886006425 0.01059001512859304 0.019667170953101363
7.0 0.7814543160862583 0.458786943267121 0.012102874432677761 0.019667170953101363
7.0 0.30647843606752956 0.2146819388409926 0.01664145234493192 0.028744326777609682
7.0 0.5380509300882134 0.3184589605223672 0.009077155824508321 0.01664145234493192
7.0 0.40638514111594576 0.2561936552777856 0.01361573373676248 0.0226928895612708
7.0 0.4849012742915406 0.2917427650852318 0.01059001512859304 0.019667170953101363
2.0 0.34563417726741924 0.2842729481371484 0.028744326777609682 0.046898638426626324
2.0 0.3321773853842869 0.3652376687020266 0.0453857791225416 0.08018154311649017
2.0 0.691260539655545 0.4160504111444188 0.012102874432677761 0.0226928895612708
2.0 0.7895731986044439 0.4767798630765619 0.01361573373676248 0.024205748865355523
2.0 0.4136498510489355 0.28017264305433776 0.019667170953101363 0.03177004538577912
7.0 0.6495516932093459 0.3779451941515987 0.009077155824508321 0.018154311649016642
7.0 0.5928688725012375 0.3476159822562961 0.009077155824508321 0.01664145234493192
2.0 0.5001596718764383 0.31067585689173166 0.01361573373676248 0.024205748865355523
2.0 0.43808491518507564 0.6917703445951956 0.06959152798789713 0.1346444780635401
7.0 0.710342684596804 0.4152526782144262 0.007564296520423601 0.01664145234493192
2.0 0.4597539952300289 0.24736702997064636 0.0045385779122541605 0.009077155824508321
2.0 0.5915395304904586 0.3574768423538407 0.01059001512859304 0.02118003025718608
2.0 0.5913486995748124 0.3199761950690372 0.0045385779122541605 0.007564296520423601
2.0 0.4276218525815223 0.22421347581668855 0.0030257186081694403 0.0045385779122541605
2.0 0.6241810555424506 0.333027389247318 0.0030257186081694403 0.006051437216338881
2.0 0.47186863100166515 0.2560745955243942 0.0045385779122541605 0.007564296520423601
2.0 0.5887236338154955 0.30950174403968506 0.0030257186081694403 0.0045385779122541605
2.0 0.43873241929188045 0.23929760300822528 0.0045385779122541605 0.009077155824508321
7.0 0.4233873837784517 0.22394041306353138 0.0030257186081694403 0.007564296520423601
2.0 0.4145806726678918 0.22732182104034593 0.0045385779122541605 0.007564296520423601
2.0 0.39844648893363316 0.22383328322575272 0.0045385779122541605 0.009077155824508321
2.0 0.39484005824970664 0.21703931408006089 0.0045385779122541605 0.009077155824508321
2.0 0.4421752818436535 0.23069608097050104 0.0015128593040847202 0.006051437216338881
7.0 0.6170715918048393 0.3176787105228469 0.0030257186081694403 0.006051437216338881
7.0 0.45672722217443057 0.24169993453210056 0.0030257186081694403 0.0045385779122541605
2.0 0.6077616574127316 0.31861018766146476 0.0030257186081694403 0.0045385779122541605
7.0 0.404759389414272 0.21678979598228038 0.0030257186081694403 0.006051437216338881
2.0 0.40203924796148827 0.2148412675173508 0.0030257186081694403 0.006051437216338881
2.0 0.4654885250116536 0.24371068606354315 0.0030257186081694403 0.006051437216338881
2.0 0.4362116453784981 0.23607320704360432 0.0045385779122541605 0.009077155824508321
2.0 0.4728684409161503 0.24743963743451364 0.0030257186081694403 0.0045385779122541605
2.0 0.6282545300719957 0.3269329949040896 0.0045385779122541605 0.006051437216338881
