7.0 0.38581411061181176 0.32862875745510944 0.02635658914728682 0.046511627906976744
7.0 0.26372449460133296 0.3184475886252453 0.03875968992248062 0.06666666666666667
7.0 0.46592496607538797 0.33923403721557405 0.017054263565891473 0.03255813953488372
7.0 0.7153749035326431 0.4216457131254878 0.009302325581395349 0.020155038759689922
7.0 0.5470211054684756 0.3642232921868526 0.013953488372093023 0.027906976744186046
7.0 0.6692483198100461 0.4057568565439794 0.010852713178294573 0.023255813953488372
7.0 0.6137927542585716 0.3854680055236506 0.012403100775193798 0.023255813953488372
2.0 0.6463311544336119 0.44004307230266637 0.023255813953488372 0.043410852713178294
2.0 0.714465290688631 0.45128902461902487 0.017054263565891473 0.031007751937984496
2.0 0.8492102570471973 0.4887186386322889 0.009302325581395349 0.018604651162790697
2.0 0.44885841118326564 0.5827230244062022 0.07596899224806201 0.14263565891472868
2.0 0.7699565907095056 0.46206614043040156 0.015503875968992248 0.02635658914728682
7.0 0.7593930191839654 0.43821831139858003 0.009302325581395349 0.017054263565891473
2.0 0.5415718690577386 0.4400250137612191 0.03565891472868217 0.06356589147286822
7.0 0.8617120092875424 0.48779784914454566 0.007751937984496124 0.017054263565891473
2.0 0.6951267353559456 0.35382848122125143 0.004651162790697674 0.009302325581395349
2.0 0.7225777653391718 0.36818977356862154 0.0031007751937984496 0.009302325581395349
7.0 0.8772747244680944 0.4493024926603831 0.004651162790697674 0.009302325581395349
7.0 0.8500910684449005 0.4341183078779526 0.004651162790697674 0.009302325581395349
2.0 0.807163243028968 0.471885069092965 0.012403100775193798 0.021705426356589147
7.0 0.7992701303220378 0.40763152755385595 0.004651162790697674 0.009302325581395349
7.0 0.6466463067113513 0.3330850335539192 0.006201550387596899 0.009302325581395349
7.0 0.8090473335257768 0.4611543661610994 0.007751937984496124 0.015503875968992248
7.0 0.710990878140616 0.36760497870763625 0.004651162790697674 0.009302325581395349
7.0 0.67303726818701 0.34801165626475916 0.004651162790697674 0.009302325581395349
7.0 0.2799994973231517 0.2021606720739269 0.009302325581395349 0.017054263565891473
2.0 0.28525833678022283 0.20477914009379083 0.012403100775193798 0.021705426356589147
7.0 0.6263065916845837 0.3196738694960334 0.006201550387596899 0.009302325581395349
7.0 0.826720872749549 0.42063224846272546 0.006201550387596899 0.010852713178294573
