7.0 0.8213571190383181 0.3554191808601858 0.009025270758122744 0.02527075812274368
2.0 0.14030937160954354 0.2894550648476741 0.01444043321299639 0.04512635379061372
2.0 0.2231758841222358 0.4022055041731132 0.02707581227436823 0.08664259927797834
7.0 0.7439204611567647 0.3268943417086039 0.007220216606498195 0.021660649819494584
2.0 0.7587963327786199 0.35483454207807863 0.01263537906137184 0.032490974729241874
2.0 0.8946998379464522 0.39992496391974736 0.016245487364620937 0.04332129963898917
2.0 0.38269348331191494 0.5954738861515294 0.0631768953068592 0.17509025270758122
7.0 0.6850443869220962 0.3093626263268989 0.005415162454873646 0.016245487364620937
2.0 0.3700653603842897 0.24616107113761337 0.0036101083032490976 0.01444043321299639
2.0 0.16815641122534464 0.3308812703132153 0.021660649819494584 0.061371841155234655
9.0 0.3401407251757096 0.5003762516485111 0.06859205776173286 0.23465703971119134
7.0 0.9016465212477082 0.379649586862594 0.009025270758122744 0.030685920577617327
2.0 0.3046965487543841 0.2337339375592724 0.0036101083032490976 0.01444043321299639
7.0 0.24449856468794062 0.22134610571356075 0.005415162454873646 0.01263537906137184
2.0 0.12695754422265657 0.2623927404750651 0.01263537906137184 0.036101083032490974
2.0 0.1182410778243438 0.24398867915693923 0.009025270758122744 0.030685920577617327
7.0 0.28619921009062743 0.22728109863610269 0.0018050541516245488 0.01263537906137184
7.0 0.7951348214025658 0.3456066150924445 0.007220216606498195 0.019855595667870037
2.0 0.7021546968271478 0.3295464372005293 0.007220216606498195 0.02527075812274368
2.0 0.17333485582525285 0.21648589372089658 0.0036101083032490976 0.01444043321299639
2.0 0.5013703356129374 0.27198619119865675 0.0036101083032490976 0.01444043321299639
2.0 0.11299486880239366 0.23386240090544436 0.005415162454873646 0.021660649819494584
2.0 0.567514910557759 0.28585763457670654 0.005415162454873646 0.016245487364620937
7.0 0.3294415076638521 0.23408314988103393 0.005415162454873646 0.01263537906137184
7.0 0.6199253584192499 0.29236782149084434 0.005415162454873646 0.01444043321299639
2.0 0.4320210204105799 0.25838584908296036 0.005415162454873646 0.01444043321299639
7.0 0.18204880986774208 0.21269916093700633 0.0036101083032490976 0.01263537906137184
2.0 0.6772374898708183 0.31609436249757283 0.007220216606498195 0.021660649819494584
9.0 0.45179555708118646 0.6025368930234698 0.09566787003610108 0.315884476534296
2.0 0.23822198881451753 0.2234074152435889 0.0036101083032490976 0.01444043321299639
7.0 0.5708915107898928 0.28203689203924354 0.0036101083032490976 0.01444043321299639
2.0 0.6315886437000414 0.3019326783167093 0.005415162454873646 0.018050541516245487
2.0 0.1273190558775361 0.21848932937912358 0.0036101083032490976 0.01444043321299639
2.0 0.22055793664883724 0.2098310166065837 0.0018050541516245488 0.007220216606498195
2.0 0.23907756592515594 0.20922197158234054 0.0018050541516245488 0.010830324909747292
2.0 0.25810328873823746 0.21259494511204496 0.0 0.005415162454873646
2.0 0.25958316915849505 0.2109532920565551 0.0018050541516245488 0.007220216606498195
2.0 0.3658768628761712 0.22787110875772923 0.0018050541516245488 0.007220216606498195
7.0 0.37419864276292203 0.24176388260550752 0.0036101083032490976 0.010830324909747292
7.0 0.4184518086087891 0.25100088722174535 0.0036101083032490976 0.01444043321299639
2.0 0.42016107218680493 0.2372417233776017 0.0036101083032490976 0.007220216606498195
7.0 0.46973209326419696 0.2611352789002418 0.0018050541516245488 0.01444043321299639
7.0 0.5186972244502159 0.27248343285176996 0.0036101083032490976 0.010830324909747292
2.0 0.5122635128091366 0.23775591800693205 0.0 0.005415162454873646
2.0 0.5203976987295217 0.2420817775431217 0.0018050541516245488 0.007220216606498195
2.0 0.5498271405842776 0.2425313955976218 0.0018050541516245488 0.005415162454873646
2.0 0.5676680108665588 0.24148076658541745 0.0018050541516245488 0.0036101083032490976
2.0 0.5759404351562969 0.24378138383087536 0.0018050541516245488 0.007220216606498195
2.0 0.6006700481462607 0.24766654422224327 0.0036101083032490976 0.0036101083032490976
7.0 0.6018619831026241 0.24655105083576365 0.0018050541516245488 0.005415162454873646
7.0 0.8202279744231753 0.2889634808589358 0.0018050541516245488 0.009025270758122744
7.0 0.8242610430367845 0.2926462062568469 0.0018050541516245488 0.010830324909747292
7.0 0.8304055197512359 0.28907499643062085 0.0036101083032490976 0.009025270758122744
7.0 0.842669778606109 0.29808630717646917 0.0036101083032490976 0.010830324909747292
7.0 0.8496855664229667 0.29344620927569276 0.0018050541516245488 0.007220216606498195
7.0 0.8795615920802704 0.2988942649013912 0.0036101083032490976 0.007220216606498195
7.0 0.8853652786117627 0.307969834780219 0.0018050541516245488 0.01263537906137184
2.0 0.8870674597642154 0.2997497668644637 0.0036101083032490976 0.009025270758122744
2.0 0.8924399084126639 0.3002909511024869 0.0036101083032490976 0.010830324909747292
2.0 0.8983873047737188 0.3017837693439482 0.0018050541516245488 0.009025270758122744
2.0 0.5135776724651773 0.23612876363962207 0.0018050541516245488 0.005415162454873646
2.0 0.5233734732397124 0.23728489012224083 0.0 0.005415162454873646
2.0 0.5265492578695362 0.23297147178850725 0.0018050541516245488 0.005415162454873646
2.0 0.5292246707625651 0.23778418926107772 0.0018050541516245488 0.005415162454873646
2.0 0.5319246362842214 0.2390601531813652 0.0018050541516245488 0.009025270758122744
2.0 0.5467080736549375 0.23826773770868784 0.0 0.005415162454873646
2.0 0.565377272293292 0.241170935356748 0.0 0.005415162454873646
7.0 0.572648702769682 0.2430581605079278 0.0 0.0036101083032490976
2.0 0.583211865632687 0.24566860898205517 0.0018050541516245488 0.0036101083032490976
2.0 0.5890279683174466 0.24566073363644172 0.0018050541516245488 0.005415162454873646
