7 0.30467 0.27065 0.00627 0.02391
2 0.13283 0.39402 0.02194 0.08804
7 0.91992 0.37391 0.00627 0.02826
7 0.0921 0.25109 0.00731 0.02826
2 0.24547 0.27772 0.00766 0.02935
7 0.78621 0.34239 0.00627 0.02391
7 0.20352 0.25707 0.00522 0.02283
2 0.35568 0.28913 0.00592 0.02826
2 0.05571 0.28967 0.01323 0.04674
2 0.4523 0.30326 0.00487 0.02391
2 0.15477 0.27391 0.0094 0.03696
2 0.41765 0.56196 0.03656 0.14565
7 0.69255 0.32174 0.00487 0.01957
2 0.88858 0.38696 0.00766 0.03261
2 0.75209 0.35217 0.00627 0.02826
2 0.55066 0.31848 0.00662 0.02391
7 0.40146 0.28478 0.00487 0.02174
7 0.49843 0.29783 0.00453 0.01957
2 0.65251 0.33315 0.00627 0.025
7 0.58827 0.30815 0.00522 0.02065
2 0.23468 0.22826 0.00209 0.0087
2 0.22214 0.22391 0.00209 0.0087
7 0.25261 0.225 0.00174 0.00652
2 0.22597 0.22554 0.00279 0.00761
2 0.23068 0.22609 0.00174 0.0087
7 0.27681 0.22609 0.00139 0.00652
7 0.26706 0.225 0.00209 0.00435
