7.0 0.39976657247667124 0.31075455638497346 0.017094017094017096 0.04786324786324787
7.0 0.25785626841718295 0.33306284508339035 0.03076923076923077 0.0735042735042735
8.0 0.683769986182849 0.41111898585049633 0.023931623931623933 0.05811965811965812
7.0 0.3868164216751676 0.2581323959107995 0.011965811965811967 0.02735042735042735
7.0 0.3288486269049941 0.23450738900188248 0.008547008547008548 0.023931623931623933
7.0 0.16493029869462694 0.18831508084775844 0.008547008547008548 0.020512820512820513
8.0 0.48549674130091985 0.37633945906499144 0.02735042735042735 0.06837606837606838
2.0 0.2942555573950184 0.24154930761325918 0.011965811965811967 0.03076923076923077
2.0 0.3022588159664974 0.2572607094202709 0.015384615384615385 0.035897435897435895
8.0 0.558517553174141 0.4938585853083465 0.046153846153846156 0.1111111111111111
2.0 0.15695559168855258 0.4480773588237747 0.06666666666666667 0.14188034188034188
2.0 0.2600761697203197 0.26936544906701393 0.017094017094017096 0.04786324786324787
2.0 0.25895172735601696 0.22488118870413695 0.011965811965811967 0.02564102564102564
8.0 0.8307202065964197 0.514818167131323 0.037606837606837605 0.08376068376068375
2.0 0.20422941870479658 0.20706037254063794 0.010256410256410256 0.02564102564102564
7.0 0.41988085185959645 0.2831209760669673 0.013675213675213675 0.03247863247863248
7.0 0.25471422651918724 0.21168911194089896 0.008547008547008548 0.022222222222222223
1.0 0.7994883130108362 0.37598714815760026 0.006837606837606838 0.022222222222222223
1.0 0.852590376412234 0.41377267693237124 0.011965811965811967 0.03076923076923077
1.0 0.723745889178158 0.34183764365587277 0.006837606837606838 0.018803418803418803
1.0 0.8222229936983768 0.4311160391112809 0.015384615384615385 0.041025641025641026
1.0 0.8700084727548723 0.39437834927895404 0.008547008547008548 0.022222222222222223
1.0 0.6892562397913156 0.3219312096633528 0.003418803418803419 0.015384615384615385
