7 0.09923 0.22609 0.00557 0.02826
7 0.75923 0.42554 0.03029 0.11413
7 0.22389 0.20978 0.00696 0.02391
7 0.48677 0.17554 0.00418 0.0163
2 0.16852 0.20652 0.00557 0.02174
2 0.24704 0.19565 0.00453 0.01739
7 0.40373 0.69728 0.06372 0.2337
2 0.08008 0.21413 0.00418 0.02174
7 0.43854 0.17935 0.00383 0.01739
7 0.65669 0.16793 0.00418 0.0163
2 0.31407 0.18696 0.00418 0.01522
2 0.69986 0.1625 0.00418 0.0163
2 0.81442 0.16522 0.00487 0.01957
2 0.13109 0.2038 0.00313 0.01196
7 0.85132 0.17337 0.00557 0.025
2 0.67131 0.15815 0.00348 0.01196
2 0.3454 0.17935 0.00279 0.01087
7 0.30432 0.19511 0.00557 0.02065
2 0.07329 0.21141 0.00313 0.01413
2 0.90129 0.16304 0.00592 0.02174
7 0.59227 0.17011 0.00348 0.0163
7 0.37674 0.18533 0.00418 0.01848
2 0.46692 0.17174 0.00348 0.01304
2 0.7446 0.16522 0.00453 0.01739
2 0.62987 0.16141 0.00348 0.01196
2 0.19777 0.19511 0.00279 0.01196
7 0.76811 0.17446 0.00696 0.02283
2 0.62065 0.16467 0.00313 0.01413
7 0.1163 0.20054 0.00279 0.01196
7 0.67723 0.15652 0.00348 0.0087
7 0.43036 0.17011 0.00279 0.00978
2 0.5726 0.16413 0.00244 0.01087
7 0.711 0.17174 0.00418 0.01957
2 0.51845 0.16522 0.00279 0.01087
2 0.25888 0.18696 0.00383 0.01304
7 0.18419 0.19348 0.00279 0.01087
7 0.21919 0.18967 0.00313 0.01196
2 0.39067 0.1788 0.00348 0.01413
2 0.3085 0.18315 0.00279 0.00978
2 0.54405 0.16848 0.00313 0.01304
2 0.76793 0.15598 0.00383 0.00761
2 0.42549 0.17283 0.00279 0.01087
7 0.52994 0.16467 0.00279 0.00978
7 0.53917 0.17337 0.00313 0.0163
7 0.62883 0.15761 0.00279 0.01087
7 0.57416 0.16196 0.00348 0.01087
7 0.47702 0.1663 0.00209 0.0087
2 0.46292 0.16848 0.00174 0.01087
7 0.29265 0.18152 0.00244 0.0087
2 0.54387 0.16196 0.00139 0.00652
2 0.71205 0.15652 0.00348 0.0087
7 0.35115 0.175 0.00244 0.01304
7 0.25226 0.18587 0.00244 0.01087
