7 0.29805 0.32011 0.01393 0.05109
7 0.13283 0.35489 0.0282 0.07717
2 0.45682 0.42663 0.02159 0.08804
2 0.75279 0.37011 0.00905 0.04022
7 0.77925 0.35163 0.00766 0.02935
7 0.54927 0.31957 0.00731 0.03261
7 0.89171 0.35652 0.00557 0.02391
7 0.88022 0.36739 0.00696 0.02826
2 0.59471 0.36141 0.01253 0.04891
2 0.86525 0.38696 0.01114 0.03913
7 0.84175 0.36196 0.00801 0.03043
2 0.47075 0.54239 0.03552 0.13696
2 0.65146 0.36033 0.01045 0.04457
7 0.66609 0.3337 0.00696 0.03043
7 0.8656 0.34728 0.00557 0.02283
7 0.43541 0.31467 0.01079 0.04022
2 0.88405 0.34293 0.00418 0.01848
2 0.49721 0.3788 0.01671 0.06413
7 0.90669 0.36359 0.00557 0.025
7 0.90146 0.3663 0.00627 0.02609
2 0.94638 0.36087 0.00487 0.02174
2 0.93263 0.34293 0.00313 0.01413
2 0.86072 0.33315 0.00279 0.0163
7 0.81041 0.31848 0.00244 0.01304
7 0.81163 0.33098 0.00418 0.01848
7 0.84662 0.32446 0.00313 0.01413
2 0.87082 0.33261 0.00279 0.01522
2 0.89711 0.33696 0.00244 0.01522
2 0.86334 0.33587 0.00244 0.01739
7 0.78343 0.32011 0.00348 0.0163
2 0.94916 0.4038 0.00418 0.02717
7 0.89485 0.33261 0.00279 0.01304
7 0.78464 0.31685 0.00244 0.01413
