7.0 0.2785039437211728 0.5959415546824713 0.018779342723004695 0.010954616588419406
2.0 0.3327792801372066 0.7565134935179676 0.07198748043818466 0.03755868544600939
7.0 0.5017565522671514 0.14870178343863277 0.023474178403755867 0.010954616588419406
7.0 0.21371889764704272 0.7542392239352274 0.023474178403755867 0.012519561815336464
2.0 0.27005287468986955 0.6429592674630121 0.025039123630672927 0.012519561815336464
7.0 0.446281274909134 0.24377189271394092 0.02034428794992175 0.010954616588419406
7.0 0.24440264723045985 0.6702655405628305 0.018779342723004695 0.009389671361502348
2.0 0.30461385449524025 0.5611847860327376 0.023474178403755867 0.010954616588419406
2.0 0.2347556324653511 0.7911606179635552 0.03755868544600939 0.02034428794992175
2.0 0.33807537036343915 0.4904607170081538 0.018779342723004695 0.00782472613458529
2.0 0.2458858058539563 0.7115647877251047 0.03129890453834116 0.01564945226917058
2.0 0.5281847048377508 0.5776149112814186 0.12050078247261346 0.06259780907668232
7.0 0.4085172870180795 0.31070049084129353 0.01564945226917058 0.00782472613458529
2.0 0.5044141830867528 0.17577291552132251 0.028169014084507043 0.014084507042253521
2.0 0.44578204522128956 0.2722071336143654 0.02190923317683881 0.010954616588419406
2.0 0.37277970729973076 0.4186587356517691 0.02190923317683881 0.010954616588419406
7.0 0.3120052843674297 0.525087224678296 0.017214397496087636 0.00782472613458529
7.0 0.34472125208481325 0.4538419668115962 0.01564945226917058 0.00782472613458529
2.0 0.40788019092218153 0.3440537281382871 0.02034428794992175 0.009389671361502348
7.0 0.37367508367373425 0.3874204685942472 0.018779342723004695 0.009389671361502348
2.0 0.22962688994960084 0.6396403406809189 0.00782472613458529 0.003129890453834116
2.0 0.22335607831389015 0.6482299577369549 0.00782472613458529 0.003129890453834116
7.0 0.2313292868737862 0.6251379398541763 0.004694835680751174 0.001564945226917058
2.0 0.2255022800591634 0.6456771038334184 0.006259780907668232 0.004694835680751174
2.0 0.2270270932558022 0.6421969533278628 0.006259780907668232 0.003129890453834116
7.0 0.23783366391354277 0.606850253395158 0.004694835680751174 0.001564945226917058
7.0 0.2347143930087169 0.6140657565888917 0.003129890453834116 0.003129890453834116
