7 0.15077 0.35924 0.01114 0.04239
2 0.64972 0.32826 0.01741 0.06522
2 0.08008 0.3538 0.00975 0.03587
9 0.10411 0.33859 0.01253 0.05543
7 0.35881 0.2962 0.00731 0.03152
7 0.37291 0.35 0.01323 0.05652
8 0.5632 0.25543 0.00731 0.02826
7 0.46553 0.47609 0.02925 0.11739
2 0.10985 0.31033 0.00522 0.02065
7 0.27751 0.34565 0.01253 0.04783
8 0.46153 0.27554 0.00801 0.03152
2 0.50557 0.30598 0.01253 0.04674
7 0.44516 0.38098 0.01776 0.075
8 0.61403 0.25815 0.00801 0.0337
7 0.40529 0.27609 0.00627 0.02609
9 0.05554 0.34891 0.01079 0.0587
2 0.83844 0.4212 0.03203 0.1163
7 0.36925 0.26522 0.00453 0.01957
2 0.30797 0.27826 0.00522 0.02174
2 0.2265 0.28804 0.00522 0.01957
7 0.25296 0.2788 0.00453 0.01848
2 0.18872 0.32935 0.00975 0.03478
7 0.18054 0.29293 0.00453 0.01848
2 0.27315 0.28152 0.00522 0.01957
2 0.27263 0.30598 0.00836 0.02935
2 0.3266 0.28098 0.00627 0.02283
8 0.49791 0.28315 0.00905 0.03587
7 0.25818 0.76793 0.03099 0.15761
2 0.31859 0.28967 0.00696 0.02717
9 0.06563 0.3625 0.01776 0.07065
7 0.3165 0.27011 0.00348 0.01848
2 0.17044 0.29837 0.00522 0.01848
7 0.40198 0.2663 0.00383 0.02174
2 0.37343 0.30815 0.0094 0.03804
1 0.36038 0.25652 0.00279 0.01304
1 0.34941 0.25543 0.00244 0.01304
7 0.09993 0.30815 0.00279 0.01848
1 0.69168 0.22391 0.00383 0.01957
1 0.50487 0.22989 0.00279 0.01413
1 0.65111 0.23859 0.00418 0.025
1 0.72458 0.23587 0.00487 0.02609
1 0.76689 0.2163 0.00383 0.02174
1 0.72876 0.20978 0.00279 0.01739
1 0.67375 0.21848 0.00348 0.01739
1 0.66139 0.21196 0.00244 0.01522
1 0.62517 0.22011 0.00313 0.01413
1 0.60411 0.21793 0.00209 0.01413
1 0.55815 0.22554 0.00279 0.0163
1 0.49077 0.23478 0.00244 0.01522
1 0.42531 0.24511 0.00244 0.01413
1 0.49983 0.22772 0.00174 0.01196
