2.0 0.32029089868944244 0.4291973972725229 0.02723146747352496 0.046898638426626324
7.0 0.24184875587592852 0.5887238315331345 0.05446293494704992 0.09379727685325265
2.0 0.20887410077939342 0.4674610727687125 0.024205748865355523 0.039334341906202726
7.0 0.18741951030165793 0.5406283936096364 0.039334341906202726 0.06505295007564296
2.0 0.45336248234943877 0.42140931694521483 0.04236006051437216 0.07261724659606657
8.0 0.7167037356429454 0.17422166327326868 0.015128593040847202 0.025718608169440244
8.0 0.6847954981627711 0.3650363432397479 0.05597579425113464 0.09379727685325265
8.0 0.6862112310391638 0.18772707019345747 0.01361573373676248 0.024205748865355523
8.0 0.6865570453104958 0.25072556863735396 0.02723146747352496 0.048411497730711045
8.0 0.6858769439392352 0.2090540148141578 0.019667170953101363 0.03328290468986384
2.0 0.6835654428395388 0.5161141609511452 0.0907715582450832 0.15582450832072617
