7.0 0.6532180397758887 0.26741728690248046 0.02 0.006666666666666667
7.0 0.6684582730103178 0.8513574046370685 0.02666666666666667 0.01
2.0 0.6265697174010583 0.14002819680686307 0.03166666666666667 0.013333333333333334
2.0 0.6370073054597426 0.21805362465415376 0.02666666666666667 0.011666666666666667
7.0 0.6466821127820546 0.18030551190444102 0.023333333333333334 0.01
7.0 0.6710743579623615 0.7748803328858037 0.025 0.01
2.0 0.4631092243532979 0.3637007575283208 0.10833333333333334 0.04666666666666667
2.0 0.6456758259514567 0.3112619592673933 0.025 0.011666666666666667
2.0 0.6498631553397198 0.3935361884737004 0.02 0.008333333333333333
7.0 0.6336908174562349 0.0843124381124591 0.023333333333333334 0.01
7.0 0.6569739670677436 0.3499318470659953 0.018333333333333333 0.006666666666666667
7.0 0.6684705227910915 0.5063018243925124 0.016666666666666666 0.008333333333333333
2.0 0.5322906638558635 0.13625645749100632 0.07666666666666666 0.03166666666666667
7.0 0.6736517710187331 0.6690456582274733 0.023333333333333334 0.011666666666666667
2.0 0.6549551523402483 0.4756345681098685 0.021666666666666667 0.01
7.0 0.662488989612715 0.43179152398171633 0.02 0.006666666666666667
7.0 0.6758055173759181 0.5926497629460729 0.016666666666666666 0.006666666666666667
2.0 0.6615507062862062 0.6408244131398667 0.02666666666666667 0.011666666666666667
2.0 0.6599544204905623 0.5597156015120517 0.02 0.01
2.0 0.6759391007250063 0.2044356880605274 0.008333333333333333 0.0016666666666666668
2.0 0.6561221284139639 0.7490301453647381 0.028333333333333332 0.011666666666666667
2.0 0.6762285302099478 0.20104999085087194 0.008333333333333333 0.0033333333333333335
2.0 0.6756873235788479 0.19343576313543992 0.006666666666666667 0.0
2.0 0.6759725810252427 0.19731826596084473 0.006666666666666667 0.0016666666666666668
