2 0.11421 0.30978 0.01671 0.06304
2 0.28621 0.3837 0.0188 0.08043
2 0.9274 0.38152 0.00662 0.03043
2 0.90251 0.36902 0.00627 0.025
7 0.71379 0.30652 0.00348 0.01522
2 0.48538 0.25217 0.00279 0.01087
2 0.40042 0.24076 0.00279 0.01196
2 0.80588 0.33424 0.00522 0.02065
2 0.56442 0.26413 0.00348 0.01087
2 0.49791 0.25326 0.00279 0.01087
2 0.35672 0.23261 0.00244 0.01304
2 0.39345 0.47228 0.02786 0.11196
2 0.58844 0.27663 0.00279 0.01413
7 0.67497 0.29674 0.00313 0.01522
7 0.74025 0.31413 0.00418 0.01522
2 0.87396 0.35163 0.00487 0.02065
2 0.59906 0.27228 0.00244 0.01196
2 0.66278 0.30163 0.00383 0.0163
7 0.65198 0.28804 0.00313 0.01522
7 0.65912 0.29348 0.00348 0.01304
7 0.69046 0.30109 0.00348 0.01304
2 0.70299 0.31033 0.00487 0.01848
2 0.60655 0.2837 0.00279 0.01522
7 0.77107 0.32228 0.00383 0.0163
2 0.63266 0.29239 0.00348 0.01522
7 0.34244 0.22935 0.00313 0.01087
2 0.58217 0.26848 0.00279 0.01087
7 0.81267 0.33043 0.00418 0.01739
7 0.3656 0.23261 0.00279 0.01087
2 0.74425 0.32228 0.00522 0.01848
7 0.39015 0.23587 0.00244 0.01087
2 0.4657 0.24946 0.00244 0.01196
7 0.45769 0.24565 0.00244 0.0087
7 0.65738 0.2837 0.00209 0.01087
2 0.50783 0.25435 0.00313 0.01087
2 0.56424 0.68641 0.05467 0.19891
2 0.29387 0.22174 0.00279 0.01304
2 0.43733 0.2462 0.00279 0.01196
7 0.89328 0.34891 0.00522 0.01957
2 0.89746 0.3587 0.00592 0.02174
7 0.47998 0.24837 0.00244 0.00978
2 0.59349 0.27826 0.00313 0.01739
7 0.44255 0.24402 0.00279 0.00978
7 0.42967 0.24239 0.00279 0.01087
7 0.61508 0.27391 0.00313 0.01087
7 0.63997 0.28043 0.00279 0.01087
7 0.51253 0.25272 0.00279 0.00978
2 0.52716 0.25707 0.00279 0.00978
2 0.54875 0.26087 0.00348 0.01087
2 0.3219 0.22717 0.00244 0.01087
7 0.41017 0.23967 0.00209 0.01196
2 0.13579 0.19239 0.00279 0.01087
7 0.66121 0.2875 0.00279 0.01196
2 0.07521 0.18424 0.00348 0.01196
2 0.0538 0.18207 0.00244 0.01196
2 0.16069 0.19728 0.00313 0.00978
2 0.22458 0.2087 0.00209 0.01087
2 0.19116 0.20272 0.00209 0.00978
2 0.25522 0.21413 0.00209 0.01304
7 0.09889 0.18587 0.00279 0.01087
2 0.10481 0.18804 0.00348 0.01304
7 0.14554 0.19348 0.00279 0.01087
7 0.18802 0.2 0.00209 0.0087
7 0.22249 0.20598 0.00209 0.01196
9 0.25157 0.21087 0.00313 0.01957
9 0.25853 0.21196 0.00313 0.01957
9 0.28273 0.21413 0.00348 0.01739
9 0.28882 0.21522 0.00313 0.01739
7 0.28569 0.21793 0.00174 0.01196
7 0.32416 0.225 0.00139 0.01087
7 0.58548 0.2663 0.00174 0.0087
7 0.05118 0.17935 0.00209 0.01304
2 0.60968 0.27663 0.00209 0.01196
