7.0 0.5554309209773464 0.1309455786295813 0.015193370165745856 0.015193370165745856
7.0 0.5414944323202545 0.13999154489462598 0.012430939226519336 0.012430939226519336
7.0 0.5819537540728668 0.4555502520011159 0.11049723756906077 0.11049723756906077
7.0 0.548720204157175 0.1284153083531234 0.009668508287292817 0.009668508287292817
1.0 0.1691496594836116 0.6101767687770746 0.016574585635359115 0.016574585635359115
1.0 0.19513243489166682 0.5640818450450783 0.013812154696132596 0.013812154696132596
1.0 0.3278966163935653 0.40903528340109097 0.015193370165745856 0.015193370165745856
1.0 0.29607821764039843 0.43867344926782365 0.012430939226519336 0.012430939226519336
1.0 0.3048641561299968 0.42064652368159594 0.009668508287292817 0.009668508287292817
1.0 0.2938379783442459 0.41972142486510433 0.006906077348066298 0.006906077348066298
1.0 0.26655506405895935 0.4899389253038863 0.015193370165745856 0.015193370165745856
1.0 0.2676801842411788 0.4752223533204555 0.012430939226519336 0.011049723756906077
1.0 0.27180562490931687 0.454795171345493 0.011049723756906077 0.011049723756906077
1.0 0.35219421179536287 0.36734583024925194 0.011049723756906077 0.012430939226519336
1.0 0.3344073118480087 0.3791520913613416 0.008287292817679558 0.008287292817679558
1.0 0.3097846817269033 0.4179062309711236 0.011049723756906077 0.011049723756906077
1.0 0.28702725084121067 0.4167411065157586 0.006906077348066298 0.006906077348066298
1.0 0.30312897078230716 0.413690780688408 0.008287292817679558 0.008287292817679558
1.0 0.32075585363707904 0.38030221421427707 0.006906077348066298 0.006906077348066298
1.0 0.33547742615465304 0.36612069938416847 0.009668508287292817 0.008287292817679558
1.0 0.34512345651688137 0.3510440889424274 0.006906077348066298 0.006906077348066298
