7.0 0.5781110339900949 0.16949426023762398 0.02962962962962963 0.01925925925925926
7.0 0.27993860854967356 0.6294005281053552 0.04148148148148148 0.025185185185185185
7.0 0.19511730640401076 0.7185555979087448 0.03111111111111111 0.02074074074074074
7.0 0.3130117465507243 0.6290971736785593 0.05333333333333334 0.034074074074074076
2.0 0.49434081905251753 0.31303710884230385 0.037037037037037035 0.025185185185185185
7.0 0.4405331172515778 0.3609180958847647 0.02962962962962963 0.017777777777777778
7.0 0.33086108095656297 0.6994829113690384 0.08 0.05333333333333334
2.0 0.2769524391596866 0.5874526314586432 0.03111111111111111 0.01925925925925926
2.0 0.46125169952888256 0.38127695135550177 0.04296296296296296 0.028148148148148148
7.0 0.39379579209831483 0.4436064284271675 0.03111111111111111 0.01925925925925926
7.0 0.2413898933986401 0.6622549200888584 0.035555555555555556 0.023703703703703703
2.0 0.5423821295358008 0.23959769968778505 0.034074074074074076 0.022222222222222223
9.0 0.31066998301695237 0.6698270413789357 0.11259259259259259 0.06962962962962962
2.0 0.32833787930049296 0.5338600995051153 0.034074074074074076 0.02074074074074074
2.0 0.44876664702838465 0.4448076679692272 0.05925925925925926 0.03851851851851852
9.0 0.3088750169455485 0.7235205839232003 0.14074074074074075 0.08888888888888889
2.0 0.21987858213048989 0.6599010936817918 0.025185185185185185 0.014814814814814815
8.0 0.32733078662245846 0.4722682819024858 0.01925925925925926 0.01037037037037037
7.0 0.4994862025131006 0.2731154331552532 0.02666666666666667 0.016296296296296295
8.0 0.327792081539834 0.5158403312574245 0.02962962962962963 0.017777777777777778
8.0 0.3273432877217983 0.48846473457214584 0.02074074074074074 0.011851851851851851
9.0 0.48434903600135637 0.4996824600002677 0.14814814814814814 0.08592592592592592
8.0 0.34704788509158346 0.4330554505888873 0.014814814814814815 0.008888888888888889
8.0 0.32705492288724775 0.4607288084903594 0.014814814814814815 0.008888888888888889
8.0 0.3701693357001966 0.42875307644966515 0.02074074074074074 0.013333333333333334
8.0 0.33673010486465954 0.4471102592741232 0.014814814814814815 0.01037037037037037
8.0 0.36253349009868857 0.4236180480047627 0.016296296296296295 0.01037037037037037
2.0 0.6873023912055138 0.5333750116410448 0.16296296296296298 0.10518518518518519
9.0 0.45304021577458387 0.48487105814943704 0.11851851851851852 0.07111111111111111
2.0 0.48085970561055347 0.5075196243743124 0.07703703703703704 0.04296296296296296
8.0 0.3846493347960625 0.437798832320731 0.028148148148148148 0.016296296296296295
