8.0 0.2936968398085905 0.2720857131213202 0.025039123630672927 0.050078247261345854
8.0 0.3028982723715001 0.30450055780646046 0.03286384976525822 0.06103286384976526
8.0 0.27810749546924063 0.20857702778938153 0.01564945226917058 0.026604068857589983
8.0 0.27272343380718533 0.19327379513161974 0.012519561815336464 0.02190923317683881
8.0 0.2833079138286159 0.23020862780378518 0.017214397496087636 0.03129890453834116
8.0 0.3171899392594077 0.31023567484496123 0.03286384976525822 0.0594679186228482
8.0 0.3224477764902545 0.3760485653948447 0.04538341158059468 0.08763693270735524
8.0 0.27087541204844473 0.18405367787888932 0.009389671361502348 0.017214397496087636
8.0 0.26918332579604654 0.1767077752874537 0.00782472613458529 0.01564945226917058
8.0 0.2679228769065529 0.1722252694444832 0.004694835680751174 0.014084507042253521
