7.0 0.5634453542604745 0.41884767088296604 0.04149377593360996 0.04426002766251729
7.0 0.617826876602223 0.4118859116409034 0.027662517289073305 0.030428769017980636
7.0 0.6744760270575099 0.43077950141892724 0.02074688796680498 0.02351313969571231
2.0 0.8468713126048711 0.5549300663633182 0.02351313969571231 0.024896265560165973
2.0 0.7644103422785211 0.5107180355474632 0.027662517289073305 0.029045643153526972
7.0 0.7968059936512262 0.5031234081806042 0.017980636237897647 0.017980636237897647
2.0 0.7361782579114877 0.5396811178296865 0.04149377593360996 0.04426002766251729
7.0 0.8652482825788196 0.5512843076577352 0.017980636237897647 0.019363762102351315
7.0 0.7365102488461959 0.4648801136644873 0.017980636237897647 0.019363762102351315
7.0 0.48424360289032625 0.4858128763188869 0.08022130013831259 0.08575380359612725
2.0 0.7986566895790785 0.5244676601814116 0.02351313969571231 0.024896265560165973
2.0 0.7389666213378873 0.5106023452659921 0.030428769017980636 0.03319502074688797
7.0 0.32280953346106356 0.5595246556480473 0.1479944674965422 0.15629322268326418
