7 0.76689 0.44402 0.04004 0.12935
7 0.22911 0.73696 0.06755 0.22174
1 0.19568 0.23967 0.00348 0.0163
1 0.45265 0.23261 0.00557 0.02174
1 0.44568 0.22609 0.00418 0.01957
1 0.37343 0.22337 0.00453 0.0163
1 0.28012 0.23043 0.00383 0.01522
1 0.31703 0.23261 0.00383 0.01957
1 0.32051 0.23207 0.00383 0.01848
1 0.35585 0.23967 0.00418 0.02065
1 0.3555 0.23478 0.00418 0.01957
1 0.05484 0.24728 0.00313 0.01413
1 0.0625 0.24293 0.00313 0.01196
1 0.06511 0.24457 0.00279 0.01304
1 0.10376 0.24674 0.00348 0.01522
1 0.11595 0.24674 0.00348 0.01739
1 0.12657 0.24457 0.00383 0.01522
1 0.13719 0.24239 0.00348 0.01304
1 0.13475 0.23804 0.00279 0.01304
1 0.14659 0.24076 0.00279 0.01413
1 0.15442 0.24022 0.00313 0.01304
