7.0 0.5692776726387708 0.306169289945246 0.009884678747940691 0.023064250411861616
2.0 0.4210103482342031 0.4457158309476761 0.044481054365733116 0.10214168039538715
7.0 0.27777325676874287 0.2367144075634657 0.018121911037891267 0.04612850082372323
7.0 0.6365011607359673 0.3232693011218496 0.009884678747940691 0.019769357495881382
7.0 0.6029799922498393 0.3142728861388537 0.008237232289950576 0.023064250411861616
2.0 0.6229261840350636 0.3461590950902864 0.013179571663920923 0.03130148270181219
2.0 0.7456428623979507 0.37412322433621725 0.008237232289950576 0.018121911037891267
2.0 0.47817272037718483 0.35054826433956754 0.02471169686985173 0.05601317957166392
2.0 0.5430702572493386 0.3348162525972619 0.016474464579901153 0.039538714991762765
2.0 0.6757819646810774 0.35458272040559013 0.009884678747940691 0.023064250411861616
2.0 0.8004279820302994 0.3974873169206922 0.006589785831960461 0.019769357495881382
7.0 0.42941435697001124 0.271283650921354 0.014827018121911038 0.03459637561779242
2.0 0.7097783912054977 0.36134322211186426 0.009884678747940691 0.023064250411861616
7.0 0.7377775275770706 0.3616721869023401 0.006589785831960461 0.014827018121911038
7.0 0.8288632392773739 0.3964947498562119 0.004942339373970346 0.014827018121911038
7.0 0.6867299308759214 0.33910252934128376 0.006589785831960461 0.016474464579901153
7.0 0.7877262709592594 0.38166272012176483 0.006589785831960461 0.018121911037891267
2.0 0.8737398790378081 0.4219695565525328 0.006589785831960461 0.013179571663920923
2.0 0.8458208696472305 0.4141639172448155 0.008237232289950576 0.018121911037891267
7.0 0.5297253137272417 0.2958909058626496 0.009884678747940691 0.02800658978583196
