8 0.06494 0.26141 0.01428 0.04457
8 0.14572 0.28587 0.01497 0.05217
1 0.26915 0.24402 0.00627 0.025
2 0.14763 0.57772 0.05223 0.18587
1 0.3132 0.27337 0.00801 0.0337
1 0.21222 0.25707 0.00731 0.03152
1 0.24739 0.22989 0.00592 0.02065
1 0.18454 0.21793 0.00418 0.02065
1 0.36142 0.25326 0.00418 0.02609
1 0.31354 0.23152 0.00522 0.02174
1 0.23242 0.21739 0.00383 0.01957
1 0.09053 0.20707 0.00418 0.01848
1 0.09419 0.20109 0.00383 0.01739
1 0.09836 0.19837 0.00383 0.0163
1 0.15843 0.20761 0.00348 0.01739
