8.0 0.3051741995450174 0.1913310975185215 0.02442528735632184 0.034482758620689655
8.0 0.34842447017048495 0.23587812770528285 0.027298850574712645 0.03735632183908046
1.0 0.44276458460507795 0.25297217216190565 0.01293103448275862 0.017241379310344827
2.0 0.24556752191981301 0.4243351376571381 0.09770114942528736 0.13793103448275862
1.0 0.4606388545786029 0.28756597606178064 0.017241379310344827 0.022988505747126436
1.0 0.4014817410397185 0.24106491735550217 0.015804597701149427 0.022988505747126436
1.0 0.4338035805456591 0.23612043235615682 0.010057471264367816 0.014367816091954023
1.0 0.3976314238298413 0.20601046540085055 0.008620689655172414 0.014367816091954023
1.0 0.498835587445851 0.29182449014193146 0.01293103448275862 0.020114942528735632
1.0 0.4757830593107309 0.260761010932291 0.010057471264367816 0.015804597701149427
1.0 0.4286299259155551 0.22273902814147717 0.007183908045977011 0.014367816091954023
1.0 0.3410186670906785 0.16549528569040123 0.008620689655172414 0.011494252873563218
1.0 0.34550622178103496 0.16295307133557493 0.008620689655172414 0.01293103448275862
1.0 0.349159258173378 0.162690222977328 0.007183908045977011 0.011494252873563218
1.0 0.3845128323650377 0.1900586827343233 0.008620689655172414 0.011494252873563218
