7.0 0.6313326977915709 0.13792985639557673 0.022328548644338118 0.011164274322169059
7.0 0.6736897138735948 0.6749613985934255 0.02073365231259968 0.009569377990430622
7.0 0.5979783790408676 0.11463228448211303 0.03349282296650718 0.017543859649122806
7.0 0.616125808158358 0.1291968264023848 0.025518341307814992 0.012759170653907496
2.0 0.5523316046605504 0.3043620128742409 0.06220095693779904 0.030303030303030304
2.0 0.5815591117300647 0.26767726322908786 0.04784688995215311 0.023923444976076555
2.0 0.49106539892736845 0.37405490941737857 0.09409888357256778 0.044657097288676235
2.0 0.656561212875664 0.7259123181434863 0.03189792663476874 0.01594896331738437
2.0 0.35102599665085293 0.5527251676804358 0.17384370015948963 0.08771929824561403
7.0 0.6789266213154547 0.6516286793278379 0.02073365231259968 0.009569377990430622
2.0 0.6690544298977844 0.5839287743956092 0.019138755980861243 0.009569377990430622
7.0 0.6923081095057141 0.5626837902314106 0.012759170653907496 0.006379585326953748
9.0 0.6064338323952183 0.2524820866516041 0.06220095693779904 0.02711323763955343
7.0 0.6551414037003657 0.16333710927689432 0.01594896331738437 0.007974481658692184
7.0 0.6701648994107982 0.7509683133133161 0.025518341307814992 0.012759170653907496
2.0 0.6884801758348053 0.47466423839099325 0.011164274322169059 0.006379585326953748
7.0 0.6492962539338611 0.15180817503026284 0.01594896331738437 0.007974481658692184
7.0 0.6670270779942756 0.17339966059264372 0.012759170653907496 0.006379585326953748
7.0 0.6398196432582055 0.14388991392859207 0.019138755980861243 0.009569377990430622
2.0 0.6375603684433084 0.221180882861536 0.02073365231259968 0.011164274322169059
2.0 0.6269007013280476 0.22771459156065688 0.025518341307814992 0.011164274322169059
2.0 0.6872580655030354 0.5575612351446685 0.014354066985645933 0.006379585326953748
7.0 0.6710068954441539 0.18484508796442706 0.011164274322169059 0.004784688995215311
2.0 0.6823038761766393 0.3007395029227717 0.009569377990430622 0.004784688995215311
7.0 0.6772972320887001 0.2220138591344097 0.011164274322169059 0.006379585326953748
7.0 0.6869438799273669 0.6369686451137629 0.014354066985645933 0.007974481658692184
2.0 0.6867114594566978 0.3891870592812281 0.011164274322169059 0.004784688995215311
2.0 0.6845185515895538 0.5799288922848455 0.014354066985645933 0.007974481658692184
7.0 0.6873286731732859 0.3366242198797012 0.011164274322169059 0.006379585326953748
2.0 0.6610292111015689 0.6174262973390461 0.025518341307814992 0.011164274322169059
7.0 0.6819355790888227 0.26506961044742233 0.009569377990430622 0.003189792663476874
7.0 0.6915391277294278 0.49636586393944615 0.012759170653907496 0.004784688995215311
2.0 0.614435304864657 0.23605941097375674 0.03189792663476874 0.014354066985645933
2.0 0.6711123053895428 0.2280840566534972 0.011164274322169059 0.004784688995215311
7.0 0.6606331655400193 0.17010817777383638 0.012759170653907496 0.006379585326953748
7.0 0.6730251412542515 0.19578473742588595 0.011164274322169059 0.004784688995215311
7.0 0.6914725032239379 0.4635571061424855 0.011164274322169059 0.004784688995215311
7.0 0.6810677090133319 0.6562118738437648 0.01594896331738437 0.007974481658692184
7.0 0.6904995054128745 0.3981815084211798 0.007974481658692184 0.003189792663476874
2.0 0.6781404252777709 0.5784000509298105 0.01594896331738437 0.007974481658692184
2.0 0.6852083522327334 0.34587454416481983 0.009569377990430622 0.004784688995215311
7.0 0.6909202900019804 0.6038205052967872 0.012759170653907496 0.006379585326953748
7.0 0.6846863263357394 0.30789565068913916 0.009569377990430622 0.004784688995215311
2.0 0.6885058397521208 0.5176371413474805 0.012759170653907496 0.006379585326953748
7.0 0.6888692102785562 0.36638350999903985 0.009569377990430622 0.003189792663476874
2.0 0.6776274864919926 0.2575417743782587 0.011164274322169059 0.004784688995215311
2.0 0.6647751505604634 0.21815793856765553 0.012759170653907496 0.004784688995215311
2.0 0.6470220082921964 0.21878936091315476 0.014354066985645933 0.006379585326953748
7.0 0.6917594810440949 0.5314836227367383 0.011164274322169059 0.003189792663476874
2.0 0.68750711635794 0.42989088434529565 0.011164274322169059 0.004784688995215311
7.0 0.6911422488206453 0.4280291908986365 0.009569377990430622 0.003189792663476874
9.0 0.6110594453826507 0.24403145518732078 0.05741626794258373 0.022328548644338118
2.0 0.6598206496228608 0.21683095910598846 0.012759170653907496 0.006379585326953748
2.0 0.656177618641654 0.21692789760640155 0.01594896331738437 0.007974481658692184
2.0 0.596952864802459 0.2479550188699501 0.03508771929824561 0.01594896331738437
