9 0.16026 0.57362 0.02821 0.06135
7 0.13846 0.60276 0.02692 0.04294
9 0.18718 0.68558 0.06667 0.1319
9 0.24167 0.57515 0.02564 0.06442
2 0.23013 0.59816 0.02564 0.03988
7 0.34615 0.58052 0.02051 0.03834
7 0.33718 0.72623 0.05385 0.09049
9 0.36026 0.64801 0.05128 0.11196
2 0.40513 0.64954 0.04487 0.06288
2 0.44808 0.57055 0.02564 0.03221
9 0.475 0.55598 0.02692 0.05061
9 0.63013 0.62347 0.04359 0.09509
9 0.65962 0.56365 0.02692 0.05368
7 0.69487 0.57822 0.02051 0.03374
2 0.6641 0.66411 0.04103 0.06748
9 0.81538 0.6089 0.04615 0.08282
7 0.86538 0.65337 0.03846 0.05982
