9 0.35641 0.53221 0.01923 0.03988
9 0.47885 0.57132 0.03077 0.06595
9 0.52564 0.53834 0.02051 0.04448
9 0.70513 0.52147 0.01667 0.03374
9 0.83846 0.58436 0.03077 0.06902
8 0.85833 0.67255 0.04103 0.06902
8 0.66987 0.59202 0.02436 0.04294
8 0.81603 0.52301 0.01026 0.01994
8 0.18974 0.6181 0.0359 0.05215
7 0.13237 0.51457 0.00962 0.01534
2 0.15513 0.5046 0.00769 0.01074
2 0.21314 0.49847 0.00705 0.01074
2 0.25897 0.49233 0.00513 0.0092
2 0.29359 0.48926 0.00513 0.00767
2 0.32468 0.48658 0.00449 0.0069
7 0.22404 0.50767 0.00833 0.0138
7 0.28846 0.50038 0.00641 0.0115
7 0.32917 0.49387 0.00577 0.0092
7 0.36314 0.4908 0.00449 0.00767
7 0.3875 0.48773 0.00449 0.00767
