2.0 0.13977766423548935 0.5092099938669511 0.021052631578947368 0.02982456140350877
2.0 0.2848322778880057 0.48538181203487685 0.014035087719298246 0.01929824561403509
7.0 0.4452913756997562 0.5439440375437337 0.021052631578947368 0.02982456140350877
7.0 0.518350442285338 0.5584712094247685 0.021052631578947368 0.03333333333333333
7.0 0.6188023149927026 0.5482437158513521 0.015789473684210527 0.02456140350877193
7.0 0.6381884821369803 0.5273748118419082 0.012280701754385965 0.017543859649122806
7.0 0.466171945536375 0.5038284602920985 0.010526315789473684 0.014035087719298246
2.0 0.8510565814131125 0.5465704448102378 0.010526315789473684 0.015789473684210527
2.0 0.8053632197874395 0.5336748256482358 0.010526315789473684 0.012280701754385965
2.0 0.7736591169487697 0.524922248119019 0.007017543859649123 0.014035087719298246
2.0 0.31455671697416016 0.4748050512860131 0.008771929824561403 0.012280701754385965
7.0 0.40619610377045645 0.47495271012732954 0.005263157894736842 0.008771929824561403
7.0 0.4262198495920298 0.48434355018437086 0.007017543859649123 0.010526315789473684
7.0 0.6062740951159485 0.5085419615207232 0.008771929824561403 0.010526315789473684
2.0 0.7370117745460927 0.5162595603774959 0.007017543859649123 0.010526315789473684
2.0 0.6928119298551682 0.50771028193288 0.007017543859649123 0.008771929824561403
7.0 0.5718520949129766 0.4959805016348794 0.007017543859649123 0.010526315789473684
2.0 0.6513480725006445 0.5005376804660882 0.0035087719298245615 0.008771929824561403
