7 0.17628 0.61196 0.02949 0.04448
7 0.25256 0.54985 0.01538 0.02914
7 0.23013 0.52991 0.0141 0.02301
2 0.63077 0.55982 0.02308 0.03528
2 0.56731 0.53451 0.01538 0.02607
2 0.51923 0.51534 0.01282 0.01994
2 0.53782 0.51074 0.01154 0.02147
2 0.89519 0.63574 0.02885 0.06288
7 0.83269 0.5184 0.0141 0.02301
7 0.74231 0.49847 0.01026 0.01534
7 0.17436 0.5184 0.01026 0.01534
2 0.14071 0.50613 0.00705 0.01227
2 0.25417 0.5023 0.00705 0.01227
2 0.41827 0.50575 0.00962 0.0161
2 0.52853 0.5 0.00962 0.01687
