7.0 0.32903055193093184 0.6176432730722312 0.015384615384615385 0.02
7.0 0.43243420720826126 0.5705420397297879 0.015384615384615385 0.018461538461538463
7.0 0.500934299056528 0.5399243741363232 0.010769230769230769 0.016923076923076923
7.0 0.620369219899835 0.49752502099611584 0.012307692307692308 0.016923076923076923
7.0 0.7528671716217435 0.4589251791744197 0.015384615384615385 0.02
2.0 0.8422837216624395 0.5348291058910238 0.033846153846153845 0.05076923076923077
2.0 0.7946215894284837 0.4902340695252082 0.03076923076923077 0.033846153846153845
2.0 0.6807561896955489 0.5022826734456418 0.021538461538461538 0.026153846153846153
2.0 0.5839754094233348 0.5298587187713983 0.018461538461538463 0.023076923076923078
2.0 0.49596285712537197 0.5627214254460207 0.018461538461538463 0.021538461538461538
2.0 0.41396431021029895 0.6037352316134232 0.023076923076923078 0.026153846153846153
