2 0.37692 0.65107 0.03333 0.04448
2 0.2641 0.59356 0.01795 0.02454
2 0.17244 0.57592 0.01154 0.0184
2 0.1609 0.56902 0.00897 0.01534
2 0.43718 0.55828 0.01026 0.01534
2 0.56218 0.57745 0.01667 0.02301
7 0.89551 0.55982 0.0141 0.02301
7 0.64744 0.55675 0.01154 0.0184
7 0.53718 0.54601 0.01026 0.01534
2 0.75096 0.85736 0.04679 0.06902
7 0.14359 0.5579 0.00641 0.0115
2 0.19936 0.5602 0.00769 0.01304
2 0.25737 0.55291 0.00705 0.01227
7 0.24551 0.54755 0.00641 0.01074
2 0.33301 0.54755 0.00705 0.01227
7 0.36827 0.53873 0.00577 0.00997
2 0.38974 0.54716 0.00769 0.01304
7 0.46763 0.53873 0.00705 0.0115
