7.0 0.36680702811668886 0.4317087354752252 0.0364656381486676 0.03506311360448808
7.0 0.3774157970605884 0.3700521157937594 0.021037868162692847 0.019635343618513323
7.0 0.36954745312924125 0.32329695914515927 0.014025245441795231 0.014025245441795231
9.0 0.36545838316106644 0.2944086486689553 0.015427769985974754 0.014025245441795231
9.0 0.41227694836629947 0.3574415033215821 0.016830294530154277 0.014025245441795231
2.0 0.4310574098619628 0.40441927653845905 0.014025245441795231 0.014025245441795231
2.0 0.4634600995787008 0.47613486293411267 0.016830294530154277 0.016830294530154277
2.0 0.5140802320608159 0.6199521610446881 0.033660589060308554 0.03225806451612903
7.0 0.34787343228564077 0.25249348413515355 0.0070126227208976155 0.0070126227208976155
7.0 0.35285935840994914 0.26249362381508357 0.0070126227208976155 0.0070126227208976155
7.0 0.35795375269393 0.2741009412547547 0.0070126227208976155 0.0070126227208976155
7.0 0.3564567518148057 0.2796374938424894 0.011220196353436185 0.008415147265077139
2.0 0.3962031863860529 0.33160629296491023 0.008415147265077139 0.0070126227208976155
2.0 0.3910118931549548 0.3169810902633227 0.0070126227208976155 0.0070126227208976155
2.0 0.3817599906572229 0.3004127615788703 0.0070126227208976155 0.005610098176718092
2.0 0.37308361099393944 0.2851421080332789 0.0070126227208976155 0.005610098176718092
2.0 0.36077869422551584 0.26565337271545086 0.005610098176718092 0.004207573632538569
