7.0 0.5718963521551503 0.6094523543159233 0.03429602888086643 0.048736462093862815
7.0 0.6391176528322566 0.5548555214386326 0.016245487364620937 0.023465703971119134
7.0 0.652094242188035 0.5424739750376653 0.01444043321299639 0.019855595667870037
2.0 0.788308017059434 0.5693366726936231 0.019855595667870037 0.023465703971119134
2.0 0.750310117149297 0.5482186564991633 0.01263537906137184 0.019855595667870037
2.0 0.6646048410094598 0.5286322512495485 0.010830324909747292 0.016245487364620937
2.0 0.5609200096976182 0.5174272525931771 0.010830324909747292 0.01444043321299639
7.0 0.5978828642921867 0.5299104315286133 0.01263537906137184 0.01444043321299639
7.0 0.5243994403161644 0.5270346248087127 0.010830324909747292 0.016245487364620937
7.0 0.42752357981705896 0.5399058757953226 0.018050541516245487 0.02527075812274368
2.0 0.43996809144718274 0.5132465849255121 0.01263537906137184 0.018050541516245487
2.0 0.30268026184418423 0.519019809729975 0.018050541516245487 0.019855595667870037
7.0 0.2526982777592345 0.5736962016982049 0.02888086642599278 0.04151624548736462
