9 0.25833 0.59126 0.03333 0.07515
9 0.35577 0.58972 0.03462 0.07209
7 0.2641 0.62807 0.03077 0.05368
2 0.36346 0.6158 0.03333 0.05061
7 0.46603 0.58972 0.02436 0.03834
2 0.54936 0.57362 0.02308 0.03374
9 0.56859 0.55828 0.02179 0.05215
9 0.74551 0.55982 0.02436 0.04908
7 0.78013 0.57209 0.01923 0.03067
9 0.80897 0.61426 0.04615 0.08589
2 0.8609 0.64417 0.03974 0.05982
2 0.63782 0.65414 0.03077 0.06595
9 0.61346 0.65721 0.05897 0.11656
9 0.51346 0.72623 0.07821 0.15644
7 0.68205 0.73696 0.0641 0.09509
