7 0.38526 0.70399 0.03846 0.06135
2 0.84295 0.69479 0.04487 0.06135
7 0.09712 0.54218 0.00577 0.0092
7 0.15833 0.54103 0.00641 0.00997
2 0.12244 0.53566 0.00513 0.00844
2 0.19551 0.53336 0.00513 0.00997
7 0.22083 0.53873 0.00705 0.00997
7 0.27788 0.53451 0.00577 0.0092
2 0.24359 0.52952 0.00513 0.00844
7 0.31538 0.52991 0.00641 0.0092
7 0.33654 0.52607 0.00513 0.00767
7 0.32308 0.52262 0.00513 0.00844
7 0.29968 0.52186 0.00449 0.0069
7 0.27853 0.52186 0.00449 0.0069
2 0.26154 0.52684 0.00513 0.00767
7 0.25032 0.52186 0.00449 0.0069
2 0.20865 0.52492 0.00449 0.0069
2 0.17276 0.52416 0.00449 0.0069
2 0.11154 0.52492 0.00385 0.0069
2 0.13782 0.52416 0.00385 0.0069
