7.0 0.3798082681141774 0.43963036958059226 0.052930056710775046 0.03780718336483932
7.0 0.4366945542216206 0.6226475956728861 0.030245746691871456 0.024574669187145556
7.0 0.4586519174220931 0.7832930308431818 0.024574669187145556 0.017013232514177693
2.0 0.413697034706084 0.8146525303678385 0.043478260869565216 0.034026465028355386
2.0 0.3440746578521701 0.8201925342001096 0.06994328922495274 0.052930056710775046
7.0 0.4817543249931495 0.3072562882314353 0.015122873345935728 0.00945179584120983
7.0 0.4857225050501449 0.2400716562908067 0.011342155009451797 0.007561436672967864
7.0 0.48581511092581725 0.1894763932953078 0.011342155009451797 0.007561436672967864
7.0 0.48436373186309656 0.13737583674334686 0.011342155009451797 0.005671077504725898
2.0 0.4901122940806818 0.17442182760049113 0.00945179584120983 0.005671077504725898
