9.0 0.33366932232980656 0.31617114036050437 0.046610169491525424 0.04096045197740113
9.0 0.37436662983165997 0.4704832571108067 0.08050847457627118 0.06779661016949153
9.0 0.42852395877857985 0.46018968193309123 0.0480225988700565 0.04096045197740113
9.0 0.5250201998786057 0.5650037730897696 0.029661016949152543 0.025423728813559324
9.0 0.5747312883909478 0.7504969411536099 0.07203389830508475 0.062146892655367235
8.0 0.47941293267743457 0.6454784003958046 0.05367231638418079 0.04943502824858757
8.0 0.5698053610479833 0.629890572028307 0.01694915254237288 0.015536723163841809
8.0 0.6331045192339275 0.7385692380176052 0.018361581920903956 0.01694915254237288
9.0 0.6121013601959608 0.6726209569617186 0.022598870056497175 0.018361581920903956
7.0 0.35600356157465995 0.26960776775497974 0.009887005649717515 0.009887005649717515
2.0 0.35991931319137943 0.26291731088735565 0.00847457627118644 0.00847457627118644
7.0 0.37567272824689 0.2927654199661473 0.007062146892655367 0.007062146892655367
7.0 0.3893330212211537 0.3082104493382767 0.00847457627118644 0.00847457627118644
7.0 0.39810163099536827 0.31661422779085063 0.007062146892655367 0.00423728813559322
