9.0 0.5439123849306745 0.6722516363101588 0.09264705882352942 0.075
9.0 0.4402181154352009 0.7101745690504818 0.03529411764705882 0.029411764705882353
9.0 0.4584015399490681 0.6424961586209854 0.030882352941176472 0.023529411764705882
9.0 0.5129557629985141 0.5145651606411838 0.027941176470588237 0.022058823529411766
9.0 0.5378787603650315 0.5171314576918592 0.04264705882352941 0.03235294117647059
9.0 0.6128655577853676 0.379553953950462 0.054411764705882354 0.04411764705882353
8.0 0.7142309585284301 0.34799713653155767 0.06470588235294118 0.057352941176470586
8.0 0.5972741198688881 0.38293412957718714 0.022058823529411766 0.020588235294117647
8.0 0.5587565349371135 0.4901215833569313 0.030882352941176472 0.026470588235294117
8.0 0.4656276311524415 0.7923154039523663 0.045588235294117645 0.039705882352941174
2.0 0.6113094534299854 0.2653938111899664 0.011764705882352941 0.008823529411764706
2.0 0.5810433093292695 0.32210435789367814 0.010294117647058823 0.007352941176470588
2.0 0.5637417162087532 0.3475916429397852 0.008823529411764706 0.007352941176470588
2.0 0.5591440912784579 0.3513047248376509 0.007352941176470588 0.0058823529411764705
7.0 0.6228196272404675 0.25984466168177506 0.014705882352941176 0.011764705882352941
7.0 0.5838692183099728 0.3338068342475702 0.011764705882352941 0.010294117647058823
7.0 0.5583296025780231 0.3796864800190023 0.010294117647058823 0.008823529411764706
7.0 0.5413991522816524 0.40507267484570747 0.010294117647058823 0.008823529411764706
7.0 0.5332316544300467 0.41164884140448027 0.008823529411764706 0.007352941176470588
