9.0 0.379370719940848 0.7323670188817142 0.039160839160839164 0.03496503496503497
9.0 0.45201836640195114 0.6052816818632332 0.025174825174825177 0.022377622377622378
9.0 0.5538556161498491 0.5062193216718432 0.043356643356643354 0.04055944055944056
9.0 0.5116299526694157 0.510149101736938 0.023776223776223775 0.02097902097902098
9.0 0.5478178368288735 0.4706229909114069 0.027972027972027972 0.025174825174825177
9.0 0.5776546266336631 0.41740997385962614 0.022377622377622378 0.019580419580419582
8.0 0.5155312358781154 0.49823731079327127 0.013986013986013986 0.012587412587412588
8.0 0.4858193910146792 0.5606225230207911 0.016783216783216783 0.015384615384615385
8.0 0.5171045696756288 0.6287419200571943 0.043356643356643354 0.04055944055944056
7.0 0.6725443742632465 0.2783993451877027 0.009790209790209791 0.009790209790209791
7.0 0.6484736798114821 0.3054506229708915 0.009790209790209791 0.009790209790209791
7.0 0.6364563901813691 0.31544886788227 0.008391608391608392 0.008391608391608392
7.0 0.6351425999613634 0.31165308125738284 0.008391608391608392 0.006993006993006993
7.0 0.6421300665718137 0.299708753821776 0.006993006993006993 0.005594405594405594
7.0 0.6469104925501967 0.28985190292507074 0.006993006993006993 0.005594405594405594
7.0 0.6432955548611183 0.29062439000570195 0.006993006993006993 0.005594405594405594
2.0 0.6620120196309432 0.2625242988110509 0.005594405594405594 0.004195804195804196
2.0 0.6435487991918559 0.28513470975158695 0.006993006993006993 0.005594405594405594
7.0 0.6362443033646261 0.2979905176118407 0.005594405594405594 0.005594405594405594
