2.0 0.36092195627868845 0.6661936885235555 0.036036036036036036 0.04504504504504504
2.0 0.35396277954134076 0.6016042768036578 0.01951951951951952 0.02252252252252252
2.0 0.36498092752719813 0.5736298457078711 0.012012012012012012 0.016516516516516516
2.0 0.6506999019831415 0.46518156926383253 0.015015015015015015 0.016516516516516516
7.0 0.6774820350638915 0.4880655816505375 0.024024024024024024 0.02702702702702703
7.0 0.5634081830438958 0.5595842506982878 0.03003003003003003 0.036036036036036036
7.0 0.4830793970648663 0.5462621562786704 0.016516516516516516 0.021021021021021023
7.0 0.5773107743154703 0.49928520387944414 0.015015015015015015 0.018018018018018018
7.0 0.4552109167476685 0.5378047130138915 0.012012012012012012 0.015015015015015015
7.0 0.4527091439419874 0.5289652661831812 0.009009009009009009 0.012012012012012012
7.0 0.4769508745417269 0.516625499714814 0.009009009009009009 0.010510510510510511
7.0 0.5073088571987827 0.5069055501043563 0.010510510510510511 0.012012012012012012
7.0 0.5326034080365115 0.5017685398498153 0.010510510510510511 0.012012012012012012
2.0 0.38991208882648815 0.5517914518086168 0.010510510510510511 0.010510510510510511
2.0 0.4381745851289749 0.5272011944852559 0.009009009009009009 0.010510510510510511
2.0 0.5060187206126939 0.5004288252268959 0.009009009009009009 0.009009009009009009
2.0 0.5514303006279222 0.48653385829083995 0.009009009009009009 0.010510510510510511
2.0 0.5855097244776122 0.47880104434896786 0.010510510510510511 0.010510510510510511
