7.0 0.6144684466224584 0.4093171313741638 0.03599374021909233 0.0297339593114241
7.0 0.5486431292643652 0.6330354546634402 0.03599374021909233 0.03129890453834116
7.0 0.5277965153466433 0.5520000719771776 0.02190923317683881 0.017214397496087636
7.0 0.5211167844489308 0.5128992120280842 0.01564945226917058 0.012519561815336464
7.0 0.5699746679141108 0.41612435018330884 0.018779342723004695 0.014084507042253521
2.0 0.4810091699115042 0.8142993137050754 0.03442879499217527 0.0297339593114241
2.0 0.48364616840697594 0.6711691149337498 0.018779342723004695 0.017214397496087636
2.0 0.4895500529093469 0.5972397162750471 0.014084507042253521 0.012519561815336464
2.0 0.6065940463446194 0.3005681688044524 0.02034428794992175 0.017214397496087636
2.0 0.5770900323516615 0.3361221749824654 0.014084507042253521 0.012519561815336464
7.0 0.7568440836415696 0.24311197452012634 0.048513302034428794 0.026604068857589983
2.0 0.5631332100969574 0.355491249174832 0.010954616588419406 0.009389671361502348
2.0 0.5446433997198362 0.394948867371926 0.010954616588419406 0.009389671361502348
7.0 0.5533942807329613 0.40836567827647874 0.014084507042253521 0.010954616588419406
7.0 0.5437706550737385 0.4177819134859429 0.012519561815336464 0.009389671361502348
7.0 0.5324955402669442 0.4441375364055306 0.010954616588419406 0.00782472613458529
7.0 0.522421875896856 0.47919721211208127 0.012519561815336464 0.009389671361502348
2.0 0.5186571778801673 0.469449758500454 0.009389671361502348 0.006259780907668232
2.0 0.5002963062206246 0.5358086710678102 0.012519561815336464 0.009389671361502348
