9.0 0.34699932163501246 0.28332198668395453 0.05216095380029806 0.038748137108792845
7.0 0.3200323731764385 0.27669795751972814 0.037257824143070044 0.03129657228017884
9.0 0.2763866307203102 0.3356102711458123 0.11177347242921014 0.08494783904619971
9.0 0.3701965451181706 0.3409590847436113 0.05216095380029806 0.037257824143070044
2.0 0.35059415287202766 0.3397138772859971 0.03576751117734724 0.029806259314456036
7.0 0.3975747930282422 0.4159450124684006 0.03427719821162444 0.026825633383010434
7.0 0.2925563285653791 0.4530871438375694 0.07898658718330849 0.06408345752608048
9.0 0.35437782127816925 0.44597733568763304 0.09388971684053651 0.06855439642324888
2.0 0.3666808785873795 0.47794938659271763 0.05812220566318927 0.05067064083457526
2.0 0.4349673184316793 0.4845663430571055 0.03129657228017884 0.028315946348733235
9.0 0.4532270527076725 0.499130521170041 0.044709388971684055 0.03427719821162444
9.0 0.45207428768584584 0.6282127882791958 0.08047690014903129 0.05961251862891207
9.0 0.5028830474356059 0.6310910920575968 0.046199701937406856 0.03576751117734724
7.0 0.5031588991211436 0.6601940179840634 0.028315946348733235 0.02384500745156483
2.0 0.4336574105256707 0.6641892678946871 0.05961251862891207 0.04918032786885246
9.0 0.5175390939465453 0.7539851469061818 0.07153502235469449 0.05812220566318927
7.0 0.501211334278608 0.8023627037612466 0.05216095380029806 0.043219076005961254
