7.0 0.6565072164218152 0.4986565310618434 0.06837606837606838 0.04957264957264957
7.0 0.5369685213609748 0.6484324813594285 0.02735042735042735 0.022222222222222223
7.0 0.5265474278529407 0.5297693573932102 0.020512820512820513 0.011965811965811967
7.0 0.5330374023735888 0.45013346221291056 0.018803418803418803 0.011965811965811967
7.0 0.5511343800051784 0.3916534241822942 0.020512820512820513 0.015384615384615385
7.0 0.5686042566081636 0.4057804818212845 0.02905982905982906 0.022222222222222223
2.0 0.5927706501957063 0.2403319240051774 0.02905982905982906 0.022222222222222223
2.0 0.5638340380483976 0.2857350315790113 0.022222222222222223 0.015384615384615385
2.0 0.5354774622036909 0.37894774886283183 0.018803418803418803 0.011965811965811967
2.0 0.5162874314379405 0.48724088097822266 0.017094017094017096 0.011965811965811967
2.0 0.5037118711110234 0.6181676064590655 0.018803418803418803 0.011965811965811967
2.0 0.5019006537322324 0.7797666078271388 0.02564102564102564 0.020512820512820513
