2 0.60256 0.59663 0.02821 0.03988
2 0.50962 0.53758 0.0141 0.02301
2 0.44359 0.51304 0.01154 0.01687
7 0.24904 0.61273 0.02885 0.04448
7 0.31154 0.54525 0.01538 0.02301
7 0.31859 0.52109 0.01154 0.0161
2 0.09327 0.50575 0.00705 0.0115
7 0.11218 0.51304 0.00897 0.0138
7 0.20096 0.51035 0.00833 0.01304
2 0.2375 0.50153 0.00705 0.01227
7 0.28141 0.51189 0.00769 0.01457
2 0.36731 0.50345 0.00769 0.01304
7 0.49455 0.4885 0.00449 0.00767
2 0.5391 0.4862 0.00385 0.00767
7 0.54103 0.49156 0.00513 0.00767
2 0.58622 0.48926 0.00449 0.0092
7 0.59712 0.49425 0.00577 0.00997
2 0.64551 0.49233 0.00513 0.0092
7 0.67532 0.49923 0.00577 0.01074
8 0.69904 0.50307 0.00705 0.01227
8 0.72019 0.50613 0.00705 0.01227
2 0.72404 0.49693 0.00577 0.0092
8 0.75417 0.50729 0.00705 0.01304
7 0.78237 0.50729 0.00705 0.0115
2 0.8234 0.50268 0.00705 0.0115
8 0.84423 0.51419 0.00897 0.01457
7 0.89103 0.51495 0.00769 0.01304
