7.0 0.36219947095498706 0.3667405404576402 0.03216374269005848 0.027777777777777776
7.0 0.38712368720418994 0.3412423339422376 0.019005847953216373 0.017543859649122806
7.0 0.39516617583732955 0.3295744790903945 0.014619883040935672 0.011695906432748537
2.0 0.5044941074075283 0.5327783925743467 0.014619883040935672 0.013157894736842105
2.0 0.5487276495028737 0.6804342609550714 0.027777777777777776 0.023391812865497075
9.0 0.6003416068363971 0.7345370488706562 0.029239766081871343 0.021929824561403508
2.0 0.4710495524440733 0.4439212705978224 0.011695906432748537 0.01023391812865497
7.0 0.3933553588424913 0.3088375405918394 0.011695906432748537 0.008771929824561403
9.0 0.37528757262230406 0.2613258445124721 0.01608187134502924 0.013157894736842105
7.0 0.382899656160889 0.2749692530597037 0.01023391812865497 0.008771929824561403
2.0 0.45453589150815366 0.3956515769706036 0.01023391812865497 0.007309941520467836
