2 0.65256 0.57247 0.02821 0.03911
2 0.48654 0.54103 0.01923 0.02531
2 0.43782 0.52837 0.01282 0.02147
7 0.14487 0.58666 0.02308 0.03374
7 0.17724 0.54755 0.01603 0.02147
7 0.1391 0.53451 0.01026 0.01687
2 0.39744 0.5161 0.01026 0.0184
2 0.41218 0.51227 0.01154 0.0184
2 0.14551 0.51457 0.00641 0.01074
2 0.30641 0.51227 0.00769 0.0138
7 0.76026 0.51649 0.01282 0.02071
7 0.65256 0.5115 0.01154 0.0184
7 0.58846 0.49923 0.00769 0.0138
7 0.55481 0.49271 0.00577 0.0115
2 0.40353 0.50575 0.00705 0.01304
