2.0 0.3667593494656319 0.640565998087549 0.022535211267605635 0.02535211267605634
2.0 0.42276761809558644 0.5781106953789383 0.014084507042253521 0.015492957746478873
2.0 0.6556399760561522 0.4257073261414916 0.014084507042253521 0.015492957746478873
2.0 0.711153000972144 0.4129405665440772 0.022535211267605635 0.023943661971830985
7.0 0.6747999500564125 0.5095008299766878 0.04225352112676056 0.04366197183098591
7.0 0.6082956206161659 0.48364959475814445 0.01971830985915493 0.022535211267605635
7.0 0.592406314544655 0.4683589693821277 0.01267605633802817 0.014084507042253521
7.0 0.44491624282625636 0.6779026332670005 0.04788732394366197 0.05070422535211268
7.0 0.4830662719218916 0.5707882536591983 0.022535211267605635 0.023943661971830985
7.0 0.5018166351834384 0.530793328793152 0.016901408450704224 0.018309859154929577
2.0 0.46947581095067775 0.5349324218117363 0.011267605633802818 0.01267605633802817
7.0 0.5225370476923625 0.5044742606511317 0.011267605633802818 0.01267605633802817
2.0 0.5244912929694002 0.49415330253578216 0.008450704225352112 0.009859154929577466
7.0 0.5514675919421648 0.48329897531803384 0.011267605633802818 0.01267605633802817
7.0 0.577616598609203 0.46999303110200247 0.011267605633802818 0.01267605633802817
2.0 0.5896520163791578 0.45353331167214356 0.009859154929577466 0.009859154929577466
2.0 0.6295020400366542 0.43366500981519845 0.011267605633802818 0.014084507042253521
