7.0 0.45686862252792576 0.7959540408962328 0.03076923076923077 0.024615384615384615
7.0 0.49945854560179054 0.6685621812728364 0.02923076923076923 0.023076923076923078
7.0 0.6128523395368846 0.4245763069066813 0.038461538461538464 0.03230769230769231
7.0 0.7190840563597644 0.5001429492072325 0.09384615384615384 0.08
2.0 0.47460861830564155 0.751861030085013 0.033846153846153845 0.02923076923076923
2.0 0.5177929162156877 0.7581831788501916 0.05076923076923077 0.04153846153846154
2.0 0.5262521836297507 0.590747806259526 0.03076923076923077 0.024615384615384615
2.0 0.6015169995621954 0.6727298228235505 0.07384615384615385 0.06153846153846154
9.0 0.4940215976160636 0.7975335837090777 0.07846153846153846 0.05846153846153846
9.0 0.4523020189883724 0.7591340321482242 0.043076923076923075 0.03076923076923077
9.0 0.4691119123100063 0.7270086865848358 0.046153846153846156 0.03538461538461538
9.0 0.5749048167546568 0.6331341129042647 0.09384615384615384 0.06923076923076923
9.0 0.5265699452405849 0.5582754742662722 0.047692307692307694 0.033846153846153845
9.0 0.589299324443275 0.4410338730502706 0.05846153846153846 0.04461538461538461
9.0 0.6648303758326247 0.442473780087877 0.1076923076923077 0.07538461538461538
