8 0.28782 0.63037 0.0359 0.05521
8 0.34038 0.53374 0.01154 0.01994
9 0.26026 0.53374 0.01538 0.03374
9 0.4609 0.56595 0.03205 0.05675
9 0.42051 0.52071 0.01282 0.02914
9 0.49551 0.52837 0.01667 0.03221
9 0.58013 0.5184 0.0141 0.03067
8 0.43814 0.51572 0.00962 0.01457
7 0.89455 0.51649 0.00833 0.01457
7 0.80705 0.50959 0.00769 0.01304
7 0.75962 0.50498 0.00641 0.0115
7 0.73942 0.49962 0.00577 0.00997
7 0.74231 0.4954 0.00385 0.0092
7 0.76026 0.49348 0.00513 0.00844
7 0.77436 0.4908 0.00513 0.00767
2 0.84647 0.50345 0.00705 0.0115
2 0.82692 0.49732 0.00641 0.00997
2 0.83654 0.4954 0.00513 0.00767
2 0.85256 0.49348 0.00513 0.00844
2 0.83397 0.48811 0.00513 0.0069
2 0.81506 0.48505 0.00449 0.0069
7 0.77115 0.48735 0.00385 0.0069
2 0.7766 0.48351 0.00449 0.0069
7 0.75737 0.48581 0.00449 0.0069
