7.0 0.2300652227696589 0.5684384681126456 0.020446096654275093 0.03345724907063197
7.0 0.4365985064955442 0.5441832660340511 0.016728624535315983 0.026022304832713755
7.0 0.5013252424728064 0.521263703459615 0.00929368029739777 0.020446096654275093
2.0 0.6280721109565803 0.6207168391628914 0.03531598513011153 0.055762081784386616
2.0 0.7434433394051052 0.563914231448135 0.020446096654275093 0.031598513011152414
2.0 0.763445566108724 0.5379264927091014 0.013011152416356878 0.020446096654275093
2.0 0.7072433083076163 0.526204121638725 0.013011152416356878 0.01858736059479554
2.0 0.843350516134346 0.8198217111245106 0.06505576208178439 0.12453531598513011
2.0 0.6558586657847114 0.5158396865953205 0.00929368029739777 0.01486988847583643
2.0 0.6165143461598745 0.5090319033196303 0.007434944237918215 0.013011152416356878
7.0 0.4382027806016774 0.5135718925303415 0.007434944237918215 0.013011152416356878
7.0 0.30621499354397513 0.508484425181008 0.0055762081784386614 0.013011152416356878
7.0 0.1807081153803832 0.5077486489883896 0.0055762081784386614 0.01486988847583643
