2.0 0.43257009074725317 0.6503075644035063 0.056296296296296296 0.05185185185185185
2.0 0.46386311917715023 0.5160891759399088 0.023703703703703703 0.02074074074074074
2.0 0.46358460060734297 0.4518149659408807 0.014814814814814815 0.013333333333333334
7.0 0.24281758493290495 0.2927630068327975 0.0637037037037037 0.054814814814814816
7.0 0.37703254979339196 0.3482359505359832 0.028148148148148148 0.022222222222222223
7.0 0.40946284109119924 0.3524290289504935 0.017777777777777778 0.016296296296296295
7.0 0.40659328217559676 0.32310171129156884 0.014814814814814815 0.011851851851851851
7.0 0.38036897331313985 0.26132902081147785 0.013333333333333334 0.011851851851851851
2.0 0.40287204537434534 0.2904255295795603 0.011851851851851851 0.008888888888888889
2.0 0.4454466919098876 0.38963033739747716 0.013333333333333334 0.011851851851851851
7.0 0.5022734240742015 0.4822240112637389 0.008888888888888889 0.007407407407407408
2.0 0.5187634807460156 0.5142633835726328 0.007407407407407408 0.005925925925925926
7.0 0.5157694096057609 0.5182616989915362 0.008888888888888889 0.005925925925925926
2.0 0.5329935671902218 0.5505139247435963 0.007407407407407408 0.005925925925925926
7.0 0.5322661902807825 0.5617479406208277 0.008888888888888889 0.005925925925925926
2.0 0.5504516736107143 0.5954320328048457 0.007407407407407408 0.005925925925925926
7.0 0.5552441813799386 0.6233718052652518 0.01037037037037037 0.008888888888888889
8.0 0.5613562705470537 0.6435336478821344 0.011851851851851851 0.01037037037037037
2.0 0.5733309391815719 0.6568341562821883 0.008888888888888889 0.007407407407407408
8.0 0.5660462652761912 0.6619373782977499 0.013333333333333334 0.01037037037037037
8.0 0.576990302323563 0.6879354032777667 0.013333333333333334 0.011851851851851851
7.0 0.5866479710116339 0.7089182246430324 0.011851851851851851 0.01037037037037037
2.0 0.6026295415173035 0.7347989680582336 0.011851851851851851 0.01037037037037037
8.0 0.603053657908857 0.7614870113987204 0.014814814814814815 0.013333333333333334
