2.0 0.6789589414927786 0.3142869457869619 0.05263157894736842 0.03859649122807018
2.0 0.5886996509269503 0.2185063643623007 0.02280701754385965 0.015789473684210527
2.0 0.6222592123346542 0.5782432845633061 0.04035087719298246 0.03508771929824561
2.0 0.5733481444532939 0.6572254918455105 0.02631578947368421 0.02280701754385965
2.0 0.5395317005069766 0.6980333215048665 0.01929824561403509 0.014035087719298246
2.0 0.5591237994432677 0.3349672495214863 0.012280701754385965 0.008771929824561403
7.0 0.5880760222469109 0.330974508195252 0.02456140350877193 0.015789473684210527
7.0 0.6059695380204919 0.3378141609482347 0.02982456140350877 0.021052631578947368
7.0 0.5952024572759783 0.4368556628201709 0.02982456140350877 0.01929824561403509
7.0 0.5586499566453662 0.42366156394927146 0.015789473684210527 0.010526315789473684
7.0 0.5710006705894758 0.5208989688153794 0.02280701754385965 0.014035087719298246
7.0 0.542556194240363 0.5829639947314674 0.014035087719298246 0.010526315789473684
7.0 0.5405680275811444 0.49744255007572324 0.014035087719298246 0.008771929824561403
2.0 0.5418626979187597 0.4218899449679426 0.012280701754385965 0.008771929824561403
2.0 0.5286771730625249 0.49249832028990387 0.010526315789473684 0.007017543859649123
7.0 0.5271918087701507 0.5526517092461344 0.008771929824561403 0.007017543859649123
2.0 0.5177461088784394 0.5674469194309202 0.008771929824561403 0.005263157894736842
7.0 0.5262135026957806 0.6256277341966157 0.012280701754385965 0.008771929824561403
7.0 0.5169201836277428 0.6137534614931822 0.012280701754385965 0.005263157894736842
7.0 0.5162493263143434 0.6841518116003321 0.008771929824561403 0.007017543859649123
2.0 0.5082611855137872 0.6474962349105317 0.008771929824561403 0.007017543859649123
7.0 0.5081871840339975 0.682003516159779 0.008771929824561403 0.005263157894736842
2.0 0.5023746206693569 0.703914605164723 0.007017543859649123 0.007017543859649123
7.0 0.5032124926542149 0.7309952730194017 0.010526315789473684 0.005263157894736842
