9 0.18718 0.55675 0.02821 0.05521
9 0.36923 0.6158 0.04103 0.09356
9 0.40769 0.55521 0.02564 0.05675
9 0.60192 0.52301 0.01667 0.03681
9 0.82436 0.59969 0.04359 0.08282
9 0.79744 0.50383 0.01154 0.02607
8 0.63205 0.62807 0.0359 0.05675
8 0.71282 0.52147 0.01154 0.02147
8 0.88269 0.52837 0.01538 0.02454
7 0.10513 0.51074 0.00897 0.0138
7 0.15513 0.50115 0.00769 0.0115
2 0.11314 0.49578 0.00577 0.00997
2 0.15064 0.49233 0.00513 0.0092
7 0.19519 0.49578 0.00705 0.00997
7 0.22244 0.49195 0.00513 0.00844
7 0.23846 0.4885 0.00513 0.00767
7 0.1375 0.48658 0.00449 0.0069
7 0.22853 0.4862 0.00449 0.00767
7 0.21314 0.48505 0.00449 0.0069
