9 0.10192 0.59663 0.02436 0.07055
9 0.19359 0.59202 0.03333 0.07055
2 0.19295 0.61963 0.03462 0.04908
7 0.30897 0.59202 0.02308 0.03988
9 0.26538 0.72316 0.06923 0.15491
2 0.40256 0.57439 0.02308 0.03374
9 0.42436 0.55828 0.02564 0.05215
9 0.40385 0.65798 0.05897 0.1135
2 0.4391 0.65337 0.03846 0.06442
7 0.44231 0.73696 0.06154 0.09509
9 0.60449 0.55675 0.02564 0.05215
9 0.63333 0.60966 0.04615 0.08436
7 0.63846 0.56787 0.01795 0.02991
2 0.67756 0.6388 0.03718 0.05828
9 0.76923 0.58436 0.03846 0.06748
7 0.82436 0.61656 0.03077 0.04601
7 0.09808 0.63727 0.01667 0.04908
