2 0.62308 0.58819 0.02564 0.04141
2 0.54872 0.53067 0.0141 0.02301
2 0.52179 0.5092 0.00897 0.01534
7 0.27628 0.59739 0.02692 0.04141
7 0.35192 0.53221 0.01282 0.02147
7 0.3859 0.50767 0.00897 0.01534
2 0.50673 0.49578 0.00705 0.01304
2 0.48718 0.48581 0.00513 0.00997
7 0.40224 0.49578 0.00705 0.0115
7 0.40865 0.48735 0.00577 0.00997
2 0.42949 0.48121 0.00513 0.00997
7 0.37404 0.48466 0.00577 0.0092
2 0.32179 0.48121 0.00513 0.00844
7 0.31058 0.48428 0.00449 0.00844
7 0.24103 0.48581 0.00513 0.00844
2 0.20673 0.48428 0.00449 0.00844
7 0.16186 0.49195 0.00577 0.00997
7 0.09231 0.49923 0.00513 0.01074
2 0.12115 0.48926 0.00641 0.0092
