8 0.15513 0.63497 0.04103 0.05675
8 0.34103 0.55828 0.01923 0.03067
8 0.65769 0.54294 0.01538 0.02454
8 0.73846 0.6227 0.0359 0.05521
8 0.80897 0.53988 0.01538 0.02761
9 0.20513 0.61426 0.04103 0.08742
9 0.42885 0.57285 0.03462 0.06595
9 0.42115 0.51994 0.01538 0.03374
9 0.56923 0.69862 0.07692 0.14417
9 0.49744 0.51074 0.01538 0.03067
9 0.62308 0.53298 0.02308 0.04294
9 0.65385 0.51074 0.01538 0.03067
9 0.77885 0.54985 0.03077 0.05368
7 0.87436 0.49962 0.00897 0.01304
7 0.84103 0.4931 0.00769 0.01227
7 0.8359 0.4862 0.00641 0.01074
