7 0.26859 0.60966 0.02692 0.04294
7 0.31218 0.5487 0.01667 0.02531
7 0.28846 0.52032 0.01026 0.01764
2 0.60962 0.52301 0.0141 0.02147
2 0.83686 0.58781 0.03013 0.04678
7 0.23558 0.51227 0.00833 0.0138
7 0.17981 0.51035 0.00705 0.0115
7 0.14487 0.51227 0.00641 0.01074
7 0.10737 0.5138 0.00577 0.01074
2 0.12788 0.50652 0.00449 0.00844
2 0.21827 0.4977 0.00577 0.0092
2 0.29936 0.49425 0.00513 0.00997
2 0.3641 0.49348 0.00641 0.00997
2 0.41859 0.49655 0.00641 0.0115
2 0.47147 0.50153 0.00833 0.0138
