2.0 0.7543034871571174 0.38383149310757253 0.2310077519379845 0.15968992248062017
2.0 0.3433898247391436 0.6678340617391342 0.07906976744186046 0.05736434108527132
2.0 0.2834606720041757 0.6726418414738654 0.05426356589147287 0.04186046511627907
2.0 0.23270520811274661 0.7420775147028442 0.040310077519379844 0.02945736434108527
2.0 0.18328111683457773 0.6459674603867334 0.010852713178294573 0.007751937984496124
2.0 0.18686773972628404 0.6323344965580594 0.010852713178294573 0.006201550387596899
7.0 0.19200853876858268 0.6078302481650273 0.007751937984496124 0.004651162790697674
2.0 0.19360209061270747 0.6037991870414782 0.007751937984496124 0.006201550387596899
2.0 0.19775258183926642 0.5840895670151824 0.007751937984496124 0.006201550387596899
7.0 0.20066199387295575 0.5725151560379899 0.007751937984496124 0.006201550387596899
7.0 0.20202936992161835 0.5674591059885778 0.007751937984496124 0.006201550387596899
7.0 0.20322780270042073 0.564618408450162 0.009302325581395349 0.006201550387596899
2.0 0.20491827815079777 0.5568211863857242 0.006201550387596899 0.004651162790697674
7.0 0.20638553313912952 0.5497109662624836 0.009302325581395349 0.007751937984496124
2.0 0.20837910654801764 0.5418286038963004 0.007751937984496124 0.006201550387596899
2.0 0.20899643790799216 0.5338663189783486 0.009302325581395349 0.007751937984496124
2.0 0.3371298299585918 0.16728086158773003 0.031007751937984496 0.024806201550387597
