9.0 0.41473526919075393 0.42183601698444556 0.09531013615733737 0.1422087745839637
9.0 0.5480191970436082 0.4719535117494885 0.09228441754916793 0.1361573373676248
9.0 0.6044913079726536 0.4293217177487162 0.06202723146747353 0.0907715582450832
8.0 0.4119871868538985 0.3627690809086314 0.037821482602118005 0.05597579425113464
8.0 0.32849182781052405 0.32337544362600396 0.037821482602118005 0.05143721633888049
8.0 0.5924256375788223 0.47501924146251256 0.049924357034795766 0.06959152798789713
2.0 0.25272010410646173 0.3837550637932785 0.0680786686838124 0.09228441754916793
2.0 0.44208249897356344 0.3523015702113639 0.03177004538577912 0.04387291981845688
2.0 0.5023337161500123 0.414574701603184 0.04084720121028744 0.057488653555219364
7.0 0.24372349724068768 0.3306777273182059 0.0529500756429652 0.06959152798789713
7.0 0.3656388022335146 0.37502903760749007 0.0529500756429652 0.06959152798789713
7.0 0.5500489515192916 0.4038765444166619 0.036308623298033284 0.048411497730711045
