7 0.42273 0.58142 0.03364 0.05878
7 0.54727 0.51993 0.01818 0.03311
7 0.66886 0.49223 0.01318 0.025
7 0.80932 0.47703 0.01227 0.02162
7 0.91273 0.46824 0.01182 0.02027
2 0.91091 0.55507 0.04273 0.05338
2 0.93068 0.51453 0.01045 0.03176
7 0.76023 0.44932 0.00318 0.00676
7 0.76318 0.44831 0.00273 0.00608
7 0.77545 0.44764 0.00273 0.00608
7 0.78773 0.44865 0.00273 0.00811
7 0.79295 0.44696 0.00227 0.00608
2 0.81318 0.4473 0.00364 0.00811
2 0.82159 0.44696 0.00318 0.00743
7 0.82432 0.44628 0.00227 0.00608
7 0.83045 0.44831 0.00364 0.00743
2 0.83523 0.44764 0.00409 0.00743
2 0.85614 0.44628 0.00409 0.00743
7 0.87614 0.44493 0.00318 0.00608
7 0.89614 0.4473 0.00409 0.00946
2 0.89136 0.44628 0.00455 0.01014
