2.0 0.49682972127789904 0.5156126598683781 0.11695906432748537 0.14181286549707603
2.0 0.6525139940871463 0.14172062193536147 0.019005847953216373 0.023391812865497075
2.0 0.5369847245253823 0.20172411270046264 0.013157894736842105 0.01608187134502924
2.0 0.44675694622619266 0.24685545411072163 0.008771929824561403 0.014619883040935672
2.0 0.3780306899748793 0.28291560474982896 0.008771929824561403 0.011695906432748537
2.0 0.35035918653681825 0.2964118987511836 0.01023391812865497 0.014619883040935672
2.0 0.32885421804852477 0.30549309871208463 0.008771929824561403 0.011695906432748537
7.0 0.6306922610405095 0.14082916818718844 0.013157894736842105 0.01608187134502924
7.0 0.5608784949705095 0.17853571809665986 0.011695906432748537 0.01608187134502924
7.0 0.518760895811245 0.19345627605954424 0.008771929824561403 0.01023391812865497
7.0 0.4879451884969365 0.21720577687659903 0.01023391812865497 0.013157894736842105
7.0 0.42814059000492233 0.24749874204709973 0.011695906432748537 0.01608187134502924
7.0 0.4000874223732335 0.26371297364034557 0.01023391812865497 0.011695906432748537
2.0 0.5698828395855178 0.15895328062862155 0.0043859649122807015 0.005847953216374269
7.0 0.560849976245161 0.1695467910411645 0.007309941520467836 0.01023391812865497
7.0 0.5302326746522132 0.18166489882815134 0.0043859649122807015 0.005847953216374269
2.0 0.5272034673264432 0.18399182329967081 0.0043859649122807015 0.005847953216374269
2.0 0.49981313737729105 0.20156507353976524 0.005847953216374269 0.008771929824561403
7.0 0.4912880108149654 0.2085380035597031 0.008771929824561403 0.011695906432748537
7.0 0.4788340540450406 0.21095610306636708 0.0029239766081871343 0.0043859649122807015
7.0 0.4714143895875776 0.21514123611264158 0.0029239766081871343 0.0043859649122807015
2.0 0.464294195434202 0.21917197948386163 0.0029239766081871343 0.0043859649122807015
7.0 0.4589272856277135 0.22601201825714448 0.008771929824561403 0.01023391812865497
2.0 0.4537304755376581 0.2254485634737363 0.0043859649122807015 0.005847953216374269
2.0 0.45101852573640006 0.22649643757173485 0.0043859649122807015 0.005847953216374269
2.0 0.4431812614868728 0.23059375895006115 0.0029239766081871343 0.005847953216374269
7.0 0.4361007939013535 0.23433029418087617 0.0029239766081871343 0.0029239766081871343
2.0 0.42481327609357455 0.24067673755252303 0.0043859649122807015 0.005847953216374269
2.0 0.4218885631623635 0.24632563732203944 0.007309941520467836 0.01023391812865497
7.0 0.4154772999168771 0.24636283916826482 0.0029239766081871343 0.005847953216374269
2.0 0.40628605429734865 0.25197002272627067 0.0029239766081871343 0.005847953216374269
7.0 0.4007286652373411 0.2611515915186378 0.005847953216374269 0.008771929824561403
7.0 0.39289553648623576 0.25905900728622466 0.0029239766081871343 0.0043859649122807015
2.0 0.376234381056885 0.2722487708058205 0.005847953216374269 0.008771929824561403
7.0 0.37176465025273064 0.2716221844557234 0.0029239766081871343 0.0043859649122807015
2.0 0.3684149040277825 0.27522143148568035 0.005847953216374269 0.007309941520467836
2.0 0.3650874416792682 0.2765611828632037 0.0043859649122807015 0.007309941520467836
2.0 0.362159086215804 0.27714828416086446 0.0043859649122807015 0.005847953216374269
7.0 0.35813977449323564 0.2793917939186388 0.0029239766081871343 0.0029239766081871343
2.0 0.35636041530049495 0.2819419515692539 0.0043859649122807015 0.007309941520467836
2.0 0.35098677767892306 0.28878527171720286 0.008771929824561403 0.013157894736842105
2.0 0.3293051300962796 0.2971114907373611 0.0043859649122807015 0.007309941520467836
2.0 0.32298385539959357 0.3016020563951332 0.005847953216374269 0.007309941520467836
7.0 0.31590338781407423 0.3053385916259483 0.0029239766081871343 0.005847953216374269
7.0 0.31429327421401054 0.306681889145695 0.0043859649122807015 0.005847953216374269
2.0 0.3099857166584475 0.30794167224989066 0.0043859649122807015 0.007309941520467836
7.0 0.29749895722758574 0.31572250618389863 0.005847953216374269 0.007309941520467836
7.0 0.28979519906413487 0.32087902583312217 0.005847953216374269 0.008771929824561403
2.0 0.28365388483646486 0.32613130024672055 0.005847953216374269 0.008771929824561403
7.0 0.2803157076116116 0.3255024827375493 0.005847953216374269 0.008771929824561403
7.0 0.271783147547613 0.330513571685876 0.005847953216374269 0.007309941520467836
7.0 0.2687871040403671 0.3325328323868236 0.005847953216374269 0.007309941520467836
7.0 0.259959225799288 0.3396534242667325 0.0043859649122807015 0.007309941520467836
2.0 0.2394766714025609 0.35470700859662974 0.007309941520467836 0.008771929824561403
7.0 0.22457672678793897 0.3614162045073046 0.005847953216374269 0.008771929824561403
7.0 0.1961311800862835 0.37837980480574696 0.007309941520467836 0.008771929824561403
2.0 0.17927140621515122 0.38998413482653854 0.008771929824561403 0.011695906432748537
7.0 0.17153154738751247 0.3923516422207556 0.008771929824561403 0.01023391812865497
2.0 0.15005888859398714 0.4073218118369076 0.01023391812865497 0.011695906432748537
2.0 0.11544715147156645 0.42561055796530856 0.011695906432748537 0.013157894736842105
7.0 0.12036728472872206 0.4209622215560099 0.01023391812865497 0.011695906432748537
7.0 0.6372406086210712 0.1255343806827436 0.005847953216374269 0.007309941520467836
2.0 0.5342269617445198 0.18365601635883724 0.005847953216374269 0.008771929824561403
2.0 0.5743126787560645 0.15989081212395648 0.007309941520467836 0.008771929824561403
7.0 0.14567550380637997 0.4060867908265016 0.005847953216374269 0.008771929824561403
2.0 0.34998180627877895 0.2847781748602353 0.0043859649122807015 0.005847953216374269
2.0 0.6399674087970902 0.12026516986070027 0.011695906432748537 0.013157894736842105
