9.0 0.5684285435297335 0.5188183456249975 0.08178438661710037 0.03717472118959108
9.0 0.5927426090421919 0.5079761914216946 0.06505576208178439 0.020446096654275093
9.0 0.5842120430738414 0.40648310790868186 0.07434944237918216 0.03531598513011153
2.0 0.5721230037454003 0.32128185927067954 0.048327137546468404 0.026022304832713755
2.0 0.569234153314766 0.5801956146657488 0.04275092936802974 0.022304832713754646
2.0 0.5870282707464758 0.5827795565795036 0.03903345724907063 0.022304832713754646
7.0 0.5523304105794122 0.3802126125037939 0.05390334572490706 0.031598513011152414
7.0 0.540061573768622 0.4372338259442984 0.05947955390334572 0.027881040892193308
7.0 0.5766516650496335 0.45369918324475245 0.04460966542750929 0.01858736059479554
8.0 0.5827868700388245 0.38692643299244966 0.04275092936802974 0.01858736059479554
8.0 0.5563387626403684 0.44142203293424814 0.05018587360594796 0.02973977695167286
8.0 0.5902515724284337 0.4680816278690333 0.03903345724907063 0.022304832713754646
