2 0.39545 0.46419 0.07455 0.13243
2 0.12659 0.23142 0.015 0.0277
2 0.17409 0.21858 0.01273 0.025
2 0.14182 0.21385 0.01364 0.02095
2 0.08341 0.21115 0.01136 0.01824
2 0.23091 0.19088 0.00818 0.01419
2 0.30841 0.18581 0.00682 0.01216
2 0.60091 0.16284 0.00455 0.01081
2 0.59568 0.16149 0.00409 0.01081
2 0.57636 0.16014 0.00455 0.00946
2 0.35932 0.18007 0.00591 0.01284
2 0.3725 0.17669 0.00591 0.01149
2 0.38341 0.17432 0.005 0.01081
2 0.39295 0.17196 0.00409 0.01014
2 0.43 0.16824 0.00455 0.00946
7 0.26364 0.1848 0.00545 0.01284
7 0.29295 0.18277 0.005 0.01149
7 0.3225 0.17669 0.00409 0.01014
7 0.45182 0.1652 0.00364 0.00743
7 0.67409 0.15676 0.00545 0.01081
7 0.84182 0.15169 0.00455 0.01149
2 0.8425 0.15439 0.00773 0.01689
7 0.73523 0.15608 0.00409 0.00946
7 0.69136 0.15777 0.00364 0.01149
2 0.69432 0.16182 0.00773 0.01419
7 0.61955 0.15676 0.00455 0.00811
2 0.62932 0.16419 0.005 0.01216
7 0.56295 0.15878 0.00318 0.00811
2 0.52932 0.16182 0.00409 0.01014
7 0.50818 0.16115 0.00364 0.00878
2 0.48045 0.1652 0.00455 0.01014
7 0.39545 0.16892 0.00273 0.00811
7 0.3525 0.17297 0.00318 0.00811
7 0.30455 0.17939 0.00364 0.01014
7 0.19705 0.19054 0.00682 0.01351
2 0.15773 0.19561 0.00727 0.01554
2 0.08023 0.2 0.00682 0.01486
7 0.10068 0.1973 0.00864 0.01351
