7.0 0.667499186870069 0.18285991590072362 0.01594896331738437 0.011164274322169059
2.0 0.6815022062364516 0.24578396324591512 0.02073365231259968 0.014354066985645933
7.0 0.6965208797910702 0.2655828962375868 0.01594896331738437 0.011164274322169059
7.0 0.7233725925176426 0.340238950733313 0.017543859649122806 0.009569377990430622
2.0 0.7253404269883446 0.37102502740438115 0.019138755980861243 0.014354066985645933
2.0 0.7592286379973693 0.4655053498362351 0.019138755980861243 0.011164274322169059
7.0 0.7732958785084609 0.47749416942445044 0.014354066985645933 0.009569377990430622
7.0 0.7495386373700226 0.4133456737538822 0.01594896331738437 0.011164274322169059
7.0 0.7453489338300954 0.36893543502345916 0.007974481658692184 0.004784688995215311
7.0 0.7412656856911689 0.35369654550907437 0.007974481658692184 0.004784688995215311
2.0 0.6430670623781944 0.12792950573665554 0.019138755980861243 0.01594896331738437
7.0 0.7452405472344344 0.36319889693635304 0.006379585326953748 0.003189792663476874
7.0 0.7404206259485789 0.34950157324996056 0.009569377990430622 0.004784688995215311
7.0 0.7570812917425475 0.3946112062050295 0.007974481658692184 0.003189792663476874
7.0 0.7615631560203823 0.40493300073707106 0.006379585326953748 0.003189792663476874
7.0 0.7617313191148121 0.41622466155992166 0.009569377990430622 0.004784688995215311
7.0 0.7709756420377064 0.43046952602900135 0.006379585326953748 0.003189792663476874
2.0 0.7739535388429587 0.44158318820590003 0.006379585326953748 0.003189792663476874
2.0 0.7741084220530379 0.4474932540203956 0.009569377990430622 0.004784688995215311
2.0 0.7791967229294491 0.45689170066510487 0.007974481658692184 0.003189792663476874
2.0 0.7810987242843204 0.460803466272761 0.007974481658692184 0.003189792663476874
2.0 0.7822018619477715 0.46703431530506584 0.006379585326953748 0.003189792663476874
2.0 0.7841524733995349 0.47112749626408373 0.006379585326953748 0.004784688995215311
7.0 0.778376009285337 0.4655655401175197 0.009569377990430622 0.006379585326953748
2.0 0.7903359241276753 0.4888724147423626 0.006379585326953748 0.003189792663476874
7.0 0.7917580647732979 0.4931071990271092 0.004784688995215311 0.003189792663476874
2.0 0.7903877128147224 0.4965431602793715 0.011164274322169059 0.003189792663476874
7.0 0.7963456199077006 0.5187783722571411 0.009569377990430622 0.006379585326953748
7.0 0.7940266127447551 0.530347587566758 0.014354066985645933 0.007974481658692184
2.0 0.8080777774446535 0.5486811620762935 0.009569377990430622 0.004784688995215311
7.0 0.8063632937733098 0.5550921232370238 0.014354066985645933 0.007974481658692184
7.0 0.8091942951802046 0.5581800967981622 0.009569377990430622 0.006379585326953748
7.0 0.810682186841594 0.5637329840746255 0.011164274322169059 0.007974481658692184
7.0 0.820165333284001 0.5788691500525694 0.006379585326953748 0.003189792663476874
2.0 0.8055154200161914 0.5902932182980717 0.012759170653907496 0.006379585326953748
2.0 0.8417901200230895 0.655314635920675 0.014354066985645933 0.006379585326953748
2.0 0.8442263663256002 0.6590747970961565 0.011164274322169059 0.006379585326953748
2.0 0.8269696477028136 0.6341099662852411 0.012759170653907496 0.006379585326953748
