2.0 0.6725837619791152 0.49774310023357615 0.02768729641693811 0.04234527687296417
2.0 0.6381053590117332 0.46464983268457877 0.017915309446254073 0.02768729641693811
2.0 0.6418782041096229 0.447295890768853 0.013029315960912053 0.019543973941368076
2.0 0.6868864439403752 0.42909992725876483 0.009771986970684038 0.016286644951140065
2.0 0.7722231984550071 0.403613105508804 0.013029315960912053 0.016286644951140065
7.0 0.4083872351385128 0.5564269858898319 0.026058631921824105 0.03745928338762215
7.0 0.48796382646687214 0.4975754412152554 0.014657980456026058 0.02280130293159609
7.0 0.5309575995484713 0.4723219789002097 0.009771986970684038 0.014657980456026058
7.0 0.5837100895483728 0.45060081886117087 0.011400651465798045 0.013029315960912053
7.0 0.6518111882933574 0.42967511298384153 0.009771986970684038 0.013029315960912053
7.0 0.7230080632704987 0.40948101074732524 0.009771986970684038 0.011400651465798045
7.0 0.7929794157192899 0.3907251869786579 0.009771986970684038 0.013029315960912053
