7.0 0.5281134624210904 0.6196618296367837 0.03859649122807018 0.02456140350877193
7.0 0.48904507394378144 0.5568639434608471 0.021052631578947368 0.012280701754385965
7.0 0.47740493325209193 0.5371267402660391 0.014035087719298246 0.007017543859649123
7.0 0.4704741748830351 0.516329742291753 0.010526315789473684 0.008771929824561403
7.0 0.46534738623139227 0.50582679691371 0.008771929824561403 0.0035087719298245615
7.0 0.46268315130685256 0.5026127478093663 0.008771929824561403 0.0017543859649122807
7.0 0.4612501353077058 0.49688919901161416 0.008771929824561403 0.005263157894736842
7.0 0.46034111399680006 0.4918363328303897 0.005263157894736842 0.0035087719298245615
7.0 0.45927283035337 0.47813029486507636 0.007017543859649123 0.005263157894736842
7.0 0.4604481922009054 0.45359549889831474 0.005263157894736842 0.005263157894736842
7.0 0.462727890347655 0.42507858804688015 0.007017543859649123 0.0035087719298245615
7.0 0.4646091227787601 0.39980692002332413 0.005263157894736842 0.0035087719298245615
7.0 0.46652678270951675 0.36672060005943025 0.007017543859649123 0.0035087719298245615
7.0 0.470050044188607 0.32807567862428594 0.005263157894736842 0.0035087719298245615
7.0 0.4739558839507477 0.2962651665092546 0.008771929824561403 0.0035087719298245615
7.0 0.476941452681067 0.26701138360102544 0.008771929824561403 0.0035087719298245615
7.0 0.4804445489369671 0.2359749628678761 0.007017543859649123 0.0017543859649122807
7.0 0.4841677780388293 0.20063971272247935 0.007017543859649123 0.0035087719298245615
7.0 0.4877065670294312 0.15685634734530504 0.007017543859649123 0.0035087719298245615
7.0 0.4873996520063806 0.12699920018313904 0.005263157894736842 0.0035087719298245615
7.0 0.4875697892159533 0.11816927566955243 0.007017543859649123 0.0017543859649122807
2.0 0.5492192988157383 0.34067431306686247 0.04035087719298246 0.02456140350877193
2.0 0.5008312854399175 0.4061096744883501 0.02280701754385965 0.014035087719298246
2.0 0.4864392770006084 0.4236731718312012 0.015789473684210527 0.008771929824561403
2.0 0.4757910219273997 0.43573245174007263 0.012280701754385965 0.007017543859649123
2.0 0.4704541255408863 0.44433522407364445 0.010526315789473684 0.005263157894736842
2.0 0.46523774557142367 0.449450477701939 0.008771929824561403 0.0035087719298245615
2.0 0.4630360299805301 0.43251925152165155 0.007017543859649123 0.005263157894736842
2.0 0.46448506333606293 0.4057555799862919 0.007017543859649123 0.0035087719298245615
2.0 0.4801064638898857 0.2536169808905004 0.008771929824561403 0.005263157894736842
2.0 0.48460926746054334 0.21200631182996374 0.010526315789473684 0.005263157894736842
2.0 0.49366682961302166 0.11583187782652225 0.008771929824561403 0.008771929824561403
2.0 0.4731631003862627 0.327634371796129 0.005263157894736842 0.0035087719298245615
2.0 0.46806295816322085 0.3691716968925223 0.007017543859649123 0.005263157894736842
2.0 0.47533353183687704 0.2949953842619448 0.008771929824561403 0.0035087719298245615
