7.0 0.4037279241496198 0.4030951031138035 0.041176470588235294 0.03529411764705882
7.0 0.48232349594845647 0.48256332056854423 0.025 0.01764705882352941
7.0 0.5258324176379094 0.5355328401657827 0.01764705882352941 0.013235294117647059
7.0 0.5502358111412728 0.5673953805801691 0.014705882352941176 0.011764705882352941
7.0 0.5638246859896185 0.5839051975535461 0.011764705882352941 0.008823529411764706
7.0 0.5828320149299866 0.6156337802453751 0.011764705882352941 0.008823529411764706
7.0 0.5922249779486402 0.6297552106021733 0.010294117647058823 0.007352941176470588
7.0 0.5879529112203229 0.6079621147575797 0.0058823529411764705 0.004411764705882353
7.0 0.5710812626853653 0.575985348738892 0.0058823529411764705 0.0029411764705882353
7.0 0.5996936187588445 0.6415671614815234 0.010294117647058823 0.007352941176470588
7.0 0.6035355465648593 0.6365688354634942 0.0058823529411764705 0.004411764705882353
7.0 0.6055293070610499 0.6486657391960317 0.008823529411764706 0.007352941176470588
7.0 0.614091804292505 0.6561958812947158 0.0058823529411764705 0.0029411764705882353
7.0 0.6149954576186778 0.6629441207366555 0.008823529411764706 0.0058823529411764705
7.0 0.6235979262623987 0.678381252356184 0.007352941176470588 0.004411764705882353
7.0 0.6312304166801598 0.6929497541679724 0.0058823529411764705 0.0058823529411764705
7.0 0.637026026216469 0.701761809401474 0.007352941176470588 0.0058823529411764705
7.0 0.6364869688043939 0.698806370340904 0.007352941176470588 0.0058823529411764705
2.0 0.6426953500870283 0.7223467318324036 0.008823529411764706 0.0058823529411764705
2.0 0.6314811791050662 0.7079363779202874 0.013235294117647059 0.008823529411764706
2.0 0.6276392512990515 0.7129347039383166 0.013235294117647059 0.011764705882352941
2.0 0.6525629932577384 0.7386976122708897 0.010294117647058823 0.007352941176470588
2.0 0.6506317697354282 0.7243118290904788 0.007352941176470588 0.004411764705882353
2.0 0.6556250385792407 0.7314210752623527 0.007352941176470588 0.004411764705882353
2.0 0.6613274712228782 0.7538764263961012 0.007352941176470588 0.007352941176470588
2.0 0.6652424792142366 0.7586555186017351 0.007352941176470588 0.0058823529411764705
2.0 0.6029219525379069 0.671971973370329 0.014705882352941176 0.011764705882352941
2.0 0.5957372902793175 0.6673966079062754 0.01764705882352941 0.016176470588235296
2.0 0.5791964543474283 0.6565999776417537 0.022058823529411766 0.01764705882352941
2.0 0.5485039475501884 0.6497688114986211 0.033823529411764704 0.027941176470588237
2.0 0.5106954348905186 0.6770279352619766 0.054411764705882354 0.04411764705882353
7.0 0.5098383596229507 0.4536822850506398 0.0058823529411764705 0.0029411764705882353
7.0 0.5112980850601162 0.4658454421138771 0.007352941176470588 0.0058823529411764705
2.0 0.5144107136843046 0.46288198237294614 0.0058823529411764705 0.004411764705882353
2.0 0.5192151212138133 0.47801323230518417 0.008823529411764706 0.0058823529411764705
7.0 0.5268844696558853 0.48482168974852785 0.0058823529411764705 0.004411764705882353
7.0 0.4496730042003652 0.34692739651930543 0.004411764705882353 0.0058823529411764705
7.0 0.45211208532676717 0.3497528485594484 0.0058823529411764705 0.004411764705882353
7.0 0.457373659804051 0.3586311571236498 0.004411764705882353 0.004411764705882353
7.0 0.45954566972412497 0.3662999693490614 0.0058823529411764705 0.0029411764705882353
7.0 0.4640798926593511 0.37060754557727904 0.004411764705882353 0.0029411764705882353
2.0 0.4702432801766699 0.38321922515666446 0.007352941176470588 0.0058823529411764705
2.0 0.47323705295861695 0.3884278963954091 0.007352941176470588 0.0058823529411764705
7.0 0.47479497764150386 0.3899694499496695 0.004411764705882353 0.0029411764705882353
7.0 0.4742227041027202 0.394764049226118 0.0058823529411764705 0.0058823529411764705
2.0 0.4765185922180853 0.3972824228631239 0.004411764705882353 0.0029411764705882353
2.0 0.48357010617173746 0.40759409470657987 0.007352941176470588 0.0058823529411764705
7.0 0.4899448518860178 0.4176481114816584 0.0058823529411764705 0.004411764705882353
2.0 0.493706054975919 0.4257140375373935 0.0058823529411764705 0.0029411764705882353
2.0 0.4929611215506226 0.42832112367646 0.0058823529411764705 0.004411764705882353
7.0 0.4935609143251137 0.43201255774733827 0.007352941176470588 0.007352941176470588
2.0 0.5320903311238028 0.49598569569369083 0.004411764705882353 0.0029411764705882353
2.0 0.5355844630073762 0.5088949819346946 0.0058823529411764705 0.004411764705882353
2.0 0.5457067252078559 0.5209815460143946 0.004411764705882353 0.0029411764705882353
2.0 0.5554498843242807 0.546080419192127 0.004411764705882353 0.004411764705882353
2.0 0.5598515261388903 0.5464870047639694 0.004411764705882353 0.0014705882352941176
2.0 0.5679867831287363 0.5621336929689948 0.0058823529411764705 0.0029411764705882353
2.0 0.5727980146227593 0.5772617608343209 0.0058823529411764705 0.004411764705882353
2.0 0.5788169747018976 0.5829539394329732 0.0029411764705882353 0.0014705882352941176
2.0 0.5889948425581133 0.6023752731715494 0.004411764705882353 0.004411764705882353
2.0 0.5993347197357479 0.621538289415808 0.004411764705882353 0.004411764705882353
2.0 0.6001108142943541 0.6274072305926424 0.004411764705882353 0.0029411764705882353
2.0 0.6131711362674146 0.6469881632920486 0.0029411764705882353 0.0029411764705882353
2.0 0.6174276761058922 0.6597330119587731 0.0058823529411764705 0.004411764705882353
2.0 0.6203864998286234 0.6600563860679431 0.004411764705882353 0.004411764705882353
2.0 0.6283053762684583 0.675239044686006 0.0029411764705882353 0.0029411764705882353
2.0 0.6341060081578171 0.6870727923107774 0.004411764705882353 0.0029411764705882353
2.0 0.6361486190241866 0.6908474378443278 0.004411764705882353 0.0029411764705882353
2.0 0.6356007900078291 0.6945007794637515 0.0058823529411764705 0.004411764705882353
2.0 0.6379403987866927 0.6952956695503382 0.0014705882352941176 0.0014705882352941176
2.0 0.6388091030536497 0.6971586118627032 0.0058823529411764705 0.004411764705882353
2.0 0.6424082968221319 0.7054828554127556 0.0058823529411764705 0.004411764705882353
2.0 0.6730513787697434 0.7657810604796422 0.007352941176470588 0.004411764705882353
7.0 0.6774354387011143 0.7733654645265349 0.004411764705882353 0.004411764705882353
7.0 0.6639223048905057 0.7468094459730611 0.0058823529411764705 0.004411764705882353
7.0 0.6545712222492128 0.727949663639088 0.004411764705882353 0.0029411764705882353
7.0 0.6509375779268783 0.7207630358484584 0.004411764705882353 0.0029411764705882353
7.0 0.6492189857033466 0.7164717553262736 0.0029411764705882353 0.0029411764705882353
7.0 0.582398693940772 0.5888355344182382 0.0029411764705882353 0.0029411764705882353
7.0 0.5721263760900678 0.5704053311173756 0.0029411764705882353 0.0014705882352941176
7.0 0.5622437045348818 0.5510291163900174 0.0029411764705882353 0.0029411764705882353
7.0 0.556939643821243 0.5504867139538314 0.007352941176470588 0.0058823529411764705
7.0 0.552571785317663 0.5326927930091927 0.004411764705882353 0.0029411764705882353
7.0 0.5335869532599526 0.5064285512734208 0.007352941176470588 0.0058823529411764705
7.0 0.5397665422050625 0.5088307139550601 0.004411764705882353 0.0029411764705882353
7.0 0.6299120439678935 0.6780788070811167 0.0029411764705882353 0.0014705882352941176
7.0 0.5988568575167794 0.6193020153696059 0.0029411764705882353 0.0029411764705882353
7.0 0.6122324265283952 0.644975093760372 0.0029411764705882353 0.0029411764705882353
2.0 0.6644419401332043 0.7539278350819258 0.007352941176470588 0.0058823529411764705
7.0 0.6257875180657112 0.6788722461065454 0.0058823529411764705 0.004411764705882353
7.0 0.6208768142241501 0.6617136162876628 0.004411764705882353 0.004411764705882353
