7 0.08841 0.27027 0.015 0.02432
2 0.12659 0.25507 0.01227 0.01959
2 0.23727 0.25405 0.00909 0.01892
7 0.22136 0.26858 0.01364 0.0223
2 0.32545 0.24966 0.00818 0.01554
7 0.35841 0.26182 0.00955 0.01959
2 0.40545 0.24223 0.00636 0.01284
9 0.37864 0.24088 0.00909 0.02095
7 0.42136 0.25304 0.00727 0.01554
2 0.45864 0.23716 0.00455 0.01081
9 0.4525 0.24324 0.00955 0.02297
7 0.49136 0.24189 0.00636 0.01216
2 0.49455 0.23345 0.00273 0.01014
2 0.49182 0.23345 0.00273 0.00878
2 0.51591 0.23176 0.00364 0.00946
7 0.50818 0.24662 0.00727 0.01351
7 0.52227 0.25338 0.00818 0.01622
7 0.53091 0.24392 0.00545 0.01081
7 0.52864 0.23682 0.00364 0.01014
7 0.53273 0.23649 0.00364 0.00946
7 0.55068 0.23446 0.00409 0.00946
7 0.56455 0.26182 0.01 0.01959
7 0.56364 0.23986 0.00545 0.00946
7 0.56318 0.23277 0.00455 0.00878
7 0.58364 0.23818 0.00455 0.01014
7 0.5975 0.23649 0.005 0.00946
7 0.61523 0.23514 0.00409 0.01081
2 0.60886 0.24831 0.00773 0.01554
8 0.61932 0.2348 0.00318 0.01014
8 0.62227 0.23412 0.00273 0.00878
8 0.62818 0.23345 0.00273 0.00878
8 0.6375 0.23277 0.00318 0.00878
2 0.62205 0.24493 0.005 0.01284
2 0.63023 0.24189 0.00591 0.01216
2 0.64159 0.23986 0.005 0.01081
2 0.65114 0.23649 0.005 0.01081
2 0.63227 0.2527 0.00727 0.01622
7 0.63545 0.27432 0.01273 0.02432
8 0.65841 0.23345 0.00318 0.00878
8 0.66114 0.23615 0.00318 0.01014
8 0.66773 0.23514 0.00273 0.00946
8 0.67432 0.2348 0.00318 0.00878
8 0.68 0.23378 0.00273 0.00946
2 0.69682 0.26149 0.00909 0.02027
2 0.76455 0.27095 0.01273 0.02432
7 0.72114 0.29459 0.02045 0.03243
7 0.68841 0.41385 0.04045 0.07905
7 0.87136 0.3473 0.03364 0.0527
2 0.42273 0.20743 0.00364 0.00946
2 0.42727 0.20608 0.00364 0.00946
