8.0 0.8033568487987486 0.5086197943905566 0.0214168039538715 0.014827018121911038
8.0 0.7990641853971274 0.5309009319027665 0.02471169686985173 0.013179571663920923
8.0 0.8110568440039945 0.553040513706817 0.023064250411861616 0.013179571663920923
8.0 0.7947712326720849 0.5668932846435024 0.03130148270181219 0.016474464579901153
8.0 0.8194641809105864 0.6022089554308934 0.02471169686985173 0.014827018121911038
8.0 0.8085655531633176 0.6427442933758635 0.03130148270181219 0.0214168039538715
8.0 0.8287098658279131 0.6470858546650451 0.023064250411861616 0.013179571663920923
8.0 0.8185301884901705 0.6896242167645484 0.029654036243822075 0.018121911037891267
2.0 0.8341740177512907 0.6837465015360451 0.0214168039538715 0.011532125205930808
8.0 0.8288091783001892 0.7270292285102722 0.029654036243822075 0.018121911037891267
7.0 0.8328692634027779 0.7502685418989934 0.02800658978583196 0.018121911037891267
2.0 0.8507587956062512 0.759013003612812 0.0214168039538715 0.011532125205930808
2.0 0.8773988860340751 0.793914796551358 0.008237232289950576 0.006589785831960461
