9.0 0.5677575933586404 0.5989029708366395 0.05532503457814661 0.05532503457814661
8.0 0.49785425008500916 0.5070141101032337 0.02627939142461964 0.027662517289073305
8.0 0.38072198504674704 0.3959858294853942 0.03319502074688797 0.03319502074688797
8.0 0.37607684432743727 0.3703077701454993 0.027662517289073305 0.027662517289073305
7.0 0.47241360474662414 0.5422435452264096 0.04702627939142462 0.04564315352697095
7.0 0.5331437121834341 0.5298765733738482 0.02351313969571231 0.02351313969571231
7.0 0.4952393627088405 0.4892594248934205 0.02351313969571231 0.02351313969571231
9.0 0.48627133639587744 0.4604709320532233 0.02627939142461964 0.02627939142461964
9.0 0.4298412457993136 0.40237227683929555 0.029045643153526972 0.027662517289073305
2.0 0.5344567002104238 0.5972549521545562 0.04149377593360996 0.04149377593360996
2.0 0.5415044007153976 0.5641935489884569 0.03319502074688797 0.034578146611341634
2.0 0.4713002819045872 0.49183147001567035 0.035961272475795295 0.034578146611341634
