7.0 0.3754448042479149 0.7038239042197736 0.016901408450704224 0.015492957746478873
7.0 0.42359884953424704 0.605428687045917 0.01267605633802817 0.01267605633802817
7.0 0.4952339129182095 0.7314409026509873 0.08309859154929577 0.07746478873239436
2.0 0.3877114544435893 0.663856757375092 0.011267605633802818 0.011267605633802818
2.0 0.4243153551137923 0.5912900323000692 0.009859154929577466 0.007042253521126761
2.0 0.4431529580186945 0.553780521206785 0.007042253521126761 0.005633802816901409
7.0 0.45327821598598605 0.5440049239041709 0.011267605633802818 0.011267605633802818
7.0 0.4690323014059076 0.5119309374060512 0.008450704225352112 0.008450704225352112
2.0 0.46884415184538186 0.5056716848307833 0.008450704225352112 0.007042253521126761
7.0 0.4915591473993281 0.5037964842467972 0.016901408450704224 0.015492957746478873
7.0 0.4869530090941539 0.48012668070351605 0.009859154929577466 0.009859154929577466
7.0 0.5002892638130021 0.4764746820472882 0.014084507042253521 0.014084507042253521
7.0 0.509470229273499 0.45676360412027106 0.009859154929577466 0.009859154929577466
7.0 0.5107673941759495 0.44657423844381533 0.011267605633802818 0.009859154929577466
2.0 0.49358082093573746 0.46245986897646046 0.008450704225352112 0.005633802816901409
2.0 0.4926251612252478 0.4564744750662605 0.007042253521126761 0.005633802816901409
2.0 0.5139420769368723 0.4283527272672433 0.008450704225352112 0.007042253521126761
2.0 0.5380878756265204 0.39343202635225594 0.009859154929577466 0.008450704225352112
2.0 0.5487001727814151 0.3816189870961888 0.009859154929577466 0.008450704225352112
2.0 0.5581313763235484 0.37591578831052574 0.01267605633802817 0.011267605633802818
2.0 0.5584480993516161 0.38502784339741747 0.015492957746478873 0.014084507042253521
2.0 0.5606436389716231 0.39659015329392094 0.01971830985915493 0.016901408450704224
2.0 0.5821494752822804 0.39824854471080784 0.028169014084507043 0.023943661971830985
2.0 0.6785403294512634 0.3381216854686532 0.054929577464788736 0.05211267605633803
7.0 0.49394263726725574 0.5878385301380349 0.038028169014084505 0.035211267605633804
7.0 0.48889407883024943 0.5439075732899226 0.02676056338028169 0.023943661971830985
7.0 0.5037988261654411 0.45254676820265743 0.009859154929577466 0.008450704225352112
7.0 0.32322673681355596 0.7559774033948312 0.007042253521126761 0.007042253521126761
2.0 0.33627692724563807 0.7353272196144366 0.008450704225352112 0.008450704225352112
7.0 0.35784288413981424 0.6933342985004434 0.004225352112676056 0.005633802816901409
2.0 0.37103899365492427 0.6715908630071397 0.008450704225352112 0.007042253521126761
7.0 0.37904411364913526 0.6540615065613662 0.004225352112676056 0.004225352112676056
2.0 0.38853734378745225 0.6391102963173376 0.005633802816901409 0.004225352112676056
7.0 0.39812080876005485 0.6196794060996781 0.0028169014084507044 0.0028169014084507044
2.0 0.4076295811993116 0.6029642137448591 0.005633802816901409 0.005633802816901409
7.0 0.41369566131994573 0.590050541834097 0.004225352112676056 0.004225352112676056
2.0 0.4233858957943568 0.573066320948691 0.004225352112676056 0.004225352112676056
7.0 0.4261515960503039 0.5672250619965616 0.004225352112676056 0.0028169014084507044
7.0 0.43599372801953357 0.5491516218879169 0.004225352112676056 0.004225352112676056
2.0 0.4371991380261553 0.5477900910993253 0.004225352112676056 0.004225352112676056
7.0 0.44458712530367783 0.533793529009614 0.0028169014084507044 0.0028169014084507044
2.0 0.446147698806006 0.5314798836465668 0.004225352112676056 0.0028169014084507044
7.0 0.4519751125812002 0.5197969669199025 0.004225352112676056 0.0028169014084507044
2.0 0.45318052258782193 0.5184354361313109 0.0028169014084507044 0.0014084507042253522
2.0 0.46067902860382004 0.5047134821615717 0.0028169014084507044 0.0028169014084507044
7.0 0.4615766322828691 0.5029442710938947 0.004225352112676056 0.0028169014084507044
2.0 0.469475691888852 0.48949249393205213 0.0028169014084507044 0.0028169014084507044
7.0 0.47033372012610447 0.48690503809384367 0.0028169014084507044 0.0028169014084507044
2.0 0.4763074788449039 0.4784870354699644 0.0028169014084507044 0.0028169014084507044
7.0 0.47755621352998934 0.47577168823962274 0.0028169014084507044 0.0028169014084507044
2.0 0.48171727666763026 0.47264607896042715 0.004225352112676056 0.004225352112676056
2.0 0.48254170787487666 0.4692444108413576 0.0028169014084507044 0.0028169014084507044
7.0 0.48485173679810256 0.4640787124215908 0.0028169014084507044 0.0028169014084507044
7.0 0.4946033506800438 0.4483188694860864 0.0028169014084507044 0.0028169014084507044
7.0 0.4958087606866655 0.4469573386974949 0.0028169014084507044 0.0028169014084507044
7.0 0.496724135841778 0.44560023922097886 0.0028169014084507044 0.0028169014084507044
7.0 0.4978427769977783 0.44438024439324614 0.004225352112676056 0.0028169014084507044
7.0 0.5032899210871777 0.43718143895228856 0.005633802816901409 0.005633802816901409
2.0 0.5087310867647862 0.42997860102166086 0.005633802816901409 0.005633802816901409
7.0 0.5141028292072591 0.4189712448273592 0.005633802816901409 0.005633802816901409
2.0 0.5289682276486267 0.3973708442047231 0.007042253521126761 0.007042253521126761
7.0 0.5281747384356849 0.39505246508700825 0.004225352112676056 0.0028169014084507044
7.0 0.5446380566460536 0.3697805701699047 0.005633802816901409 0.004225352112676056
2.0 0.5536738121371031 0.35768699257198117 0.008450704225352112 0.007042253521126761
7.0 0.556547801956402 0.34994424803787244 0.005633802816901409 0.004225352112676056
7.0 0.5588422885786882 0.34654253172889615 0.005633802816901409 0.005633802816901409
7.0 0.56002741468112 0.34042671284670123 0.004225352112676056 0.0028169014084507044
7.0 0.5677627837280117 0.3276560758066066 0.0028169014084507044 0.0028169014084507044
2.0 0.5731928654549282 0.3265694073906726 0.005633802816901409 0.005633802816901409
2.0 0.5750051351755094 0.31691884823029487 0.005633802816901409 0.005633802816901409
2.0 0.5757704161503495 0.31446889586327537 0.004225352112676056 0.0028169014084507044
2.0 0.5778598334572016 0.31311214701925816 0.005633802816901409 0.004225352112676056
7.0 0.5777312599896597 0.31025934450763415 0.0028169014084507044 0.0028169014084507044
2.0 0.5834906687568793 0.3078204067496652 0.007042253521126761 0.005633802816901409
2.0 0.5846953696499205 0.29993462734488896 0.004225352112676056 0.004225352112676056
7.0 0.5911306355056575 0.28865301366311386 0.004225352112676056 0.004225352112676056
2.0 0.5988286582858762 0.27724022555443956 0.005633802816901409 0.004225352112676056
7.0 0.6104464228225946 0.25739832383302197 0.004225352112676056 0.004225352112676056
2.0 0.6134885615512322 0.25332662658106847 0.004225352112676056 0.004225352112676056
7.0 0.626388657803042 0.23158358991017025 0.004225352112676056 0.004225352112676056
2.0 0.6333923429050995 0.22207711751795628 0.004225352112676056 0.004225352112676056
7.0 0.6361620756507167 0.21622988015403616 0.004225352112676056 0.0028169014084507044
7.0 0.49155717946173627 0.4523965451498308 0.0028169014084507044 0.0028169014084507044
7.0 0.5563245353043271 0.3472189380959764 0.0028169014084507044 0.0028169014084507044
