7.0 0.7123463404705194 0.4546277864259129 0.05076923076923077 0.07076923076923076
7.0 0.8235842418820473 0.4284830238662035 0.036923076923076927 0.04461538461538461
7.0 0.7746614872757176 0.35337197606565895 0.015384615384615385 0.018461538461538463
7.0 0.7083704481495496 0.32154054949381145 0.012307692307692308 0.018461538461538463
7.0 0.6483283289357914 0.29411011372361523 0.010769230769230769 0.015384615384615385
7.0 0.8729782893758978 0.4032702804201071 0.021538461538461538 0.024615384615384615
7.0 0.8747103719727157 0.4218778668607746 0.02923076923076923 0.03538461538461538
7.0 0.3818604215931793 0.20855596795224313 0.016923076923076923 0.023076923076923078
7.0 0.46133707615318964 0.23451407007834296 0.012307692307692308 0.018461538461538463
7.0 0.5245148224363742 0.25063629406586907 0.012307692307692308 0.015384615384615385
7.0 0.5392899863986419 0.24953400902350936 0.009230769230769232 0.012307692307692308
7.0 0.5540718422295696 0.24674287643600878 0.007692307692307693 0.010769230769230769
7.0 0.5623028262319597 0.24591981173920854 0.004615384615384616 0.009230769230769232
7.0 0.5779898264672124 0.2592022128156433 0.006153846153846154 0.010769230769230769
7.0 0.6033468918746687 0.2729984750515871 0.010769230769230769 0.013846153846153847
9.0 0.48493915920033487 0.22040602247615929 0.013846153846153847 0.018461538461538463
2.0 0.46339832819435706 0.2197451957120642 0.010769230769230769 0.013846153846153847
2.0 0.4168270920274249 0.20651691161959626 0.010769230769230769 0.016923076923076923
2.0 0.3408299746235372 0.1803490055670211 0.013846153846153847 0.018461538461538463
2.0 0.7563733177092076 0.33610319496727975 0.012307692307692308 0.015384615384615385
2.0 0.8483159263818717 0.3753592606074105 0.015384615384615385 0.021538461538461538
2.0 0.6619192963410994 0.2926000771071317 0.007692307692307693 0.012307692307692308
7.0 0.5908950774077625 0.2580142284677243 0.006153846153846154 0.007692307692307693
7.0 0.3662783724248702 0.5369806715450407 0.12307692307692308 0.1646153846153846
2.0 0.7089308910992014 0.31497724931258075 0.007692307692307693 0.012307692307692308
2.0 0.6398416689525707 0.2824655781492588 0.007692307692307693 0.012307692307692308
2.0 0.636897380902594 0.27891921626009086 0.006153846153846154 0.010769230769230769
2.0 0.6337056560168517 0.2744462445640465 0.006153846153846154 0.010769230769230769
2.0 0.6327946111118438 0.27159998443422323 0.004615384615384616 0.007692307692307693
8.0 0.6279883787899179 0.2674125037178166 0.004615384615384616 0.007692307692307693
8.0 0.614032669783506 0.2611992630930781 0.004615384615384616 0.006153846153846154
8.0 0.6100466837854132 0.26123468269854444 0.004615384615384616 0.007692307692307693
8.0 0.6363577340078007 0.2722603718578275 0.004615384615384616 0.006153846153846154
8.0 0.6382232847004204 0.2717780749140016 0.003076923076923077 0.006153846153846154
8.0 0.6416151087233579 0.2723794794054998 0.003076923076923077 0.006153846153846154
8.0 0.6398372711639233 0.2720505679313522 0.003076923076923077 0.006153846153846154
7.0 0.6080129196677638 0.26109256493618815 0.006153846153846154 0.009230769230769232
7.0 0.6014903271307215 0.25968806668722466 0.004615384615384616 0.007692307692307693
7.0 0.5975889688178241 0.25947770964879374 0.007692307692307693 0.007692307692307693
7.0 0.5819027599505484 0.25773373456133025 0.007692307692307693 0.009230769230769232
7.0 0.5674835420120898 0.24572927640909878 0.004615384615384616 0.007692307692307693
7.0 0.5702822460052333 0.2458515370035848 0.006153846153846154 0.007692307692307693
9.0 0.5472066519464885 0.24522041232283348 0.009230769230769232 0.016923076923076923
2.0 0.5354258933259121 0.23215838053722637 0.004615384615384616 0.009230769230769232
2.0 0.5273765064858713 0.23022816484992722 0.007692307692307693 0.010769230769230769
2.0 0.5145810770740223 0.22836323818836135 0.004615384615384616 0.007692307692307693
2.0 0.4954294706963716 0.22514278395754125 0.007692307692307693 0.012307692307692308
2.0 0.4815187252845994 0.1891124423773116 0.006153846153846154 0.009230769230769232
2.0 0.47787097470344697 0.18869783159760473 0.006153846153846154 0.009230769230769232
