7 0.10841 0.61216 0.04227 0.06622
7 0.27659 0.52264 0.01682 0.03176
7 0.32182 0.50034 0.01273 0.0223
7 0.36773 0.48142 0.00818 0.01554
7 0.40909 0.47196 0.00727 0.01284
7 0.43909 0.46588 0.00636 0.01149
7 0.47909 0.4598 0.00545 0.01014
7 0.51114 0.45608 0.005 0.00946
7 0.62 0.44899 0.00364 0.00743
7 0.56159 0.4527 0.005 0.00811
7 0.66114 0.4473 0.00409 0.00811
7 0.70409 0.44662 0.00545 0.00946
2 0.65614 0.45068 0.00409 0.00946
2 0.59477 0.45304 0.005 0.01014
2 0.55114 0.45676 0.005 0.01081
2 0.52136 0.46182 0.00545 0.01149
2 0.49159 0.47061 0.00591 0.01419
2 0.4775 0.47973 0.00773 0.01757
2 0.48045 0.5 0.01182 0.02432
2 0.54205 0.54392 0.02409 0.04459
2 0.72045 0.45 0.00545 0.01081
2 0.76841 0.45 0.00682 0.01216
7 0.75864 0.44595 0.00545 0.00946
7 0.83727 0.44595 0.00636 0.01081
2 0.92455 0.45135 0.01 0.01486
