2 0.50841 0.43615 0.05773 0.1223
2 0.705 0.21959 0.02 0.03649
2 0.49409 0.21892 0.01545 0.03108
2 0.40386 0.19189 0.00864 0.01757
2 0.40955 0.18649 0.00727 0.01622
2 0.36318 0.18514 0.00636 0.01351
2 0.31477 0.18581 0.00682 0.01486
2 0.24568 0.1902 0.00682 0.01419
7 0.25955 0.18581 0.00545 0.01216
7 0.32955 0.18176 0.00727 0.01351
7 0.37977 0.17939 0.00591 0.01149
7 0.43114 0.1777 0.005 0.01216
7 0.48477 0.17736 0.00682 0.01419
7 0.50909 0.18007 0.00727 0.01419
7 0.52091 0.18345 0.00818 0.01689
7 0.53364 0.18716 0.00909 0.01892
7 0.54795 0.19257 0.00955 0.02162
7 0.60182 0.19628 0.01091 0.02365
7 0.73159 0.19662 0.01318 0.02703
7 0.18 0.19358 0.00545 0.01149
2 0.1775 0.19527 0.00773 0.01622
2 0.09818 0.20236 0.00909 0.01689
7 0.10932 0.19797 0.00773 0.01216
2 0.38659 0.20777 0.01136 0.02365
2 0.38545 0.20068 0.01 0.02027
7 0.90864 0.18953 0.01727 0.03041
