2 0.90273 0.7348 0.06727 0.14122
2 0.69523 0.53277 0.02591 0.04122
2 0.63364 0.5 0.01455 0.02838
2 0.52818 0.47939 0.00909 0.01824
2 0.54795 0.45912 0.00591 0.01149
2 0.47636 0.45574 0.00273 0.00743
2 0.46114 0.45777 0.00318 0.00878
2 0.45568 0.45912 0.00409 0.00878
2 0.44114 0.47365 0.00773 0.01486
2 0.36659 0.47095 0.00773 0.01351
2 0.29091 0.47196 0.00636 0.01284
2 0.11432 0.48108 0.00955 0.01351
7 0.14409 0.48412 0.01 0.01554
7 0.21023 0.48176 0.01045 0.01622
7 0.27886 0.48142 0.00955 0.01689
7 0.34591 0.48649 0.01091 0.02027
7 0.33432 0.5652 0.03227 0.05203
7 0.39841 0.49696 0.01136 0.025
7 0.40636 0.51689 0.01818 0.03243
7 0.60545 0.45473 0.00455 0.00946
7 0.56864 0.45574 0.00455 0.00878
7 0.535 0.45541 0.00364 0.00811
2 0.62341 0.45878 0.00591 0.01216
7 0.64614 0.45101 0.00409 0.00743
7 0.66386 0.44932 0.00318 0.00676
7 0.67477 0.44831 0.00318 0.00743
7 0.69341 0.44696 0.00227 0.00608
7 0.73386 0.44527 0.00227 0.00541
7 0.76205 0.44459 0.00227 0.00541
7 0.78818 0.44358 0.00273 0.00608
7 0.83114 0.44291 0.00318 0.00608
2 0.89023 0.44324 0.00318 0.00676
2 0.84318 0.44358 0.00273 0.00608
2 0.80682 0.44426 0.00273 0.00608
2 0.77795 0.44527 0.00318 0.00676
2 0.74705 0.44628 0.00318 0.00743
2 0.71545 0.44932 0.00364 0.00811
2 0.70636 0.45101 0.00364 0.00878
2 0.67318 0.45608 0.00455 0.00946
2 0.69045 0.45304 0.00455 0.01014
2 0.51136 0.45304 0.00273 0.00743
7 0.53068 0.45473 0.00409 0.00811
7 0.91523 0.44291 0.00318 0.00608
2 0.92932 0.44493 0.00318 0.00743
7 0.07773 0.78716 0.02818 0.06622
7 0.71409 0.44628 0.00273 0.00608
2 0.73045 0.44764 0.00364 0.00743
7 0.88023 0.44257 0.00318 0.00676
7 0.62614 0.45338 0.00318 0.00811
2 0.13568 0.46824 0.00409 0.00811
2 0.19159 0.4652 0.00318 0.00743
7 0.20568 0.46351 0.00227 0.00541
7 0.1575 0.46622 0.00227 0.00541
2 0.22614 0.46351 0.00227 0.00676
2 0.25955 0.46115 0.00364 0.00608
7 0.25091 0.46115 0.00273 0.00608
7 0.27955 0.45946 0.00273 0.00541
2 0.28909 0.45946 0.00273 0.00676
7 0.30841 0.45777 0.00227 0.00473
2 0.31545 0.45811 0.00273 0.00541
9 0.335 0.45439 0.00273 0.00743
2 0.33841 0.45608 0.00227 0.00541
7 0.35023 0.45507 0.00227 0.00473
9 0.35455 0.45405 0.00273 0.00811
2 0.36932 0.45405 0.00227 0.00541
2 0.38886 0.45338 0.00227 0.00541
7 0.39386 0.45338 0.00227 0.00405
2 0.40955 0.45203 0.00182 0.00541
2 0.45068 0.45034 0.00227 0.00473
7 0.44136 0.45 0.00182 0.00405
7 0.53977 0.45372 0.00318 0.00743
2 0.46977 0.44899 0.00227 0.00473
2 0.495 0.45405 0.00273 0.00811
2 0.49136 0.44797 0.00182 0.00405
7 0.48818 0.44797 0.00182 0.00405
2 0.49114 0.4598 0.005 0.01014
2 0.52 0.4473 0.00182 0.00541
2 0.52705 0.4473 0.00227 0.00541
2 0.53205 0.4473 0.00227 0.00541
2 0.53591 0.44797 0.00273 0.00676
7 0.54432 0.44628 0.00227 0.00473
7 0.55318 0.45203 0.00364 0.00676
7 0.555 0.44628 0.00182 0.00473
7 0.56273 0.44628 0.00182 0.00473
7 0.56432 0.45101 0.00318 0.00608
7 0.56818 0.44899 0.00364 0.00878
7 0.57091 0.44696 0.00182 0.00473
7 0.57705 0.44764 0.00227 0.00473
2 0.50795 0.44831 0.00227 0.00338
7 0.46591 0.44932 0.00182 0.00405
2 0.52273 0.45169 0.00273 0.00743
2 0.20795 0.47601 0.00591 0.01419
