2.0 0.5693945465724299 0.5231989282269588 0.14701803051317613 0.1553398058252427
2.0 0.5064530064666459 0.1782736195551406 0.015256588072122053 0.016643550624133148
7.0 0.4985840289636071 0.17517076342674215 0.012482662968099861 0.012482662968099861
7.0 0.42031400199808067 0.24961655428842328 0.011095700416088766 0.012482662968099861
7.0 0.40795727994878056 0.25246708796865347 0.011095700416088766 0.011095700416088766
2.0 0.4035799542025362 0.2746152527394829 0.013869625520110958 0.013869625520110958
7.0 0.3778127532258966 0.28809742291779217 0.012482662968099861 0.013869625520110958
7.0 0.3798572062227894 0.28074575024202947 0.009708737864077669 0.011095700416088766
7.0 0.363441657338473 0.2985895705852619 0.011095700416088766 0.011095700416088766
2.0 0.3531697713275877 0.32099322794751156 0.015256588072122053 0.016643550624133148
2.0 0.3167353876852922 0.34059887068496786 0.009708737864077669 0.009708737864077669
2.0 0.30470620991196185 0.35664390296055215 0.012482662968099861 0.012482662968099861
2.0 0.30260223805358805 0.364675879336044 0.011095700416088766 0.011095700416088766
2.0 0.2136094346992663 0.44467070000569214 0.011095700416088766 0.011095700416088766
7.0 0.23293196578756895 0.42125436478469436 0.005547850208044383 0.006934812760055479
7.0 0.22529878035076065 0.42922600146070883 0.008321775312066574 0.008321775312066574
7.0 0.13824069385053184 0.5185638370706204 0.009708737864077669 0.011095700416088766
7.0 0.1562682157286879 0.49560378215521544 0.008321775312066574 0.008321775312066574
7.0 0.1614617785390487 0.4899944126477711 0.005547850208044383 0.005547850208044383
2.0 0.16917948497086707 0.4916575666849576 0.012482662968099861 0.012482662968099861
7.0 0.1782144929248708 0.479070483367971 0.009708737864077669 0.008321775312066574
7.0 0.17398572842835647 0.4785492987685018 0.005547850208044383 0.006934812760055479
7.0 0.17716517361601425 0.4755662467616836 0.006934812760055479 0.006934812760055479
7.0 0.1964828838944974 0.45715976815552567 0.005547850208044383 0.006934812760055479
7.0 0.205507631166908 0.44958710604777774 0.006934812760055479 0.008321775312066574
2.0 0.20162085298171883 0.45097595589690115 0.008321775312066574 0.009708737864077669
7.0 0.21855909895129272 0.4355116270822671 0.006934812760055479 0.006934812760055479
7.0 0.2193963698094365 0.43199098695394783 0.004160887656033287 0.004160887656033287
2.0 0.24721371987016308 0.4061372830188635 0.006934812760055479 0.006934812760055479
2.0 0.24907264128330403 0.40332600987793477 0.004160887656033287 0.004160887656033287
7.0 0.25170146441642444 0.4001838932102348 0.004160887656033287 0.004160887656033287
2.0 0.26545634005999885 0.3889573628533284 0.005547850208044383 0.005547850208044383
2.0 0.26548970490105245 0.3867323713912128 0.005547850208044383 0.005547850208044383
2.0 0.27034102518466746 0.3842282639217893 0.006934812760055479 0.008321775312066574
2.0 0.2740154987037233 0.38082983382467267 0.006934812760055479 0.008321775312066574
7.0 0.2708979827824563 0.38062765382434177 0.004160887656033287 0.004160887656033287
2.0 0.28174613243746516 0.36995834185858717 0.0027739251040221915 0.0027739251040221915
7.0 0.2892302009925422 0.3630573712705543 0.004160887656033287 0.004160887656033287
2.0 0.3078976867300653 0.34488131511439224 0.005547850208044383 0.005547850208044383
7.0 0.30855183640936706 0.343396146213487 0.004160887656033287 0.005547850208044383
2.0 0.31272285299325286 0.3408325198825825 0.005547850208044383 0.004160887656033287
7.0 0.32221103470486046 0.3313043565165488 0.0027739251040221915 0.0027739251040221915
7.0 0.32969358852650565 0.32315320407200543 0.004160887656033287 0.004160887656033287
7.0 0.33717309248718386 0.316246793612199 0.004160887656033287 0.004160887656033287
7.0 0.350216070538828 0.303420621225824 0.0027739251040221915 0.004160887656033287
2.0 0.3536494187509926 0.30398814791236123 0.009708737864077669 0.009708737864077669
7.0 0.37819710654185723 0.2765025663519065 0.004160887656033287 0.004160887656033287
2.0 0.37983587301218136 0.2741912058648034 0.004160887656033287 0.005547850208044383
7.0 0.40994613922253403 0.24454097254171064 0.004160887656033287 0.004160887656033287
2.0 0.4151706564690386 0.23921153987957072 0.005547850208044383 0.005547850208044383
2.0 0.4270982045916732 0.23233640583158038 0.006934812760055479 0.008321775312066574
7.0 0.4411929123570836 0.22050954174407297 0.011095700416088766 0.011095700416088766
7.0 0.4712676595368935 0.19057393170390222 0.008321775312066574 0.008321775312066574
2.0 0.4990658305765012 0.16067605157078535 0.006934812760055479 0.008321775312066574
7.0 0.5135860433456562 0.14911323781533403 0.011095700416088766 0.011095700416088766
2.0 0.3878341489197754 0.27091903338450474 0.006934812760055479 0.008321775312066574
2.0 0.5538070470547171 0.10690954905731494 0.009708737864077669 0.009708737864077669
2.0 0.4607022335471494 0.19881828533136514 0.005547850208044383 0.006934812760055479
