7.0 0.386114916432459 0.5585974588434977 0.04146730462519936 0.05741626794258373
7.0 0.4555804556390175 0.523798764903767 0.028708133971291867 0.03668261562998405
7.0 0.4439066400709446 0.49924851709766266 0.017543859649122806 0.025518341307814992
7.0 0.3650680988916154 0.4786986608890232 0.01594896331738437 0.022328548644338118
7.0 0.24770193636942897 0.4621040472466742 0.02073365231259968 0.02711323763955343
2.0 0.32199551889969774 0.45516127134431206 0.014354066985645933 0.019138755980861243
2.0 0.4342367768744021 0.47438137979186046 0.011164274322169059 0.017543859649122806
2.0 0.5183041273837828 0.49119230186215485 0.012759170653907496 0.017543859649122806
2.0 0.5119801094553803 0.47608139962313234 0.007974481658692184 0.011164274322169059
2.0 0.5778392227065993 0.49058343391236253 0.007974481658692184 0.011164274322169059
7.0 0.5324876203254495 0.47700279452674643 0.006379585326953748 0.009569377990430622
2.0 0.6129944948400571 0.5214255190422681 0.01594896331738437 0.02073365231259968
2.0 0.6723123529903675 0.5524522257411092 0.023923444976076555 0.030303030303030304
2.0 0.769810667301274 0.6217087706446154 0.046251993620414676 0.05263157894736842
7.0 0.10572715759004836 0.6628263619306743 0.05741626794258373 0.09569377990430622
7.0 0.202696444957388 0.4120529012230577 0.003189792663476874 0.004784688995215311
2.0 0.23528996876422978 0.41879118215054073 0.004784688995215311 0.007974481658692184
7.0 0.2616334515854123 0.421563754641911 0.004784688995215311 0.007974481658692184
2.0 0.29863174872217274 0.42833255656036867 0.004784688995215311 0.006379585326953748
7.0 0.3030422961935901 0.42837307865778945 0.004784688995215311 0.007974481658692184
2.0 0.33469893232443615 0.43428545405628105 0.004784688995215311 0.004784688995215311
7.0 0.33605696931859314 0.43350805843643225 0.003189792663476874 0.004784688995215311
2.0 0.3612215950376992 0.4385347518071639 0.003189792663476874 0.004784688995215311
2.0 0.38649589968087333 0.44245800695119564 0.003189792663476874 0.006379585326953748
7.0 0.39137306066077593 0.4429025374479029 0.001594896331738437 0.004784688995215311
2.0 0.41252201598965627 0.4471406687969088 0.003189792663476874 0.006379585326953748
7.0 0.4184399694281242 0.44729766548946165 0.001594896331738437 0.006379585326953748
2.0 0.430410773252945 0.451367533556288 0.003189792663476874 0.006379585326953748
2.0 0.43411249383618106 0.45692452874007095 0.006379585326953748 0.011164274322169059
7.0 0.4372918866043781 0.4514951745532972 0.003189792663476874 0.004784688995215311
2.0 0.4424932475075001 0.4557463033110906 0.006379585326953748 0.007974481658692184
2.0 0.4459029365227927 0.45523121257704996 0.003189792663476874 0.006379585326953748
7.0 0.45597027605324275 0.4556461870027145 0.003189792663476874 0.006379585326953748
2.0 0.460897499175008 0.4652428298255977 0.007974481658692184 0.009569377990430622
7.0 0.4742239775017285 0.45996238433190556 0.003189792663476874 0.004784688995215311
7.0 0.48067605391102813 0.4616912129952812 0.001594896331738437 0.004784688995215311
7.0 0.48243449817426026 0.46301623363486955 0.003189792663476874 0.006379585326953748
7.0 0.4840094136036572 0.4643005318015379 0.004784688995215311 0.009569377990430622
7.0 0.4857358114884211 0.46647081255921535 0.004784688995215311 0.007974481658692184
7.0 0.49889112458000956 0.46971678839177444 0.006379585326953748 0.007974481658692184
7.0 0.6240135578649457 0.49752838673697186 0.007974481658692184 0.009569377990430622
7.0 0.6507839641457881 0.498707659185948 0.004784688995215311 0.007974481658692184
7.0 0.6579560497958435 0.4992006995917975 0.004784688995215311 0.006379585326953748
7.0 0.6564143619910435 0.501357600277375 0.006379585326953748 0.007974481658692184
7.0 0.660900184571972 0.5039882869674535 0.004784688995215311 0.006379585326953748
7.0 0.6598650442780979 0.5057060494167018 0.004784688995215311 0.006379585326953748
2.0 0.6566401873195767 0.5091280940553489 0.009569377990430622 0.012759170653907496
7.0 0.6755240238413229 0.5024793098978051 0.004784688995215311 0.009569377990430622
2.0 0.7003371231870876 0.5102692403649408 0.006379585326953748 0.009569377990430622
7.0 0.6990795742700902 0.5070748528439295 0.003189792663476874 0.004784688995215311
2.0 0.7122427800418195 0.521744202800901 0.007974481658692184 0.012759170653907496
2.0 0.7123100404943821 0.5143312208077949 0.006379585326953748 0.009569377990430622
2.0 0.7205891248424127 0.5128383195493398 0.004784688995215311 0.007974481658692184
2.0 0.7310260065095983 0.5204874293228654 0.007974481658692184 0.011164274322169059
7.0 0.730733974941655 0.5144153434050417 0.004784688995215311 0.006379585326953748
2.0 0.7382711318098836 0.5249987494839934 0.009569377990430622 0.011164274322169059
2.0 0.7547219790179656 0.5202680424925141 0.004784688995215311 0.009569377990430622
7.0 0.7783472743683605 0.5246032938475543 0.004784688995215311 0.007974481658692184
2.0 0.7929003145029313 0.5290691825019456 0.006379585326953748 0.007974481658692184
7.0 0.8175983267135519 0.5336918674733905 0.006379585326953748 0.007974481658692184
7.0 0.8392196696924163 0.5383440083281288 0.004784688995215311 0.006379585326953748
2.0 0.8428461151661413 0.5413108389192537 0.006379585326953748 0.009569377990430622
7.0 0.8520541995661954 0.5406417297073164 0.006379585326953748 0.006379585326953748
7.0 0.5762587770893189 0.4864486795619517 0.004784688995215311 0.009569377990430622
