7 0.16182 0.50338 0.01273 0.01892
7 0.25045 0.4875 0.00909 0.01554
7 0.33386 0.47635 0.00773 0.01351
7 0.42909 0.46689 0.00636 0.01216
7 0.51182 0.45405 0.00455 0.00811
7 0.51477 0.45068 0.00409 0.00811
7 0.53159 0.4473 0.00318 0.00676
7 0.56023 0.44459 0.00318 0.00676
7 0.60545 0.44088 0.00273 0.00608
7 0.65477 0.43851 0.00318 0.00676
7 0.70477 0.43615 0.00318 0.00743
7 0.76636 0.43412 0.00364 0.00608
7 0.82227 0.43277 0.00455 0.00878
7 0.86477 0.43277 0.005 0.01014
7 0.91364 0.43311 0.00455 0.01081
2 0.59614 0.56959 0.03682 0.06081
2 0.38932 0.53243 0.02318 0.03919
2 0.28886 0.5152 0.01682 0.0277
2 0.56727 0.46182 0.00727 0.01419
2 0.60136 0.45541 0.00636 0.01216
2 0.59273 0.45169 0.00545 0.01149
2 0.58364 0.44899 0.00545 0.01014
2 0.64341 0.44122 0.00409 0.00811
2 0.69045 0.43885 0.00455 0.00878
2 0.74386 0.43716 0.005 0.00811
2 0.78818 0.43784 0.00455 0.00946
2 0.8925 0.43986 0.005 0.01216
7 0.06614 0.53378 0.005 0.00811
2 0.8175 0.43986 0.00591 0.00946
