2.0 0.6446348186111248 0.6816381018834435 0.05314685314685315 0.055944055944055944
2.0 0.6412120347673669 0.6118638430504042 0.023776223776223775 0.026573426573426574
2.0 0.6284442104798401 0.583751943408658 0.016783216783216783 0.01818181818181818
2.0 0.646950712103186 0.5690860259661416 0.008391608391608392 0.006993006993006993
2.0 0.679924456294002 0.5912548940646337 0.006993006993006993 0.006993006993006993
2.0 0.6931590456405147 0.5990735754178776 0.006993006993006993 0.008391608391608392
2.0 0.7061370085995395 0.6064048631315263 0.006993006993006993 0.006993006993006993
2.0 0.7140643677452307 0.6112704470037904 0.005594405594405594 0.005594405594405594
2.0 0.7259583728826853 0.6187170242273354 0.004195804195804196 0.005594405594405594
2.0 0.7391517877111465 0.6274086215079764 0.004195804195804196 0.005594405594405594
2.0 0.7628873161813754 0.6437506614004483 0.005594405594405594 0.005594405594405594
2.0 0.5844684763061133 0.5368518836910953 0.011188811188811189 0.012587412587412588
2.0 0.6035112704688692 0.5372244805707266 0.005594405594405594 0.006993006993006993
2.0 0.5860547179587732 0.5191599721207093 0.004195804195804196 0.004195804195804196
2.0 0.5722068044399525 0.5135864750023668 0.005594405594405594 0.005594405594405594
2.0 0.5655942338129222 0.5057904272375761 0.005594405594405594 0.005594405594405594
2.0 0.5423964445923981 0.5009031827524173 0.008391608391608392 0.009790209790209791
2.0 0.5538038851717936 0.49932199183274734 0.005594405594405594 0.006993006993006993
2.0 0.5568633380294745 0.5006419834804486 0.005594405594405594 0.005594405594405594
2.0 0.5066902197971928 0.471969357939367 0.009790209790209791 0.009790209790209791
2.0 0.47075302470763625 0.4455585137143018 0.006993006993006993 0.008391608391608392
2.0 0.43356338558306645 0.4203354699368138 0.006993006993006993 0.006993006993006993
2.0 0.3954255184036234 0.39501653417778826 0.008391608391608392 0.009790209790209791
7.0 0.4141641879144242 0.49714381428302007 0.039160839160839164 0.043356643356643354
7.0 0.4864585783446453 0.5045183638912479 0.025174825174825177 0.026573426573426574
7.0 0.519017690150762 0.5084355800198835 0.019580419580419582 0.02097902097902098
7.0 0.5176822075038756 0.4967021337633598 0.013986013986013986 0.015384615384615385
7.0 0.49594727808175126 0.4737323918882336 0.011188811188811189 0.012587412587412588
7.0 0.4663205082860394 0.44861366236885586 0.012587412587412588 0.012587412587412588
7.0 0.43645448972193174 0.4263216937132585 0.009790209790209791 0.009790209790209791
7.0 0.40930922778643586 0.40719254250985115 0.008391608391608392 0.011188811188811189
7.0 0.6387680336830415 0.5598571357448024 0.005594405594405594 0.006993006993006993
7.0 0.6168946206708907 0.5445582069854247 0.005594405594405594 0.005594405594405594
7.0 0.6101602523945222 0.5363815756772804 0.004195804195804196 0.004195804195804196
7.0 0.31551252578685207 0.3480204514749502 0.011188811188811189 0.012587412587412588
7.0 0.666638694358477 0.5777076580508745 0.004195804195804196 0.005594405594405594
7.0 0.2638646121446268 0.3003259204395533 0.005594405594405594 0.005594405594405594
2.0 0.27121388879822556 0.306267369789024 0.005594405594405594 0.005594405594405594
7.0 0.295635225695265 0.3222136989877855 0.005594405594405594 0.004195804195804196
2.0 0.30752923083271955 0.32966027621133065 0.005594405594405594 0.005594405594405594
2.0 0.30878802018945073 0.3395500421672384 0.008391608391608392 0.011188811188811189
7.0 0.3395917124510611 0.3508661296414633 0.004195804195804196 0.004195804195804196
7.0 0.3727388435693764 0.38332224472417714 0.008391608391608392 0.008391608391608392
2.0 0.39831186142569325 0.38993519382697556 0.004195804195804196 0.004195804195804196
7.0 0.406772198704294 0.39518800897929546 0.002797202797202797 0.002797202797202797
2.0 0.4219354549255514 0.4056028721765266 0.002797202797202797 0.004195804195804196
7.0 0.42775986774247954 0.4089405761068316 0.002797202797202797 0.002797202797202797
7.0 0.4484909103931774 0.4222057495947725 0.004195804195804196 0.004195804195804196
2.0 0.4528259781455387 0.42565630433392465 0.005594405594405594 0.004195804195804196
7.0 0.4620741961423536 0.43148154833502256 0.002797202797202797 0.002797202797202797
2.0 0.467365770423633 0.4347242147799171 0.004195804195804196 0.004195804195804196
2.0 0.4800263467164453 0.44332077457514735 0.002797202797202797 0.002797202797202797
9.0 0.4906208025656325 0.44923013794695166 0.004195804195804196 0.004195804195804196
2.0 0.4920280777886179 0.4514475065821885 0.002797202797202797 0.002797202797202797
7.0 0.49797994189819833 0.4548778092968549 0.002797202797202797 0.002797202797202797
9.0 0.5007589735720653 0.4565959503393161 0.002797202797202797 0.004195804195804196
7.0 0.5085375718622477 0.4619464891501261 0.002797202797202797 0.002797202797202797
2.0 0.5188188500808751 0.469115331362937 0.002797202797202797 0.004195804195804196
2.0 0.5300425631138007 0.47637585652163267 0.002797202797202797 0.004195804195804196
2.0 0.5420328473020839 0.48478636425201355 0.002797202797202797 0.004195804195804196
7.0 0.5481080932659247 0.48860725278626127 0.004195804195804196 0.004195804195804196
2.0 0.5532565603350095 0.4920468894107093 0.004195804195804196 0.004195804195804196
7.0 0.5619661465556005 0.4977728868907439 0.002797202797202797 0.002797202797202797
2.0 0.5644688264840456 0.4995911902927447 0.002797202797202797 0.002797202797202797
2.0 0.5766847023126203 0.5129541445762579 0.005594405594405594 0.006993006993006993
2.0 0.5768588442720111 0.5082921214831673 0.002797202797202797 0.002797202797202797
7.0 0.575134182382813 0.5073400249295121 0.002797202797202797 0.002797202797202797
2.0 0.5934448920385353 0.5203425905570755 0.002797202797202797 0.002797202797202797
2.0 0.5936251022277559 0.5228722188817627 0.004195804195804196 0.004195804195804196
2.0 0.5976680248205257 0.5231187837533068 0.004195804195804196 0.004195804195804196
2.0 0.6004314005748507 0.5251264937596827 0.002797202797202797 0.004195804195804196
2.0 0.6023757233691376 0.5274331066397551 0.002797202797202797 0.004195804195804196
7.0 0.601833159649149 0.5312255683449744 0.004195804195804196 0.005594405594405594
7.0 0.5983584568695044 0.5301969159957912 0.005594405594405594 0.005594405594405594
7.0 0.596024402751763 0.5275982954507547 0.004195804195804196 0.005594405594405594
7.0 0.614816638756861 0.5346751501085681 0.002797202797202797 0.004195804195804196
7.0 0.6170531067107393 0.5401857528562487 0.004195804195804196 0.005594405594405594
7.0 0.620799952200153 0.5411200360864674 0.006993006993006993 0.006993006993006993
7.0 0.6237376074084962 0.5420594441908153 0.004195804195804196 0.004195804195804196
7.0 0.6267362999874522 0.5451321015596936 0.002797202797202797 0.004195804195804196
7.0 0.6522321466136102 0.568736555424896 0.005594405594405594 0.005594405594405594
7.0 0.772831205283968 0.6488864167082682 0.005594405594405594 0.005594405594405594
7.0 0.6789208466144636 0.5854362406631558 0.005594405594405594 0.006993006993006993
7.0 0.6872479393598369 0.5905922479954618 0.005594405594405594 0.005594405594405594
7.0 0.7011116462928271 0.599469897340952 0.004195804195804196 0.004195804195804196
7.0 0.7166589801942245 0.6104647529621395 0.002797202797202797 0.004195804195804196
7.0 0.7306404153381606 0.6200209728862036 0.004195804195804196 0.005594405594405594
7.0 0.7526725914820481 0.6348333625021132 0.004195804195804196 0.004195804195804196
7.0 0.5214646372215147 0.4707366645853842 0.002797202797202797 0.002797202797202797
2.0 0.5863422394961965 0.5148901190521226 0.004195804195804196 0.004195804195804196
2.0 0.4354210149136039 0.4174984593247754 0.006993006993006993 0.006993006993006993
2.0 0.6184601048418367 0.5385172065057782 0.004195804195804196 0.005594405594405594
7.0 0.6082355174635422 0.5298936856070104 0.002797202797202797 0.004195804195804196
