2.0 0.6683428044761656 0.5996648135180639 0.09623430962343096 0.10599721059972106
2.0 0.43066342925945017 0.19371004030656344 0.01813110181311018 0.01813110181311018
2.0 0.5477185704745684 0.2665115021582018 0.01394700139470014 0.015341701534170154
2.0 0.6437842415217793 0.3259104232167175 0.01394700139470014 0.01394700139470014
2.0 0.7241862390829691 0.3756250152075971 0.011157601115760111 0.012552301255230125
2.0 0.8630121543602315 0.46241777256622113 0.011157601115760111 0.011157601115760111
2.0 0.8186444628372418 0.4347246536447274 0.009762900976290097 0.009762900976290097
7.0 0.436188962435676 0.19123041902592292 0.012552301255230125 0.01394700139470014
7.0 0.5295836541064086 0.2501276977537721 0.012552301255230125 0.01394700139470014
7.0 0.6140211766029317 0.3025792706384512 0.011157601115760111 0.012552301255230125
7.0 0.6811112504456953 0.34406875752704397 0.009762900976290097 0.011157601115760111
7.0 0.7338115705790333 0.3771378880206717 0.009762900976290097 0.009762900976290097
2.0 0.7763626448625017 0.4085944118521809 0.011157601115760111 0.012552301255230125
7.0 0.7802700817239643 0.4061025472708022 0.008368200836820083 0.009762900976290097
7.0 0.8176689333210196 0.43035935890332105 0.008368200836820083 0.009762900976290097
7.0 0.8704242832855076 0.4649810423453079 0.009762900976290097 0.011157601115760111
