7.0 0.20996864108065091 0.4771643079487755 0.09436619718309859 0.10140845070422536
7.0 0.4650549118192335 0.4970008627873676 0.02676056338028169 0.029577464788732393
7.0 0.5300363999749466 0.510856879987199 0.018309859154929577 0.018309859154929577
7.0 0.5857622896677296 0.5349272151049939 0.014084507042253521 0.015492957746478873
7.0 0.6490862322412734 0.5723511505571226 0.014084507042253521 0.015492957746478873
7.0 0.7134919649063636 0.6131490642063189 0.01267605633802817 0.015492957746478873
2.0 0.6412667846980844 0.6317230812142093 0.03943661971830986 0.04225352112676056
2.0 0.641987630664461 0.5945975875131093 0.022535211267605635 0.023943661971830985
2.0 0.6872505502684056 0.6124890945966707 0.01971830985915493 0.02112676056338028
2.0 0.7666019135881388 0.663072219157814 0.011267605633802818 0.01267605633802817
7.0 0.7734136344756536 0.6550367635847599 0.007042253521126761 0.008450704225352112
