9 0.4225 0.5098 0.02136 0.05068
9 0.63705 0.50372 0.02318 0.05203
7 0.30818 0.60405 0.04182 0.06622
7 0.44909 0.49932 0.01273 0.02432
7 0.47136 0.48412 0.00909 0.01824
7 0.49955 0.47365 0.00727 0.01486
7 0.53409 0.46588 0.00545 0.01149
7 0.5625 0.46115 0.005 0.01014
7 0.60432 0.45743 0.00591 0.00946
2 0.91409 0.75135 0.04273 0.12432
2 0.67864 0.54865 0.02636 0.0473
2 0.615 0.49527 0.01091 0.02432
2 0.60864 0.48074 0.00727 0.01689
2 0.60295 0.47162 0.005 0.01351
2 0.61341 0.46453 0.00591 0.01149
2 0.63068 0.46014 0.00591 0.01081
7 0.65909 0.45439 0.00364 0.01014
7 0.71614 0.45203 0.00409 0.00946
7 0.77091 0.45101 0.00364 0.00878
7 0.84523 0.44797 0.005 0.00946
2 0.9275 0.44865 0.00773 0.01486
2 0.85273 0.45135 0.00545 0.01081
2 0.78636 0.45304 0.00545 0.01014
2 0.73136 0.45439 0.00545 0.01014
2 0.66818 0.45743 0.00455 0.01081
