2.0 0.7226597578393494 0.3186960575419162 0.00847457627118644 0.011299435028248588
7.0 0.7122405758400113 0.32226331683418785 0.00847457627118644 0.00847457627118644
7.0 0.6605398672420606 0.35641587316457324 0.00847457627118644 0.00847457627118644
7.0 0.6231857644408791 0.38067391116074084 0.00847457627118644 0.00847457627118644
7.0 0.5853990480310104 0.40637696164587583 0.007062146892655367 0.00847457627118644
7.0 0.5498032360215245 0.43153674167750394 0.005649717514124294 0.007062146892655367
7.0 0.5230078093525642 0.4521369318322991 0.00847457627118644 0.009887005649717515
7.0 0.5045914859763687 0.4693478808514201 0.00847457627118644 0.009887005649717515
7.0 0.48281032728622586 0.4916412201793956 0.012711864406779662 0.012711864406779662
7.0 0.4646750517348888 0.5168267668331555 0.01694915254237288 0.018361581920903956
7.0 0.44967554501021556 0.5504525507394554 0.025423728813559324 0.02824858757062147
2.0 0.6755223865126689 0.34901425123814267 0.009887005649717515 0.011299435028248588
2.0 0.6371932777916531 0.3747849849821347 0.00847457627118644 0.009887005649717515
2.0 0.5954041706010511 0.4033803915979121 0.007062146892655367 0.00847457627118644
2.0 0.5708103252467247 0.4225508581299423 0.00847457627118644 0.011299435028248588
2.0 0.562740343216295 0.4327496413506192 0.00847457627118644 0.009887005649717515
2.0 0.560824906015254 0.4415643067060408 0.011299435028248588 0.014124293785310734
2.0 0.5741233613874492 0.44575020348215044 0.018361581920903956 0.0211864406779661
2.0 0.5967559770561585 0.4543510550246685 0.02401129943502825 0.02824858757062147
9.0 0.6404516585151281 0.45131698113360963 0.059322033898305086 0.0692090395480226
9.0 0.4233340105108224 0.5934875230315521 0.05649717514124294 0.06638418079096045
2.0 0.8223987852667425 0.48435026207097726 0.10734463276836158 0.11440677966101695
2.0 0.2553947495842274 0.6046632075594174 0.014124293785310734 0.015536723163841809
2.0 0.24388800198619048 0.6077640475428223 0.009887005649717515 0.011299435028248588
2.0 0.2504134142510903 0.6090621944755849 0.009887005649717515 0.012711864406779662
