7 0.45818 0.52601 0.05 0.08716
7 0.86341 0.47297 0.03409 0.05541
7 0.34477 0.3848 0.01773 0.0277
7 0.16955 0.38953 0.01909 0.03446
7 0.49364 0.37466 0.01182 0.0223
7 0.55227 0.37027 0.00909 0.01757
7 0.60045 0.36588 0.00909 0.01689
7 0.63682 0.36419 0.00727 0.01351
7 0.68591 0.36419 0.00727 0.01351
7 0.69795 0.36081 0.00773 0.01216
7 0.7125 0.35912 0.00591 0.01014
2 0.11068 0.36858 0.01318 0.02365
2 0.26182 0.36858 0.01 0.02095
2 0.39614 0.36351 0.01136 0.01892
2 0.47 0.3598 0.00818 0.01554
2 0.51614 0.35777 0.00773 0.01419
2 0.59136 0.35709 0.00636 0.01284
2 0.6125 0.35541 0.00591 0.01081
2 0.635 0.35372 0.00455 0.01014
2 0.6525 0.3527 0.00591 0.00946
7 0.6875 0.35068 0.00409 0.00676
2 0.63932 0.34865 0.00409 0.00811
2 0.12159 0.33345 0.005 0.00878
7 0.13409 0.33311 0.00364 0.00676
2 0.18614 0.33514 0.00409 0.00811
7 0.21273 0.33514 0.00364 0.00676
2 0.24364 0.33649 0.00364 0.00811
7 0.26386 0.33615 0.00318 0.00743
2 0.29682 0.33885 0.00273 0.00608
7 0.31591 0.33784 0.00364 0.00676
2 0.34273 0.34054 0.00273 0.00541
9 0.36455 0.33682 0.00273 0.01014
9 0.37341 0.33682 0.00409 0.01284
7 0.3925 0.33885 0.00318 0.00608
2 0.40227 0.33986 0.00273 0.00811
2 0.44 0.34088 0.00273 0.00743
7 0.43091 0.33953 0.00273 0.00608
7 0.4725 0.34088 0.00227 0.00608
2 0.48 0.34122 0.00273 0.00811
2 0.52045 0.34257 0.00273 0.00676
7 0.51614 0.34223 0.00227 0.00608
7 0.55409 0.34291 0.00182 0.00608
2 0.55591 0.34358 0.00273 0.00743
2 0.58568 0.34493 0.00318 0.00743
7 0.59341 0.34426 0.00227 0.00608
2 0.61614 0.34696 0.00318 0.00743
7 0.6275 0.34662 0.00318 0.00676
7 0.65841 0.34831 0.00318 0.00608
7 0.71045 0.3527 0.00364 0.00676
7 0.71773 0.35507 0.00364 0.00743
7 0.72023 0.35642 0.005 0.00878
2 0.65545 0.35101 0.00364 0.00878
