7.0 0.6287200000000001 0.7295499999999999 0.068359375 0.03515625
7.0 0.7145300000000001 0.62886 0.037109375 0.021484375
7.0 0.7439200000000001 0.5625 0.02734375 0.013671875
7.0 0.7598 0.5040899999999999 0.021484375 0.01171875
7.0 0.76351 0.11204999999999996 0.025390625 0.015625
7.0 0.76554 0.28204999999999997 0.021484375 0.01171875
7.0 0.77331 0.36590999999999996 0.015625 0.0078125
2.0 0.77939 0.16158999999999996 0.01953125 0.01171875
2.0 0.78074 0.26772999999999997 0.017578125 0.009765625
2.0 0.7902 0.43226999999999993 0.01171875 0.00390625
2.0 0.79223 0.47272999999999993 0.0078125 0.001953125
7.0 0.78446 0.45794999999999997 0.013671875 0.0078125
7.0 0.7780400000000001 0.46863999999999995 0.013671875 0.005859375
7.0 0.77095 0.47385999999999995 0.017578125 0.0078125
7.0 0.7820900000000001 0.4990899999999999 0.01171875 0.009765625
7.0 0.7851400000000001 0.5404499999999999 0.013671875 0.005859375
7.0 0.79189 0.5504499999999999 0.0078125 0.00390625
7.0 0.78851 0.5074999999999998 0.01171875 0.005859375
7.0 0.79054 0.53477 0.009765625 0.005859375
7.0 0.78649 0.5645499999999999 0.01171875 0.005859375
7.0 0.7875000000000001 0.58205 0.009765625 0.005859375
2.0 0.7564200000000001 0.65341 0.021484375 0.0078125
2.0 0.7435800000000001 0.7143199999999998 0.02734375 0.013671875
2.0 0.7679100000000001 0.59477 0.017578125 0.0078125
2.0 0.7087800000000001 0.89523 0.0390625 0.02734375
2.0 0.7736500000000001 0.5752299999999999 0.013671875 0.0078125
2.0 0.78074 0.6093199999999999 0.013671875 0.005859375
2.0 0.78277 0.62523 0.01171875 0.00390625
2.0 0.78581 0.63977 0.01171875 0.00390625
9.0 0.78851 0.33340999999999993 0.0234375 0.009765625
9.0 0.78345 0.40840999999999994 0.025390625 0.009765625
7.0 0.51486 0.34705 0.1171875 0.060546875
2.0 0.78649 0.36749999999999994 0.015625 0.005859375
2.0 0.79257 0.47635999999999995 0.009765625 0.001953125
7.0 0.7891900000000001 0.51136 0.009765625 0.00390625
2.0 0.79392 0.5025 0.0078125 0.005859375
2.0 0.7777000000000001 0.59432 0.013671875 0.0078125
7.0 0.78851 0.60273 0.009765625 0.00390625
8.0 0.78885 0.6074999999999999 0.01171875 0.001953125
8.0 0.78986 0.61182 0.01171875 0.001953125
8.0 0.7902 0.61886 0.01171875 0.001953125
8.0 0.79054 0.6306799999999999 0.0078125 0.001953125
8.0 0.78986 0.65273 0.009765625 0.001953125
8.0 0.7868200000000001 0.6502299999999999 0.009765625 0.00390625
8.0 0.7875000000000001 0.65886 0.009765625 0.00390625
8.0 0.7878400000000001 0.6670499999999999 0.009765625 0.00390625
8.0 0.78851 0.67432 0.009765625 0.00390625
2.0 0.8246600000000001 0.40658999999999995 0.009765625 0.005859375
2.0 0.82331 0.40135999999999994 0.01171875 0.00390625
