7.0 0.6369755820041405 0.3931816062475536 0.05124653739612189 0.05678670360110803
7.0 0.7132816135301353 0.3038760417358468 0.04016620498614958 0.0443213296398892
7.0 0.5135142083679853 0.5612796532948049 0.0817174515235457 0.0886426592797784
7.0 0.6397869825009587 0.2763481835423847 0.018005540166204988 0.019390581717451522
7.0 0.5914032162519225 0.31534438409616916 0.02077562326869806 0.0221606648199446
7.0 0.5099920878709497 0.37845608387814555 0.0221606648199446 0.023545706371191136
7.0 0.44534386732329145 0.42188446976386423 0.018005540166204988 0.02077562326869806
7.0 0.3954965083608213 0.45449503762274385 0.018005540166204988 0.019390581717451522
7.0 0.365232082033737 0.4751845660696307 0.015235457063711912 0.01662049861495845
7.0 0.34598229666437236 0.4857918176528223 0.013850415512465374 0.015235457063711912
7.0 0.33995630610746874 0.4905227357688022 0.0110803324099723 0.012465373961218837
2.0 0.41788834917537937 0.43094275426654416 0.015235457063711912 0.018005540166204988
2.0 0.4719533635354023 0.3941584389485507 0.015235457063711912 0.01662049861495845
2.0 0.5410938283941293 0.3447860262167957 0.012465373961218837 0.015235457063711912
