7 0.86159 0.44837 0.01358 0.05978
7 0.0625 0.40652 0.01428 0.05
7 0.64833 0.42174 0.01045 0.04565
2 0.3649 0.38804 0.00975 0.03696
2 0.29161 0.42554 0.01358 0.05543
2 0.38196 0.48913 0.02019 0.08261
2 0.93001 0.53043 0.02577 0.0913
7 0.47528 0.37717 0.00557 0.03261
2 0.14833 0.38478 0.00836 0.03261
2 0.51602 0.44022 0.01393 0.0587
7 0.40494 0.36304 0.00557 0.02609
2 0.21187 0.38533 0.00801 0.0337
2 0.27646 0.3712 0.00627 0.025
7 0.44882 0.36739 0.00557 0.02609
7 0.54231 0.39674 0.0087 0.03696
7 0.24443 0.36522 0.00557 0.02174
2 0.34244 0.37663 0.00662 0.02935
2 0.42636 0.40924 0.01079 0.04457
2 0.12552 0.375 0.00453 0.02391
2 0.20996 0.3712 0.00348 0.025
2 0.26393 0.39348 0.00975 0.03913
2 0.60707 0.55326 0.03099 0.10652
2 0.66609 0.47772 0.01741 0.07283
7 0.14119 0.37011 0.00522 0.02065
2 0.33774 0.37065 0.00487 0.02391
7 0.33061 0.36522 0.00522 0.02174
8 0.12013 0.35707 0.00348 0.0163
8 0.1788 0.35489 0.00313 0.01413
8 0.24234 0.3538 0.00418 0.0163
8 0.05031 0.36087 0.00313 0.01739
