7.0 0.47374435304961526 0.6043094400741773 0.07451564828614009 0.046199701937406856
7.0 0.4834404426420245 0.47320074508214044 0.04918032786885246 0.03129657228017884
7.0 0.538740568977616 0.29304596025446455 0.038748137108792845 0.02533532041728763
7.0 0.5799493765626322 0.20764215101590863 0.03576751117734724 0.020864381520119227
7.0 0.5099148188196406 0.3747618387259758 0.041728763040238454 0.02533532041728763
8.0 0.3843018384327998 0.4998128870702669 0.014903129657228018 0.007451564828614009
8.0 0.3988548820597003 0.469765754611117 0.013412816691505217 0.007451564828614009
2.0 0.6273246208086364 0.21808634740478192 0.06259314456035768 0.040238450074515646
2.0 0.7997514890109506 0.28204285596356005 0.15350223546944858 0.09687034277198212
2.0 0.6173226258768731 0.32337644552697353 0.07749627421758569 0.04769001490312966
8.0 0.5082468461995235 0.24070278241488716 0.013412816691505217 0.00894187779433681
8.0 0.5216424604223878 0.21551099191732984 0.014903129657228018 0.00894187779433681
8.0 0.5335168866139528 0.18966520604295237 0.014903129657228018 0.00894187779433681
8.0 0.5473299018396504 0.16349008040537324 0.01788375558867362 0.010432190760059613
8.0 0.4281451507885233 0.4018167460494058 0.011922503725782414 0.007451564828614009
8.0 0.41846315254661837 0.425700173356619 0.013412816691505217 0.007451564828614009
8.0 0.4090275407858935 0.44580047248429705 0.014903129657228018 0.00894187779433681
8.0 0.3492174735164068 0.5527440569941751 0.010432190760059613 0.005961251862891207
8.0 0.3627681106636406 0.5240039058929651 0.00894187779433681 0.004470938897168405
8.0 0.3812470610800413 0.48365337631706784 0.010432190760059613 0.005961251862891207
2.0 0.39894784503590563 0.4419529425577096 0.007451564828614009 0.004470938897168405
2.0 0.39858111670673346 0.43963375087908435 0.00894187779433681 0.004470938897168405
2.0 0.32875584486889675 0.5913991848104589 0.007451564828614009 0.004470938897168405
2.0 0.3320771525433298 0.5803915247874971 0.007451564828614009 0.004470938897168405
2.0 0.3383650357089165 0.5751276487973863 0.00894187779433681 0.005961251862891207
2.0 0.35216308508681277 0.5330720330851565 0.007451564828614009 0.004470938897168405
2.0 0.36264879456513094 0.5083692496033201 0.007451564828614009 0.004470938897168405
7.0 0.35025201998246064 0.5471236687740476 0.011922503725782414 0.005961251862891207
7.0 0.3461054517471284 0.5483974632384445 0.00894187779433681 0.004470938897168405
7.0 0.3628664863090541 0.5205889979154582 0.00894187779433681 0.005961251862891207
7.0 0.3774391118403625 0.48838665274308196 0.00894187779433681 0.004470938897168405
7.0 0.39372203226615327 0.45531872625338254 0.00894187779433681 0.007451564828614009
7.0 0.34210076295044833 0.5631436774568312 0.007451564828614009 0.004470938897168405
7.0 0.3679623688507439 0.5000889428507983 0.007451564828614009 0.004470938897168405
2.0 0.3911824461579034 0.44962355859133607 0.007451564828614009 0.004470938897168405
7.0 0.3564868109747383 0.5239405135416136 0.00894187779433681 0.004470938897168405
7.0 0.38685214852711913 0.4672654683137003 0.011922503725782414 0.007451564828614009
7.0 0.3866404548561423 0.46458103786878113 0.00894187779433681 0.004470938897168405
7.0 0.3783818544038614 0.47767078232164 0.007451564828614009 0.004470938897168405
2.0 0.3827747973865479 0.4694307378403491 0.00894187779433681 0.004470938897168405
2.0 0.3738619860964985 0.48513577528623286 0.007451564828614009 0.004470938897168405
2.0 0.34119268972950106 0.561025745579101 0.007451564828614009 0.004470938897168405
