7.0 0.5109710710142 0.5698721020884379 0.09076682316118936 0.046948356807511735
7.0 0.5036502544425085 0.3644354744766357 0.056338028169014086 0.028169014084507043
2.0 0.4925744739682185 0.1921361753701811 0.023474178403755867 0.012519561815336464
2.0 0.48907699909993513 0.1618925154664089 0.02034428794992175 0.010954616588419406
7.0 0.4535896545229927 0.30624860704937223 0.025039123630672927 0.010954616588419406
2.0 0.4281550905784492 0.3000727979820093 0.014084507042253521 0.006259780907668232
7.0 0.475839932767894 0.138155767868167 0.009389671361502348 0.006259780907668232
7.0 0.40976055743735007 0.34535755430630166 0.010954616588419406 0.006259780907668232
7.0 0.4829690063176871 0.26227786215804966 0.03129890453834116 0.017214397496087636
2.0 0.42892798885326894 0.2826637110699284 0.01564945226917058 0.00782472613458529
7.0 0.39423148527384794 0.36934852648620775 0.010954616588419406 0.004694835680751174
7.0 0.4992731076101835 0.27003585124840934 0.03755868544600939 0.02034428794992175
2.0 0.46456165349261974 0.19888792437299085 0.01564945226917058 0.00782472613458529
2.0 0.4167244028746343 0.3076713864073154 0.009389671361502348 0.004694835680751174
7.0 0.4869204504174815 0.13468970629472357 0.01564945226917058 0.00782472613458529
7.0 0.40932699209487766 0.3571896775132914 0.010954616588419406 0.006259780907668232
7.0 0.40980446984014973 0.3675492017825488 0.014084507042253521 0.00782472613458529
7.0 0.39938118535107825 0.3554643834676072 0.012519561815336464 0.006259780907668232
7.0 0.4319737212223302 0.341214693528537 0.02190923317683881 0.010954616588419406
2.0 0.4631869469240407 0.1914631033498263 0.014084507042253521 0.006259780907668232
2.0 0.4084914474507658 0.3271733475551368 0.010954616588419406 0.006259780907668232
7.0 0.4930656993528858 0.13393760898397036 0.01564945226917058 0.00782472613458529
2.0 0.44934030556641236 0.19802980872027254 0.012519561815336464 0.004694835680751174
2.0 0.46167052389401547 0.25153505665711173 0.02034428794992175 0.010954616588419406
2.0 0.44493470970834975 0.283912754585171 0.017214397496087636 0.009389671361502348
2.0 0.4669278847823725 0.20602938112902922 0.017214397496087636 0.00782472613458529
7.0 0.4736117388325014 0.14097680614145097 0.010954616588419406 0.006259780907668232
7.0 0.4156715798377021 0.3677342611946327 0.017214397496087636 0.009389671361502348
7.0 0.4567641127232258 0.1737476296422884 0.009389671361502348 0.004694835680751174
2.0 0.4319150958527369 0.24609099015031183 0.012519561815336464 0.006259780907668232
7.0 0.41299157677804443 0.3288424270589247 0.014084507042253521 0.00782472613458529
2.0 0.4337700721517695 0.29960264882897847 0.01564945226917058 0.00782472613458529
7.0 0.4661602396590709 0.15342827812184928 0.012519561815336464 0.006259780907668232
2.0 0.4591740854694718 0.18820024244868247 0.010954616588419406 0.004694835680751174
2.0 0.4407916850898136 0.22152403069579746 0.009389671361502348 0.004694835680751174
