7.0 0.3963533321026044 0.2512929063158957 0.06432748538011696 0.04239766081871345
7.0 0.47931146888938936 0.4371599992140236 0.06286549707602339 0.04239766081871345
7.0 0.5140612185498178 0.2921812505409218 0.024853801169590642 0.01608187134502924
2.0 0.5567704006027819 0.6052633837092934 0.06286549707602339 0.04239766081871345
7.0 0.49624714069026254 0.28072372386387806 0.03216374269005848 0.02046783625730994
7.0 0.47433322119292093 0.2905373904593915 0.04093567251461988 0.027777777777777776
7.0 0.5636194025335796 0.4318517408073929 0.029239766081871343 0.02046783625730994
7.0 0.5778983985168736 0.43141675591390466 0.023391812865497075 0.014619883040935672
7.0 0.5392103209364187 0.32704477167456225 0.024853801169590642 0.01608187134502924
2.0 0.4547645383210609 0.17524955889433896 0.033625730994152045 0.021929824561403508
7.0 0.539594517765031 0.4326927675785737 0.038011695906432746 0.024853801169590642
2.0 0.5899115035346454 0.5432856931016878 0.04093567251461988 0.02631578947368421
7.0 0.5767079064593039 0.4122761053730212 0.02046783625730994 0.013157894736842105
2.0 0.6015913671552212 0.51989984329031 0.029239766081871343 0.019005847953216373
2.0 0.6096935940424598 0.4743401939746073 0.017543859649122806 0.011695906432748537
2.0 0.5612926474505754 0.3500538770883743 0.017543859649122806 0.011695906432748537
7.0 0.5642413016089899 0.37558259082238543 0.02046783625730994 0.013157894736842105
2.0 0.5870790067904226 0.41127363875414674 0.01608187134502924 0.008771929824561403
2.0 0.4855316222152279 0.21142053610823403 0.023391812865497075 0.01608187134502924
2.0 0.4469593476191965 0.8580418438468512 0.11257309941520467 0.07163742690058479
2.0 0.6104014559447903 0.5027024190407711 0.024853801169590642 0.01608187134502924
2.0 0.5274610199237293 0.28347205788684826 0.021929824561403508 0.013157894736842105
7.0 0.226061141197304 0.40235010593842246 0.11257309941520467 0.07017543859649122
