7.0 0.7635202880363935 0.5917650409169113 0.03404255319148936 0.02553191489361702
2.0 0.7151168985170133 0.6141151238709276 0.059574468085106386 0.04680851063829787
2.0 0.691909304872373 0.49950225535762394 0.03687943262411347 0.028368794326241134
7.0 0.7998790175533594 0.5873889847657077 0.019858156028368795 0.01702127659574468
8.0 0.52986268546284 0.3109310822824183 0.04397163120567376 0.03404255319148936
8.0 0.6119349881425664 0.4489895499262812 0.05390070921985816 0.04113475177304964
7.0 0.7754273807869007 0.5631552500447508 0.02269503546099291 0.01702127659574468
2.0 0.8123360256399075 0.5886996088875361 0.018439716312056736 0.014184397163120567
7.0 0.7606333599895496 0.5603247933820967 0.028368794326241134 0.019858156028368795
2.0 0.8574903786820893 0.6527662383464742 0.018439716312056736 0.014184397163120567
8.0 0.5039230821815632 0.425091301398535 0.08652482269503546 0.06382978723404255
7.0 0.6466477543908308 0.699683531958996 0.10921985815602837 0.0851063829787234
2.0 0.7079023759048393 0.4811590887746354 0.02695035460992908 0.019858156028368795
7.0 0.7998495595063596 0.6878935970921333 0.04964539007092199 0.03971631205673759
2.0 0.7375077032470783 0.49948344511972337 0.02127659574468085 0.01702127659574468
8.0 0.41157782383816494 0.23560443984239546 0.06808510638297872 0.05390070921985816
7.0 0.8298912355700431 0.6257293148859653 0.019858156028368795 0.015602836879432624
2.0 0.7730094086917324 0.5384270554173104 0.018439716312056736 0.014184397163120567
1.0 0.44644599750396324 0.18415180403117337 0.03546099290780142 0.02695035460992908
