7.0 0.40632716043731454 0.41379861868097684 0.059474412171507604 0.056708160442600276
2.0 0.5850018618693372 0.7675362013154033 0.1037344398340249 0.09820193637621023
2.0 0.5717112076662383 0.5940260581759962 0.058091286307053944 0.05532503457814661
2.0 0.6536374430962189 0.5642272517937289 0.02351313969571231 0.022130013831258646
7.0 0.7420308663283308 0.6531906300413376 0.019363762102351315 0.017980636237897647
7.0 0.44359242332747095 0.3890403125771934 0.03872752420470263 0.035961272475795295
2.0 0.7395495381750183 0.6837933715371182 0.029045643153526972 0.027662517289073305
7.0 0.5221447924066794 0.4095539022617987 0.022130013831258646 0.02074688796680498
7.0 0.5988859578832487 0.4821365674013108 0.019363762102351315 0.017980636237897647
7.0 0.6337901385742867 0.5220445828056454 0.017980636237897647 0.017980636237897647
7.0 0.5630626045975238 0.44637235378406687 0.019363762102351315 0.017980636237897647
2.0 0.6971459522043011 0.6194486527317762 0.02351313969571231 0.022130013831258646
7.0 0.20130739133533554 0.46965923318878217 0.08160442600276625 0.07607192254495158
2.0 0.5658318512904084 0.47705972199378893 0.02627939142461964 0.024896265560165973
7.0 0.4775485313381152 0.3767145876943353 0.027662517289073305 0.02627939142461964
7.0 0.6759859781749171 0.5706434701868437 0.017980636237897647 0.016597510373443983
2.0 0.5592464145490615 0.5077081210407649 0.03734439834024896 0.034578146611341634
2.0 0.6094509016854696 0.5134280493606694 0.02351313969571231 0.022130013831258646
8.0 0.691214317015831 0.5536156372411203 0.009681881051175657 0.009681881051175657
8.0 0.6785103495512138 0.5395064519869335 0.009681881051175657 0.008298755186721992
8.0 0.6662564137408254 0.5253255797654983 0.009681881051175657 0.008298755186721992
8.0 0.5690512708316463 0.4116110208327611 0.008298755186721992 0.006915629322268326
8.0 0.5552808677799247 0.39747101767003556 0.009681881051175657 0.008298755186721992
8.0 0.5439417211560239 0.38544911727655246 0.009681881051175657 0.008298755186721992
8.0 0.5306596544632518 0.37069788778476365 0.009681881051175657 0.008298755186721992
8.0 0.5135389914183802 0.3522655461912099 0.009681881051175657 0.009681881051175657
8.0 0.6537943796854522 0.5103315099826147 0.009681881051175657 0.009681881051175657
