2.0 0.4656507011125314 0.31534073126783596 0.03255813953488372 0.015503875968992248
2.0 0.4604416100234195 0.38441809075723204 0.040310077519379844 0.020155038759689922
2.0 0.5935908972872085 0.4199771056885852 0.10232558139534884 0.05426356589147287
2.0 0.47643359105902144 0.4510777588809983 0.05736434108527132 0.03255813953488372
7.0 0.3519512066552615 0.6484976226398549 0.03255813953488372 0.017054263565891473
2.0 0.4601656306069367 0.2875508583857772 0.02635658914728682 0.013953488372093023
7.0 0.4223776098752777 0.7626327324718811 0.08062015503875969 0.04806201550387597
7.0 0.39896694171078967 0.5401206992826509 0.037209302325581395 0.018604651162790697
7.0 0.4192226605886002 0.4442573528076586 0.031007751937984496 0.017054263565891473
7.0 0.4194296321571847 0.40174915220127405 0.023255813953488372 0.012403100775193798
7.0 0.40220017802213914 0.42405328205639903 0.020155038759689922 0.010852713178294573
2.0 0.4130382681647766 0.3739485874031469 0.018604651162790697 0.009302325581395349
7.0 0.35710795724729083 0.583768471398366 0.02635658914728682 0.015503875968992248
2.0 0.3513757084983602 0.5204423923726159 0.013953488372093023 0.006201550387596899
2.0 0.33175292201243073 0.6464419071797828 0.024806201550387597 0.012403100775193798
2.0 0.3201937860725245 0.7239141650405256 0.031007751937984496 0.017054263565891473
2.0 0.345692109566228 0.5630574358081992 0.018604651162790697 0.010852713178294573
2.0 0.3399331684416717 0.5947558285427929 0.020155038759689922 0.010852713178294573
7.0 0.38033380979188003 0.45225412456224073 0.013953488372093023 0.007751937984496124
7.0 0.3610373624251798 0.53956518397924 0.020155038759689922 0.009302325581395349
7.0 0.36244460288614283 0.5142985393711429 0.015503875968992248 0.009302325581395349
7.0 0.38444910018652795 0.43121432154051964 0.013953488372093023 0.007751937984496124
7.0 0.38546606483744295 0.45043286214391265 0.017054263565891473 0.007751937984496124
2.0 0.43687242941501403 0.32851728273144765 0.020155038759689922 0.010852713178294573
2.0 0.4030450504791907 0.38654323375178906 0.018604651162790697 0.009302325581395349
7.0 0.34600469577068993 0.7533671808448293 0.046511627906976744 0.024806201550387597
7.0 0.39357789302249024 0.6390617566444186 0.04806201550387597 0.024806201550387597
7.0 0.36423727866375305 0.4948327440563472 0.015503875968992248 0.007751937984496124
7.0 0.36607178310700617 0.48219962271047945 0.013953488372093023 0.007751937984496124
7.0 0.36723860102496875 0.47023428489006724 0.013953488372093023 0.007751937984496124
7.0 0.3680036096280931 0.46089273328444125 0.012403100775193798 0.006201550387596899
7.0 0.36858776696186424 0.45352061681203976 0.010852713178294573 0.006201550387596899
7.0 0.36970469735485467 0.4458959377676534 0.009302325581395349 0.004651162790697674
7.0 0.39354949857629806 0.396244765870029 0.013953488372093023 0.007751937984496124
7.0 0.39666200148906294 0.3796783696740098 0.012403100775193798 0.007751937984496124
2.0 0.34875673109104843 0.5368770175467509 0.017054263565891473 0.009302325581395349
2.0 0.3542215061179083 0.5061096628256662 0.012403100775193798 0.006201550387596899
2.0 0.35603441192343327 0.4949301595529847 0.010852713178294573 0.006201550387596899
2.0 0.3579215755590853 0.48493494633787376 0.010852713178294573 0.004651162790697674
2.0 0.35935936718727124 0.47493561365078374 0.012403100775193798 0.006201550387596899
2.0 0.36249624040519113 0.4638941662883607 0.009302325581395349 0.004651162790697674
2.0 0.40500124730543247 0.37076129315934714 0.013953488372093023 0.007751937984496124
2.0 0.3966981586800859 0.3655928948384626 0.007751937984496124 0.004651162790697674
2.0 0.4019859384673164 0.35350590280080424 0.009302325581395349 0.004651162790697674
2.0 0.4103912551147174 0.3499854340977559 0.013953488372093023 0.007751937984496124
2.0 0.4090830241732994 0.3456375134055641 0.012403100775193798 0.006201550387596899
2.0 0.40531984626064893 0.35023228689279684 0.007751937984496124 0.004651162790697674
2.0 0.38307912938344996 0.4005465477324675 0.007751937984496124 0.0031007751937984496
2.0 0.391027715243635 0.37885760448960193 0.007751937984496124 0.0031007751937984496
7.0 0.38345605900568525 0.40357359840114915 0.009302325581395349 0.004651162790697674
7.0 0.38862788043691204 0.3904306573279023 0.010852713178294573 0.004651162790697674
7.0 0.39257945909079695 0.3838689016795554 0.010852713178294573 0.004651162790697674
7.0 0.3748179974269313 0.4273588418549027 0.010852713178294573 0.004651162790697674
2.0 0.3760874902020311 0.42065176838013113 0.007751937984496124 0.0031007751937984496
7.0 0.611963138156143 0.8967387706083016 0.09612403100775194 0.05116279069767442
