2.0 0.91121 0.37337 0.0078125 0.029296875
2.0 0.07521 0.31848 0.0234375 0.068359375
2.0 0.85306 0.34239 0.005859375 0.021484375
2.0 0.27298 0.40217 0.025390625 0.091796875
2.0 0.61107 0.28533 0.00390625 0.017578125
7.0 0.8696 0.33967 0.005859375 0.017578125
2.0 0.40442 0.50978 0.03515625 0.130859375
2.0 0.72406 0.31304 0.005859375 0.01953125
2.0 0.87657 0.35054 0.005859375 0.0234375
7.0 0.63597 0.28207 0.00390625 0.01953125
2.0 0.68263 0.30326 0.00390625 0.021484375
7.0 0.74878 0.31359 0.00390625 0.01953125
7.0 0.65198 0.28913 0.00390625 0.013671875
7.0 0.6915 0.29946 0.005859375 0.01953125
2.0 0.88475 0.36087 0.005859375 0.025390625
7.0 0.66818 0.29348 0.00390625 0.017578125
2.0 0.58374 0.27772 0.005859375 0.015625
7.0 0.71814 0.30652 0.00390625 0.017578125
2.0 0.64136 0.75924 0.0390625 0.177734375
2.0 0.78447 0.32609 0.005859375 0.01953125
7.0 0.78969 0.32174 0.00390625 0.017578125
2.0 0.64136 0.29402 0.00390625 0.01953125
9.0 0.21936 0.20489 0.00390625 0.017578125
9.0 0.22615 0.20489 0.00390625 0.021484375
2.0 0.22284 0.2087 0.001953125 0.009765625
9.0 0.25174 0.20761 0.001953125 0.017578125
9.0 0.25783 0.20815 0.001953125 0.01953125
7.0 0.2547 0.21141 0.00390625 0.01171875
2.0 0.26358 0.2163 0.001953125 0.013671875
2.0 0.0632 0.18152 0.00390625 0.013671875
2.0 0.09714 0.18587 0.00390625 0.013671875
2.0 0.12308 0.19076 0.001953125 0.01171875
2.0 0.19081 0.20272 0.00390625 0.01171875
2.0 0.29196 0.2212 0.00390625 0.013671875
2.0 0.32782 0.22717 0.001953125 0.013671875
2.0 0.37343 0.2337 0.00390625 0.01171875
7.0 0.40268 0.23641 0.001953125 0.013671875
2.0 0.41086 0.23913 0.00390625 0.015625
2.0 0.43942 0.24293 0.001953125 0.013671875
2.0 0.45926 0.24511 0.001953125 0.01171875
2.0 0.4718 0.24565 0.00390625 0.013671875
2.0 0.48155 0.24674 0.00390625 0.01171875
2.0 0.50087 0.24891 0.00390625 0.01171875
2.0 0.55693 0.26033 0.001953125 0.01171875
2.0 0.56442 0.26957 0.001953125 0.013671875
2.0 0.57016 0.27228 0.001953125 0.015625
2.0 0.57364 0.26413 0.001953125 0.013671875
7.0 0.62848 0.28098 0.00390625 0.013671875
7.0 0.58931 0.26467 0.00390625 0.01171875
7.0 0.61438 0.2712 0.00390625 0.01171875
7.0 0.63196 0.27554 0.00390625 0.01171875
2.0 0.58374 0.26739 0.001953125 0.013671875
7.0 0.55954 0.25924 0.00390625 0.009765625
2.0 0.53865 0.25598 0.001953125 0.013671875
2.0 0.52246 0.25272 0.00390625 0.01171875
7.0 0.4859 0.24565 0.001953125 0.01171875
7.0 0.45317 0.24022 0.001953125 0.009765625
7.0 0.43036 0.23804 0.00390625 0.009765625
7.0 0.41522 0.2375 0.00390625 0.01171875
7.0 0.38283 0.2337 0.001953125 0.01171875
7.0 0.36229 0.23043 0.00390625 0.013671875
7.0 0.33722 0.22663 0.001953125 0.013671875
7.0 0.31354 0.22228 0.00390625 0.01171875
7.0 0.18889 0.2 0.001953125 0.01171875
7.0 0.15268 0.19348 0.001953125 0.009765625
2.0 0.15547 0.19728 0.00390625 0.013671875
7.0 0.10759 0.18696 0.001953125 0.01171875
7.0 0.05675 0.17935 0.001953125 0.009765625
