7 0.80031 0.3038 0.01636 0.0663
7 0.38092 0.36576 0.02368 0.07283
7 0.20508 0.33152 0.01184 0.04565
7 0.24217 0.35543 0.01706 0.06087
7 0.22806 0.30543 0.00975 0.03913
7 0.65338 0.2288 0.00662 0.02717
2 0.19446 0.49402 0.03656 0.12065
7 0.40773 0.2538 0.00627 0.02717
7 0.59923 0.34674 0.02159 0.07826
2 0.68924 0.21793 0.00662 0.025
7 0.72876 0.22935 0.00766 0.03043
7 0.79405 0.23533 0.0087 0.03587
7 0.49095 0.2413 0.00557 0.02609
2 0.10272 0.32283 0.00975 0.03913
7 0.57608 0.23261 0.00592 0.02609
2 0.19708 0.29076 0.00766 0.02935
2 0.59001 0.22337 0.00592 0.02283
2 0.88736 0.22065 0.00731 0.03261
7 0.34523 0.26739 0.00731 0.02826
2 0.48276 0.23424 0.00522 0.02283
7 0.2796 0.28478 0.00905 0.03261
8 0.90303 0.2 0.00453 0.02391
2 0.29265 0.26685 0.00662 0.025
2 0.70909 0.46957 0.03308 0.13478
2 0.37604 0.25054 0.00557 0.02283
8 0.90947 0.19022 0.00348 0.01957
8 0.93959 0.18098 0.00313 0.01848
8 0.89328 0.21359 0.00592 0.02935
2 0.79074 0.21685 0.00487 0.02717
8 0.91417 0.18261 0.00313 0.01739
7 0.84053 0.24891 0.00627 0.04348
9 0.85585 0.25 0.00905 0.07826
7 0.85481 0.27065 0.00766 0.05217
9 0.84593 0.26141 0.01636 0.08804
1 0.93263 0.17772 0.00174 0.01413
