7.0 0.2146880420076328 0.5650255852716473 0.01744186046511628 0.02616279069767442
2.0 0.4949212477267267 0.5425363034482511 0.059593023255813955 0.08430232558139535
2.0 0.30275401418117454 0.5446674242935081 0.02616279069767442 0.0377906976744186
7.0 0.7282000603443939 0.30519892187380315 0.02180232558139535 0.030523255813953487
2.0 0.704555409261179 0.3580970603461937 0.03343023255813953 0.046511627906976744
2.0 0.4362403069041803 0.4230901328105266 0.011627906976744186 0.0188953488372093
2.0 0.6467410741420664 0.3585060003317824 0.024709302325581394 0.036337209302325583
2.0 0.277128272496987 0.5400260900945835 0.023255813953488372 0.03197674418604651
2.0 0.36778979750637647 0.46568483779686115 0.014534883720930232 0.02180232558139535
2.0 0.30821568453682646 0.508292034927649 0.01744186046511628 0.024709302325581394
2.0 0.7190315807263351 0.5608873718206584 0.09011627906976744 0.13226744186046513
2.0 0.37710105269979943 0.5444624688772136 0.040697674418604654 0.056686046511627904
7.0 0.3141689670685857 0.48801140276436644 0.01308139534883721 0.0188953488372093
7.0 0.6536985806542472 0.32364024148575127 0.014534883720930232 0.023255813953488372
7.0 0.6253434152058458 0.3299194729451729 0.011627906976744186 0.0188953488372093
7.0 0.5865314044852327 0.3410673624530872 0.01308139534883721 0.0188953488372093
2.0 0.6078975748890802 0.36331391345787273 0.02180232558139535 0.029069767441860465
2.0 0.5737824637388883 0.3679927418156128 0.0188953488372093 0.023255813953488372
2.0 0.548824794376136 0.36980969470586045 0.014534883720930232 0.020348837209302327
7.0 0.5348008442922941 0.3642515651904036 0.011627906976744186 0.015988372093023256
7.0 0.48908847980667836 0.3875431782523901 0.010174418604651164 0.014534883720930232
7.0 0.44715870225814397 0.40799707772201577 0.01308139534883721 0.01744186046511628
2.0 0.5010813269613958 0.38596775943961464 0.014534883720930232 0.020348837209302327
7.0 0.2687805421439134 0.5202167966201109 0.01308139534883721 0.020348837209302327
7.0 0.40264363187587104 0.4324910653385482 0.01308139534883721 0.01744186046511628
8.0 0.7210458622095884 0.2589147446489789 0.010174418604651164 0.014534883720930232
8.0 0.6808130481247484 0.2766832194810047 0.010174418604651164 0.01308139534883721
8.0 0.6542696312583858 0.2879443209763596 0.00872093023255814 0.01308139534883721
8.0 0.6330971509868192 0.29691145993765605 0.00872093023255814 0.010174418604651164
8.0 0.22827028190695936 0.5163441120977325 0.010174418604651164 0.01308139534883721
8.0 0.24141223030360928 0.5087459178459609 0.00872093023255814 0.011627906976744186
8.0 0.2534929423580308 0.5007697090402338 0.00872093023255814 0.011627906976744186
