7 0.12396 0.43261 0.01671 0.06304
2 0.86751 0.48478 0.02472 0.08696
7 0.06093 0.51304 0.02368 0.10217
7 0.85341 0.42065 0.01323 0.05435
7 0.27524 0.36467 0.00801 0.03152
2 0.61386 0.43261 0.0188 0.06087
7 0.77698 0.36141 0.00801 0.02935
2 0.41365 0.36685 0.00766 0.03152
7 0.75783 0.37717 0.00801 0.03478
7 0.67984 0.34076 0.00383 0.02065
2 0.38266 0.44239 0.01671 0.06522
2 0.50313 0.50435 0.02159 0.09348
7 0.33357 0.35163 0.00557 0.025
7 0.21744 0.38913 0.01079 0.04348
7 0.51097 0.33641 0.00453 0.01848
2 0.46797 0.34565 0.00557 0.02174
2 0.60167 0.37283 0.00836 0.03261
2 0.43733 0.35326 0.00557 0.02609
2 0.54997 0.39457 0.0101 0.04348
7 0.74756 0.34891 0.00557 0.02391
7 0.70961 0.39348 0.00975 0.0413
2 0.4079 0.39185 0.0101 0.04239
2 0.59767 0.34348 0.00522 0.02174
2 0.65059 0.35978 0.00592 0.02826
7 0.37291 0.34185 0.00487 0.02065
2 0.52437 0.34293 0.00487 0.02065
7 0.43001 0.33804 0.00487 0.01957
2 0.75261 0.6337 0.04631 0.15652
2 0.65494 0.35 0.00418 0.02391
7 0.59575 0.3375 0.00487 0.01848
