8 0.75592 0.28098 0.01602 0.0663
8 0.81563 0.1962 0.00801 0.03152
8 0.64206 0.45 0.0383 0.13913
8 0.79631 0.22446 0.01114 0.04457
8 0.83583 0.16848 0.00453 0.02174
2 0.14119 0.2163 0.00313 0.01087
8 0.82817 0.17989 0.00592 0.025
7 0.07016 0.22446 0.00313 0.00978
7 0.08426 0.22554 0.00279 0.00978
7 0.08966 0.2212 0.00244 0.00978
7 0.10742 0.22228 0.00383 0.01196
2 0.12308 0.21902 0.00313 0.00978
2 0.12639 0.2163 0.00209 0.01087
2 0.16417 0.21359 0.00313 0.01196
7 0.15912 0.21087 0.00279 0.0087
2 0.18193 0.20815 0.00244 0.00978
2 0.19446 0.20815 0.00244 0.00978
2 0.20265 0.20543 0.00348 0.01087
7 0.20491 0.20163 0.00313 0.01196
7 0.18942 0.20978 0.00279 0.01087
8 0.84123 0.16087 0.00348 0.01522
