7 0.37221 0.5 0.0195 0.08478
7 0.44882 0.38913 0.00836 0.03913
7 0.42584 0.42554 0.01184 0.05326
7 0.12848 0.7837 0.03203 0.12826
2 0.62134 0.38859 0.00731 0.04022
2 0.73903 0.36359 0.00801 0.02935
7 0.68158 0.35163 0.00592 0.025
7 0.58513 0.35978 0.00662 0.02609
7 0.93837 0.34946 0.00766 0.02717
7 0.79561 0.34891 0.00696 0.02391
2 0.65564 0.3712 0.00836 0.03152
7 0.51079 0.37011 0.00696 0.02935
2 0.84471 0.36087 0.00836 0.03043
2 0.62726 0.41902 0.01288 0.05326
2 0.69255 0.48859 0.02437 0.0837
