7.0 0.3907966806781258 0.4673679017727784 0.06925207756232687 0.07479224376731301
2.0 0.6056034541965074 0.6888249882212686 0.07617728531855955 0.08310249307479224
2.0 0.6268722255283984 0.5597367115953417 0.027700831024930747 0.030470914127423823
2.0 0.6537317724210651 0.5621411984314861 0.0221606648199446 0.024930747922437674
7.0 0.6894911191577363 0.5661652279110616 0.015235457063711912 0.01662049861495845
7.0 0.5395508534729075 0.4603388658774475 0.024930747922437674 0.027700831024930747
7.0 0.48780000225144765 0.45211992271919255 0.0332409972299169 0.036011080332409975
7.0 0.6431444963010989 0.5269009106479255 0.01662049861495845 0.018005540166204988
2.0 0.7281128160617131 0.6165859685682131 0.019390581717451522 0.019390581717451522
2.0 0.6907093135759725 0.5850957872381919 0.019390581717451522 0.02077562326869806
2.0 0.7621739971861375 0.647219088922741 0.018005540166204988 0.019390581717451522
7.0 0.5916230357657138 0.48925511095048374 0.018005540166204988 0.02077562326869806
2.0 0.6096373503056347 0.5876483801597426 0.04016620498614958 0.04293628808864266
7.0 0.7314507762641846 0.6031475969143559 0.015235457063711912 0.01662049861495845
7.0 0.7834043198710472 0.6600553908854282 0.013850415512465374 0.013850415512465374
