7.0 0.4969684388352249 0.1803840965140877 0.06554878048780488 0.036585365853658534
2.0 0.5861321169529838 0.4712501816462708 0.053353658536585365 0.028963414634146343
7.0 0.5736334533055599 0.29303068409261424 0.04420731707317073 0.024390243902439025
2.0 0.6729582813146033 0.713522757343103 0.03048780487804878 0.01524390243902439
2.0 0.6444367803029418 0.5830626616718512 0.036585365853658534 0.019817073170731708
7.0 0.6145589339093466 0.3868742694547114 0.03353658536585366 0.018292682926829267
2.0 0.6574204584170362 0.628661696611859 0.03048780487804878 0.01676829268292683
2.0 0.5409433456064027 0.4599396401444478 0.0701219512195122 0.038109756097560975
7.0 0.6797128960105668 0.6539454451566307 0.021341463414634148 0.010670731707317074
2.0 0.616738821222769 0.5069631445340983 0.041158536585365856 0.022865853658536585
7.0 0.6427507594072314 0.4779769956188477 0.025914634146341462 0.013719512195121951
2.0 0.45032218356254766 0.5247341744534272 0.11890243902439024 0.06707317073170732
7.0 0.6626040495687459 0.5622806596029054 0.025914634146341462 0.013719512195121951
7.0 0.7215630674875069 0.7788316988531114 0.013719512195121951 0.007621951219512195
7.0 0.6934432967066528 0.7511838061560225 0.024390243902439025 0.013719512195121951
7.0 0.7252697420048511 0.7828315005229252 0.013719512195121951 0.007621951219512195
