2 0.17932 0.38913 0.02159 0.0913
2 0.14467 0.24565 0.00731 0.03043
2 0.06546 0.34511 0.02019 0.075
2 0.16156 0.21793 0.00487 0.01848
2 0.69951 0.27717 0.00418 0.01522
7 0.1351 0.20652 0.00418 0.01522
7 0.3031 0.21685 0.00313 0.01196
2 0.08548 0.25217 0.0101 0.03696
2 0.19116 0.23098 0.00348 0.02283
2 0.17392 0.21413 0.00313 0.01739
2 0.78708 0.28261 0.00313 0.01304
2 0.23155 0.21522 0.00348 0.01522
2 0.49617 0.24946 0.00348 0.0163
2 0.30728 0.22065 0.00313 0.01304
2 0.19829 0.21467 0.00313 0.0163
2 0.42671 0.23641 0.00313 0.0163
2 0.26758 0.21685 0.00313 0.01413
2 0.35707 0.22609 0.00313 0.01522
2 0.34714 0.47554 0.02646 0.11848
2 0.76062 0.27935 0.00244 0.01304
7 0.06685 0.2212 0.00557 0.025
2 0.72458 0.2788 0.00279 0.01413
7 0.50818 0.2462 0.00244 0.01413
2 0.38701 0.22989 0.00313 0.01413
2 0.53482 0.25707 0.00279 0.0163
2 0.60985 0.2663 0.00383 0.01739
2 0.46448 0.24348 0.00348 0.01522
2 0.82051 0.28696 0.00313 0.01304
7 0.71222 0.26902 0.00313 0.01196
7 0.09384 0.20598 0.00383 0.01848
7 0.41347 0.22935 0.00244 0.01304
7 0.18889 0.20815 0.00313 0.01413
7 0.64624 0.26576 0.00348 0.01413
7 0.62239 0.26359 0.00313 0.01413
2 0.74234 0.27772 0.00348 0.01413
2 0.89955 0.30163 0.00313 0.01196
7 0.75209 0.27391 0.00279 0.01304
2 0.94098 0.30924 0.00313 0.01413
7 0.24547 0.2125 0.00348 0.01413
7 0.59384 0.25978 0.00383 0.01522
7 0.80153 0.28207 0.00279 0.01196
7 0.56058 0.25489 0.00279 0.01413
7 0.68297 0.26685 0.00313 0.01413
7 0.91313 0.30054 0.00313 0.01196
7 0.3609 0.22337 0.00313 0.01413
2 0.18733 0.23696 0.00487 0.02609
2 0.60463 0.67609 0.05258 0.20435
7 0.05432 0.20924 0.00418 0.02283
7 0.05205 0.225 0.00592 0.02609
7 0.06163 0.2163 0.00418 0.02174
2 0.17044 0.22283 0.00522 0.02174
7 0.46292 0.23696 0.00313 0.01522
7 0.53569 0.25163 0.00313 0.0163
7 0.66243 0.26576 0.00313 0.0163
2 0.6626 0.27446 0.00557 0.01848
7 0.85463 0.29022 0.00244 0.01304
2 0.85916 0.29293 0.00244 0.01196
