7 0.88492 0.4288 0.03517 0.12065
7 0.93019 0.37065 0.02472 0.09565
7 0.81598 0.26793 0.01079 0.04674
7 0.7937 0.21522 0.00592 0.02609
7 0.93036 0.20054 0.00557 0.02283
7 0.91017 0.3163 0.0188 0.06957
7 0.74391 0.24293 0.00801 0.03587
2 0.90251 0.22717 0.00905 0.03261
2 0.91626 0.21848 0.00801 0.02826
7 0.76288 0.22663 0.00696 0.02935
7 0.85219 0.20707 0.00592 0.02283
7 0.86995 0.28587 0.01428 0.05652
2 0.92566 0.23859 0.0094 0.03804
7 0.65338 0.5875 0.05258 0.19239
7 0.11699 0.76033 0.03621 0.17283
