7 0.3757 0.57717 0.03482 0.12609
7 0.52124 0.39076 0.01184 0.04022
7 0.45352 0.47337 0.02263 0.07717
7 0.49582 0.42826 0.01393 0.05652
2 0.76462 0.49348 0.02507 0.08696
2 0.89955 0.6587 0.05606 0.17174
2 0.71118 0.43098 0.01497 0.05761
7 0.53795 0.3712 0.00766 0.03152
7 0.90355 0.3538 0.00487 0.02283
2 0.87082 0.36359 0.00696 0.025
7 0.54735 0.35924 0.00696 0.025
2 0.80014 0.34783 0.00557 0.02174
2 0.67775 0.39293 0.01149 0.04239
2 0.66173 0.37228 0.00801 0.02935
2 0.65198 0.36033 0.00662 0.025
7 0.56128 0.34293 0.00418 0.01848
2 0.63875 0.34293 0.00383 0.01848
2 0.6445 0.35109 0.00418 0.02174
2 0.80658 0.35435 0.00522 0.02174
2 0.63318 0.33804 0.00244 0.01522
7 0.55571 0.35 0.00348 0.01957
