2 0.63022 0.52011 0.02786 0.11848
7 0.72093 0.31902 0.00592 0.025
2 0.51724 0.29239 0.00592 0.02826
2 0.34018 0.42609 0.02159 0.09783
2 0.69986 0.325 0.00696 0.03043
8 0.14815 0.23261 0.00522 0.02609
7 0.27455 0.26141 0.00731 0.03152
2 0.34976 0.28043 0.00731 0.03478
9 0.22267 0.31793 0.01358 0.10543
7 0.49443 0.27989 0.00487 0.025
2 0.789 0.34783 0.00696 0.03261
7 0.83861 0.34728 0.00801 0.02717
2 0.27977 0.28804 0.01079 0.0413
2 0.88423 0.37826 0.0094 0.03696
7 0.17114 0.26359 0.0087 0.03587
7 0.38179 0.26739 0.00592 0.02609
8 0.08235 0.20707 0.00383 0.01848
7 0.60672 0.29674 0.00453 0.02391
2 0.42949 0.2837 0.00662 0.03043
8 0.13127 0.21141 0.00348 0.01848
8 0.13875 0.22011 0.00453 0.02283
8 0.10881 0.20924 0.00313 0.01848
2 0.94481 0.55543 0.01219 0.10435
8 0.16173 0.25163 0.00731 0.0337
8 0.05397 0.20326 0.00348 0.01957
9 0.24774 0.33859 0.02611 0.12283
2 0.60898 0.30707 0.00557 0.02717
2 0.23033 0.34891 0.01497 0.06739
2 0.23294 0.30598 0.00905 0.05109
1 0.07486 0.20109 0.00279 0.01739
1 0.17758 0.20978 0.00279 0.01522
1 0.13875 0.2087 0.00244 0.01522
1 0.55989 0.2663 0.00209 0.01522
1 0.52002 0.26359 0.00244 0.0163
1 0.47145 0.25217 0.00209 0.01522
1 0.42758 0.24185 0.00209 0.01413
