2.0 0.40598155637115496 0.2744563168130458 0.02824858757062147 0.03531073446327684
7.0 0.5088417898423332 0.3557838506988715 0.038135593220338986 0.046610169491525424
7.0 0.5112456802667231 0.3268808142784624 0.026836158192090395 0.03531073446327684
7.0 0.577053620779772 0.43382191404554815 0.04943502824858757 0.0635593220338983
7.0 0.7732962360745965 0.5856312223230448 0.06497175141242938 0.08050847457627118
7.0 0.5861387316849793 0.3366197495195361 0.01977401129943503 0.02401129943502825
7.0 0.5419981867362949 0.3252948749977083 0.022598870056497175 0.02824858757062147
2.0 0.6716066613338997 0.36634990156024094 0.012711864406779662 0.01694915254237288
7.0 0.7939850581302119 0.4462889896537301 0.01694915254237288 0.0211864406779661
2.0 0.3466038180746754 0.2935389809118898 0.04096045197740113 0.05367231638418079
7.0 0.8603760395774657 0.4922234331697588 0.01977401129943503 0.025423728813559324
2.0 0.3513618390611778 0.4161228095160911 0.08050847457627118 0.10310734463276836
7.0 0.6851844914340448 0.3821949807867965 0.015536723163841809 0.01977401129943503
2.0 0.606076614843615 0.33410698906221276 0.012711864406779662 0.01694915254237288
7.0 0.7318820344537635 0.4083041998512437 0.015536723163841809 0.01977401129943503
2.0 0.5406280795478529 0.30613353050906345 0.01694915254237288 0.022598870056497175
2.0 0.47377561609988655 0.28333600493249544 0.01977401129943503 0.02401129943502825
7.0 0.6337169022477198 0.35673894950745133 0.015536723163841809 0.0211864406779661
2.0 0.807444353543603 0.4461308904111979 0.015536723163841809 0.01977401129943503
2.0 0.7295053008254859 0.39832769107358196 0.011299435028248588 0.015536723163841809
