7 0.33374 0.52935 0.0282 0.1
7 0.3891 0.43261 0.01288 0.05435
7 0.49095 0.40924 0.00975 0.04239
2 0.77228 0.58315 0.0376 0.12283
7 0.67444 0.39674 0.00766 0.03478
7 0.58722 0.39946 0.0087 0.03804
2 0.86386 0.43207 0.01114 0.04457
7 0.25226 0.72717 0.05884 0.2
7 0.76706 0.39946 0.00627 0.0337
7 0.88353 0.40489 0.00801 0.0337
2 0.63753 0.44348 0.01323 0.05652
2 0.66156 0.49674 0.0195 0.07826
2 0.73816 0.42826 0.01114 0.04783
8 0.84662 0.36033 0.00383 0.0163
8 0.81494 0.35924 0.00383 0.0163
8 0.78412 0.35761 0.00348 0.01739
8 0.75244 0.35489 0.00418 0.0163
8 0.54666 0.34457 0.00279 0.01522
8 0.51636 0.34674 0.00279 0.01522
8 0.49077 0.34565 0.00313 0.01522
8 0.46013 0.34565 0.00313 0.01522
8 0.42183 0.34511 0.00313 0.0163
8 0.43628 0.33478 0.00209 0.01304
8 0.38301 0.33315 0.00279 0.01413
8 0.34436 0.3337 0.00209 0.01087
2 0.49321 0.33478 0.00174 0.01087
7 0.38614 0.33207 0.00279 0.01413
7 0.35045 0.33098 0.00244 0.01196
