7 0.30014 0.52446 0.02925 0.09891
2 0.69864 0.51522 0.02542 0.09348
2 0.5968 0.39837 0.00975 0.04022
7 0.38614 0.44076 0.01671 0.05978
7 0.44255 0.38043 0.00766 0.03261
2 0.62831 0.43804 0.01428 0.0587
7 0.5538 0.36087 0.00522 0.02391
2 0.58478 0.37989 0.00731 0.03152
7 0.49948 0.36848 0.00662 0.02826
7 0.61438 0.35598 0.00522 0.02283
7 0.42079 0.39457 0.0101 0.03913
2 0.63109 0.36848 0.00662 0.02826
2 0.88684 0.36902 0.00557 0.02717
7 0.8891 0.35924 0.00522 0.025
2 0.79544 0.36359 0.00592 0.025
7 0.78813 0.35435 0.00453 0.02174
2 0.70282 0.36359 0.00522 0.025
7 0.70108 0.35217 0.00522 0.02174
