7.0 0.4416485015056578 0.4495749314585051 0.06791907514450866 0.046242774566473986
2.0 0.42105066697900756 0.3461276401239856 0.04046242774566474 0.028901734104046242
7.0 0.3557303805514444 0.5169504906392206 0.03757225433526012 0.024566473988439308
9.0 0.3737399120472192 0.4710861733499001 0.0708092485549133 0.049132947976878616
7.0 0.34614038329067043 0.4459114681665436 0.023121387283236993 0.015895953757225433
7.0 0.3229335629196948 0.5803344071203692 0.033236994219653176 0.023121387283236993
2.0 0.42245039867544193 0.19617120319341486 0.017341040462427744 0.010115606936416185
7.0 0.29485503079725445 0.6554112416220232 0.030346820809248554 0.02167630057803468
7.0 0.3523799177562957 0.3999144997579698 0.02023121387283237 0.01300578034682081
7.0 0.44479523305690105 0.1241712748368896 0.01878612716763006 0.01300578034682081
2.0 0.2945947475441954 0.6113631711627311 0.02601156069364162 0.017341040462427744
7.0 0.3940402178173005 0.4680199986321072 0.0476878612716763 0.031791907514450865
9.0 0.40250685066956265 0.35187911604513505 0.06069364161849711 0.04190751445086705
9.0 0.39148594914676965 0.45397499039400985 0.08092485549132948 0.05491329479768786
9.0 0.4203473901266955 0.32518151548169105 0.06647398843930635 0.044797687861271675
2.0 0.2618077006601432 0.7209998970650333 0.02745664739884393 0.01878612716763006
2.0 0.3881730511377091 0.3797038689052247 0.033236994219653176 0.02167630057803468
8.0 0.2996308115831038 0.5470786389275958 0.01878612716763006 0.01300578034682081
2.0 0.4015999088531074 0.2542341601440834 0.01878612716763006 0.01300578034682081
8.0 0.3160273999335528 0.48883460461752615 0.01878612716763006 0.011560693641618497
7.0 0.4130621210383441 0.20270146736435918 0.017341040462427744 0.01300578034682081
8.0 0.33457000731922 0.4625186799023965 0.02167630057803468 0.014450867052023121
7.0 0.26642340865455705 0.7500010307957942 0.031791907514450865 0.02023121387283237
7.0 0.38749690294553774 0.27562031596829817 0.017341040462427744 0.010115606936416185
2.0 0.3858644196307775 0.3052460704096049 0.02023121387283237 0.014450867052023121
7.0 0.5592550236428951 0.5555813590321466 0.13583815028901733 0.0953757225433526
8.0 0.3150873670241396 0.5342891046593728 0.023121387283236993 0.015895953757225433
8.0 0.2886709625756881 0.5556978022353135 0.015895953757225433 0.010115606936416185
2.0 0.3769359626134235 0.3460089254297328 0.02167630057803468 0.014450867052023121
2.0 0.47765486374821453 0.25251498077818524 0.05057803468208093 0.036127167630057806
2.0 0.4476169704966046 0.13427758043704288 0.02167630057803468 0.015895953757225433
2.0 0.32484884520955 0.5262059155493455 0.02601156069364162 0.017341040462427744
8.0 0.30302551120075377 0.5064320267071484 0.015895953757225433 0.011560693641618497
1.0 0.2789661863712079 0.5576855730110907 0.010115606936416185 0.0072254335260115606
8.0 0.2936901540427997 0.5197025761414754 0.011560693641618497 0.008670520231213872
8.0 0.28541697429168233 0.5472554790286978 0.01300578034682081 0.008670520231213872
7.0 0.36608951756786823 0.34243725206895 0.01878612716763006 0.01300578034682081
2.0 0.37579825398577815 0.3738531072316092 0.02745664739884393 0.01878612716763006
8.0 0.289716407981663 0.5323296060928823 0.01300578034682081 0.008670520231213872
8.0 0.2810615495503276 0.5623024157572291 0.011560693641618497 0.008670520231213872
1.0 0.2842879793865065 0.5279768103267636 0.010115606936416185 0.005780346820809248
