7.0 0.3585413938849694 0.49544763336890263 0.026690391459074734 0.0711743772241993
2.0 0.78712845926709 0.565906093333745 0.05693950177935943 0.13523131672597866
7.0 0.29833010219381145 0.6964367727459098 0.06405693950177936 0.16903914590747332
7.0 0.302314964555753 0.4490874420987039 0.014234875444839857 0.04448398576512456
7.0 0.8604387163777022 0.3605538734064635 0.01601423487544484 0.03914590747330961
2.0 0.630459449163203 0.3862188303175495 0.014234875444839857 0.03914590747330961
7.0 0.13047693570170885 0.440756939078366 0.012455516014234875 0.033807829181494664
7.0 0.2395139384922104 0.43726632543830163 0.012455516014234875 0.037366548042704624
2.0 0.7859538308975754 0.39078913938936083 0.021352313167259787 0.051601423487544484
7.0 0.7065689454679289 0.36228928610667566 0.010676156583629894 0.033807829181494664
2.0 0.4695051244933415 0.37824672629809647 0.0071174377224199285 0.02491103202846975
2.0 0.6234106089801124 0.4526771380354534 0.026690391459074734 0.06761565836298933
2.0 0.3273011112629369 0.41061624606924346 0.010676156583629894 0.03202846975088968
2.0 0.17346942661551754 0.41881497048984845 0.008896797153024912 0.026690391459074734
7.0 0.6025773968296609 0.36375643924295603 0.010676156583629894 0.026690391459074734
2.0 0.2448077134122803 0.38444010014709346 0.005338078291814947 0.01601423487544484
2.0 0.5271516468889443 0.4214713359654556 0.014234875444839857 0.04804270462633452
2.0 0.5369954517040914 0.38160534039359817 0.008896797153024912 0.030249110320284697
7.0 0.08421667658962137 0.4072915458770429 0.0035587188612099642 0.014234875444839857
2.0 0.4178218124248649 0.4100611084191787 0.010676156583629894 0.03558718861209965
2.0 0.24643945907905576 0.415130329607403 0.008896797153024912 0.028469750889679714
2.0 0.14503361424658978 0.41235005624808047 0.008896797153024912 0.026690391459074734
2.0 0.33277058121092334 0.3776773263662665 0.005338078291814947 0.01601423487544484
2.0 0.2872890510170731 0.38046979877876863 0.0071174377224199285 0.017793594306049824
7.0 0.285195690490767 0.37719966839276486 0.0035587188612099642 0.014234875444839857
7.0 0.3855125831929907 0.3666559381010688 0.005338078291814947 0.01601423487544484
2.0 0.3830249624040422 0.3748870347356149 0.0071174377224199285 0.017793594306049824
7.0 0.09174547466607555 0.403010085869491 0.005338078291814947 0.012455516014234875
2.0 0.422408043887889 0.37473252465079576 0.0071174377224199285 0.019572953736654804
7.0 0.4798795814543639 0.36321404216483705 0.0071174377224199285 0.017793594306049824
2.0 0.14862540953409892 0.4025097442937177 0.005338078291814947 0.01601423487544484
7.0 0.4396135050848428 0.36246286398200295 0.005338078291814947 0.017793594306049824
7.0 0.5349263739591005 0.36340103874898 0.0071174377224199285 0.023131672597864767
