7 0.91365 0.2788 0.01323 0.04891
7 0.62935 0.40109 0.02611 0.0913
7 0.3031 0.29402 0.00592 0.02283
2 0.12187 0.30598 0.00557 0.02065
7 0.4046 0.69674 0.05641 0.21739
2 0.40964 0.23043 0.00244 0.01304
7 0.76219 0.31576 0.01602 0.05761
2 0.38753 0.24457 0.00348 0.01304
7 0.46292 0.225 0.00244 0.01304
2 0.40477 0.23696 0.00313 0.01304
2 0.32712 0.26848 0.00453 0.01957
2 0.36055 0.25652 0.00383 0.01739
7 0.371 0.27391 0.00453 0.01957
7 0.43489 0.22174 0.00209 0.01087
7 0.10846 0.33043 0.00662 0.02609
2 0.20526 0.29783 0.00592 0.02174
2 0.05275 0.27717 0.00383 0.01522
2 0.27524 0.28424 0.00592 0.02065
7 0.21692 0.31359 0.00487 0.025
7 0.45926 0.24348 0.00348 0.01522
7 0.47371 0.2288 0.00313 0.01413
7 0.45108 0.22283 0.00244 0.01087
7 0.43942 0.25272 0.00348 0.0163
2 0.94377 0.18859 0.00313 0.01196
7 0.2413 0.24076 0.00348 0.01196
2 0.1593 0.25815 0.00383 0.01413
7 0.41208 0.26304 0.00383 0.01739
2 0.10463 0.26793 0.00383 0.01413
2 0.20787 0.25054 0.00348 0.01196
2 0.39067 0.22663 0.00279 0.01196
7 0.46884 0.23533 0.00244 0.01413
7 0.19516 0.24837 0.00313 0.01196
2 0.2554 0.24293 0.00313 0.01196
2 0.88283 0.19511 0.00313 0.01196
