7 0.23868 0.22717 0.00522 0.02391
2 0.36577 0.45761 0.02542 0.1
2 0.94394 0.44891 0.01462 0.0587
7 0.18036 0.24891 0.00905 0.03696
7 0.12308 0.31304 0.02124 0.06739
2 0.72928 0.36902 0.0101 0.04239
7 0.1438 0.26685 0.01184 0.04674
7 0.87274 0.39565 0.0101 0.0413
7 0.21031 0.23478 0.00696 0.02826
2 0.36107 0.34402 0.01671 0.05761
2 0.33357 0.30272 0.01184 0.04674
2 0.32503 0.26141 0.00731 0.02935
2 0.31529 0.27772 0.01079 0.03804
7 0.77786 0.33967 0.00557 0.02283
2 0.88492 0.34239 0.00383 0.01522
2 0.67409 0.32391 0.00627 0.02826
7 0.25958 0.2212 0.00522 0.02065
7 0.74756 0.32609 0.00487 0.02174
2 0.33217 0.24946 0.00627 0.02717
7 0.78081 0.35924 0.00801 0.0337
2 0.81163 0.32337 0.00348 0.01413
2 0.60411 0.28967 0.00418 0.01848
7 0.79283 0.34946 0.00627 0.02717
7 0.69568 0.3038 0.00348 0.0163
2 0.34645 0.23641 0.00487 0.02065
7 0.79997 0.32717 0.00383 0.01522
2 0.69325 0.29674 0.00348 0.01522
7 0.35272 0.22609 0.00348 0.01522
2 0.33774 0.24239 0.00487 0.02391
2 0.67705 0.31576 0.00453 0.02283
7 0.32312 0.22174 0.00279 0.01739
2 0.63858 0.3 0.00487 0.02174
7 0.71048 0.31196 0.00453 0.01957
2 0.64937 0.32935 0.00696 0.03261
2 0.46153 0.23804 0.00313 0.01304
7 0.38475 0.22826 0.00279 0.01304
2 0.3696 0.23478 0.00383 0.01957
2 0.41887 0.23641 0.00348 0.0163
2 0.63806 0.28641 0.00313 0.0163
2 0.74896 0.30924 0.00348 0.01413
7 0.93054 0.36033 0.00453 0.0163
2 0.72719 0.2913 0.00244 0.01087
2 0.7977 0.30598 0.00279 0.01196
2 0.39519 0.23533 0.00418 0.01848
2 0.43437 0.23641 0.00383 0.0163
7 0.74356 0.31413 0.00383 0.01522
7 0.86699 0.34402 0.00418 0.0163
7 0.28517 0.22011 0.00348 0.01848
7 0.45439 0.23533 0.00279 0.01196
9 0.7218 0.2875 0.00348 0.0163
2 0.70317 0.28641 0.00313 0.01196
7 0.42305 0.23152 0.00279 0.01304
9 0.71675 0.28424 0.00383 0.01848
9 0.73381 0.29076 0.00383 0.0163
