7.0 0.21879072774905764 0.3826859493160326 0.023131672597864767 0.06405693950177936
7.0 0.5312379145420176 0.33292697861455695 0.012455516014234875 0.03914590747330961
7.0 0.6790094803410753 0.33531350403978055 0.014234875444839857 0.037366548042704624
7.0 0.8310796746858996 0.3452178625529029 0.012455516014234875 0.03914590747330961
2.0 0.7536974436968729 0.3752538241836479 0.017793594306049824 0.05338078291814947
2.0 0.5563895190658321 0.3855395893890332 0.02491103202846975 0.06227758007117438
7.0 0.38092112297364616 0.3442372638268288 0.014234875444839857 0.04448398576512456
2.0 0.6355249092320238 0.3752342956859294 0.021352313167259787 0.05693950177935943
2.0 0.4811163562635218 0.5039725799711874 0.03914590747330961 0.11387900355871886
2.0 0.48893417614451307 0.42051400115751125 0.030249110320284697 0.08185053380782918
8.0 0.13723629017961902 0.2653007570678823 0.0035587188612099642 0.010676156583629894
2.0 0.6322618794964456 0.6628322905651538 0.0693950177935943 0.18861209964412812
