2.0 0.4055107779734786 0.5695458185844162 0.051175656984785614 0.05394190871369295
2.0 0.3404323627463826 0.5768658534402936 0.035961272475795295 0.03734439834024896
2.0 0.8117743485550931 0.4140071083595469 0.11618257261410789 0.12309820193637622
2.0 0.3613406549925481 0.5191987656267408 0.022130013831258646 0.024896265560165973
2.0 0.4753802293640053 0.45846478038258465 0.03319502074688797 0.034578146611341634
7.0 0.22286885117553318 0.6640813238355582 0.029045643153526972 0.0318118948824343
7.0 0.5215788674403592 0.39978141483968127 0.024896265560165973 0.02627939142461964
2.0 0.22862382138688087 0.629377943909195 0.016597510373443983 0.017980636237897647
7.0 0.6353588120078788 0.3196033234184073 0.03319502074688797 0.034578146611341634
7.0 0.3935508650691028 0.46947999728590517 0.013831258644536652 0.015214384508990318
2.0 0.7184492239068986 0.30796723304175 0.051175656984785614 0.05532503457814661
2.0 0.4023470030389 0.49988651710997944 0.02627939142461964 0.027662517289073305
2.0 0.2716550072298984 0.5859726924239641 0.016597510373443983 0.017980636237897647
2.0 0.30621213197109415 0.55433320941953 0.015214384508990318 0.015214384508990318
7.0 0.331727152822993 0.5246317389363457 0.012448132780082987 0.013831258644536652
7.0 0.3695430948741382 0.4885047377393233 0.013831258644536652 0.015214384508990318
7.0 0.4115983681936068 0.4615203901466905 0.017980636237897647 0.019363762102351315
2.0 0.3092693151304195 0.5779955589978022 0.02627939142461964 0.029045643153526972
2.0 0.2711860661863288 0.6003743219998695 0.022130013831258646 0.02351313969571231
7.0 0.4539965722486348 0.44043080072248036 0.022130013831258646 0.02351313969571231
2.0 0.33850251735086573 0.5242296580527223 0.015214384508990318 0.017980636237897647
2.0 0.2201002158327204 0.6479254941717348 0.02074688796680498 0.022130013831258646
7.0 0.23363230545388208 0.6202084868782198 0.013831258644536652 0.015214384508990318
2.0 0.5618084355732477 0.40705952362946324 0.040110650069156296 0.042876901798063624
2.0 0.5427943323473523 0.5132592223819749 0.06915629322268327 0.07330567081604426
2.0 0.3433061415889595 0.524040144954545 0.016597510373443983 0.017980636237897647
