7 0.2157 0.42826 0.01497 0.05217
7 0.06459 0.53587 0.0296 0.10652
2 0.52315 0.40761 0.01149 0.0413
7 0.1835 0.4587 0.02159 0.06522
2 0.70386 0.47663 0.02263 0.075
2 0.43837 0.45543 0.0195 0.06522
7 0.86577 0.45109 0.02054 0.06087
7 0.48799 0.37989 0.00592 0.02283
7 0.6438 0.39402 0.00905 0.03587
2 0.54248 0.55217 0.03064 0.11087
7 0.56563 0.37772 0.00592 0.025
2 0.36299 0.4038 0.01079 0.03804
2 0.59105 0.4337 0.01497 0.05435
7 0.07678 0.42337 0.01358 0.04674
2 0.30449 0.40217 0.0094 0.03478
7 0.72406 0.4163 0.01219 0.04565
2 0.43245 0.38696 0.00696 0.02826
7 0.15947 0.41957 0.01184 0.04565
2 0.28987 0.39022 0.00592 0.02609
7 0.40286 0.38207 0.00627 0.02065
7 0.61403 0.38098 0.00731 0.02935
2 0.19551 0.3962 0.00662 0.02717
2 0.36821 0.3875 0.00662 0.02717
2 0.49861 0.39293 0.00975 0.0337
8 0.07956 0.38043 0.00453 0.01739
2 0.41417 0.41467 0.01079 0.04457
2 0.21501 0.4038 0.0087 0.0337
7 0.20317 0.39076 0.00662 0.02283
8 0.16139 0.37663 0.00453 0.01848
2 0.87726 0.68859 0.05745 0.17283
2 0.92427 0.54348 0.03586 0.10435
8 0.34366 0.36902 0.00418 0.0163
7 0.30658 0.38478 0.00383 0.02174
8 0.29143 0.3712 0.00348 0.0163
8 0.23276 0.37446 0.00383 0.0163
2 0.09697 0.40163 0.00662 0.02935
7 0.09366 0.39837 0.00418 0.02283
8 0.40425 0.36685 0.00279 0.01413
