2 0.33513 0.4837 0.02333 0.08261
2 0.25992 0.42989 0.01706 0.05761
2 0.90843 0.70435 0.05432 0.18478
2 0.33635 0.38913 0.00975 0.03696
2 0.51341 0.43315 0.01358 0.05543
7 0.05414 0.41033 0.01079 0.04891
7 0.61734 0.41522 0.01114 0.0413
2 0.09297 0.37935 0.00836 0.02609
7 0.8125 0.43859 0.01428 0.05543
7 0.41713 0.36739 0.00557 0.02391
2 0.91069 0.50489 0.02403 0.0837
2 0.39763 0.40761 0.01253 0.04348
2 0.17914 0.37446 0.00801 0.025
2 0.2453 0.37391 0.00662 0.02391
7 0.30014 0.36685 0.00487 0.02283
7 0.37396 0.36467 0.00487 0.02283
7 0.44359 0.37609 0.00836 0.02826
2 0.22615 0.40163 0.01079 0.04457
2 0.16504 0.38913 0.00975 0.03696
7 0.50801 0.39402 0.00905 0.03587
2 0.30763 0.37283 0.00592 0.02609
2 0.0665 0.39076 0.00836 0.0337
7 0.10689 0.37446 0.00557 0.02283
2 0.65268 0.46087 0.01567 0.06739
2 0.53238 0.55435 0.03273 0.11087
2 0.31285 0.37717 0.00592 0.02826
