7 0.28447 0.34239 0.01184 0.05
7 0.17792 0.35109 0.01184 0.04565
9 0.39311 0.33696 0.02298 0.1
2 0.81668 0.29022 0.01497 0.06087
7 0.93558 0.19891 0.00836 0.02826
2 0.47389 0.26467 0.00696 0.02935
7 0.44098 0.37717 0.01706 0.07609
9 0.53795 0.29185 0.0195 0.08152
2 0.64363 0.30489 0.01358 0.05761
2 0.10185 0.3413 0.0101 0.03696
9 0.49739 0.29022 0.01915 0.07609
2 0.44586 0.27989 0.00801 0.03587
2 0.89972 0.45978 0.04526 0.1413
7 0.45508 0.51196 0.04039 0.1413
2 0.94603 0.21304 0.00975 0.03478
7 0.39659 0.27174 0.00627 0.02826
9 0.35811 0.33152 0.02263 0.09348
2 0.23712 0.31902 0.00905 0.03587
2 0.51428 0.30489 0.01114 0.04891
2 0.45282 0.29348 0.0094 0.0413
7 0.82991 0.2038 0.00662 0.025
8 0.26341 0.2875 0.00592 0.025
7 0.0531 0.37228 0.0087 0.04674
2 0.79997 0.2125 0.00592 0.02717
8 0.17984 0.30707 0.00662 0.025
8 0.15442 0.30109 0.00522 0.02174
2 0.52211 0.25 0.00662 0.02826
7 0.37622 0.34946 0.01358 0.05978
8 0.22789 0.28478 0.00592 0.02174
7 0.64241 0.22228 0.00557 0.02283
2 0.58461 0.2375 0.00627 0.02717
8 0.21518 0.31413 0.00766 0.03261
7 0.46727 0.25326 0.00627 0.02391
2 0.65494 0.22717 0.00627 0.02609
7 0.34401 0.29239 0.00766 0.03261
8 0.31354 0.29022 0.00731 0.03043
2 0.72754 0.21848 0.00592 0.02609
2 0.87465 0.21033 0.00696 0.02935
8 0.1593 0.2913 0.00383 0.01957
7 0.55188 0.23587 0.00557 0.02391
8 0.18158 0.28641 0.00383 0.01848
8 0.20125 0.28315 0.00418 0.01848
7 0.73468 0.21087 0.00557 0.02174
8 0.13562 0.29674 0.00522 0.02174
