8.0 0.30975535346143573 0.47120164107864443 0.025525525525525526 0.013513513513513514
8.0 0.36538883902833974 0.506381511699719 0.04954954954954955 0.03003003003003003
8.0 0.32373853970250005 0.6697017775772313 0.052552552552552555 0.03303303303303303
8.0 0.30344560679822447 0.49463770546152025 0.024024024024024024 0.015015015015015015
8.0 0.29660397728437427 0.5216066053181018 0.02252252252252252 0.012012012012012012
8.0 0.28981130536495486 0.5484543308763326 0.02252252252252252 0.015015015015015015
8.0 0.300821748057848 0.5881248682194024 0.03153153153153153 0.01951951951951952
8.0 0.4983028349908363 0.5934304165389837 0.11861861861861862 0.06906906906906907
1.0 0.3078806224504277 0.45687940758713635 0.018018018018018018 0.009009009009009009
7.0 0.5857968580504356 0.2497206134338512 0.12012012012012012 0.07807807807807808
8.0 0.3282582736882594 0.4822923731870602 0.03153153153153153 0.018018018018018018
1.0 0.2890476358987415 0.5146566692437904 0.015015015015015015 0.0075075075075075074
1.0 0.31173048629469446 0.4116628503100268 0.015015015015015015 0.009009009009009009
1.0 0.2979670218381676 0.4479655214962085 0.015015015015015015 0.0075075075075075074
