7 0.54735 0.34293 0.01532 0.06848
7 0.57834 0.42391 0.02368 0.10435
7 0.4812 0.30217 0.01114 0.04565
7 0.33809 0.27174 0.00627 0.02391
7 0.41313 0.28587 0.00801 0.03478
2 0.63962 0.26141 0.00836 0.03804
2 0.53482 0.25707 0.00766 0.03152
7 0.44499 0.67772 0.04666 0.21196
7 0.36873 0.25815 0.00487 0.02065
2 0.46048 0.25652 0.00592 0.02609
7 0.4039 0.24674 0.00418 0.01739
2 0.89955 0.20543 0.00522 0.01957
2 0.49756 0.2337 0.00418 0.01957
7 0.50958 0.22609 0.00383 0.01522
7 0.34976 0.28261 0.00731 0.02826
7 0.44986 0.23424 0.00348 0.0163
2 0.54248 0.2288 0.00418 0.01848
7 0.71309 0.21141 0.00348 0.0163
7 0.94603 0.19348 0.00487 0.01957
7 0.57295 0.22174 0.00313 0.01522
2 0.82486 0.20924 0.00487 0.01848
2 0.78134 0.28641 0.01323 0.05761
2 0.46222 0.24674 0.00522 0.02174
2 0.67601 0.2212 0.00383 0.0163
7 0.87117 0.19565 0.00418 0.01739
2 0.74826 0.2163 0.00418 0.01739
2 0.60933 0.22391 0.00348 0.01739
7 0.64049 0.21739 0.00313 0.01522
7 0.78412 0.20435 0.00348 0.01522
