7.0 0.5218255753307247 0.5558459425115829 0.043859649122807015 0.11403508771929824
7.0 0.8056736155096186 0.46295669463222866 0.02982456140350877 0.07368421052631578
7.0 0.7708010628959787 0.3521507643839594 0.008771929824561403 0.01929824561403509
2.0 0.8675685902421565 0.35109290175961466 0.008771929824561403 0.02280701754385965
7.0 0.7445590728990695 0.3514361635270502 0.007017543859649123 0.015789473684210527
7.0 0.8167857655094918 0.3558531128064645 0.008771929824561403 0.021052631578947368
7.0 0.7533852963729912 0.34887730376401427 0.007017543859649123 0.014035087719298246
7.0 0.7352387062189567 0.3486438485814238 0.0035087719298245615 0.014035087719298246
8.0 0.7100603375742608 0.33993427720483793 0.007017543859649123 0.012280701754385965
8.0 0.6677325806901867 0.34169250537695434 0.007017543859649123 0.012280701754385965
8.0 0.6252664535603184 0.3409970970795858 0.007017543859649123 0.014035087719298246
