7 0.45961 0.47011 0.02228 0.07935
7 0.67166 0.38967 0.01045 0.04239
2 0.87517 0.4 0.01288 0.04565
2 0.84923 0.42717 0.01462 0.0587
2 0.79474 0.33424 0.00383 0.0163
7 0.70091 0.37391 0.00905 0.03478
2 0.73659 0.34185 0.00522 0.02065
7 0.60428 0.35217 0.00662 0.02609
7 0.64937 0.36196 0.00766 0.03043
7 0.57329 0.41304 0.01358 0.05217
2 0.84784 0.3788 0.00975 0.03587
7 0.81546 0.34511 0.00557 0.02065
7 0.58235 0.33696 0.00313 0.01957
7 0.87465 0.3375 0.00348 0.01848
2 0.76323 0.34946 0.00627 0.02065
7 0.6203 0.32446 0.00313 0.01413
2 0.66678 0.32935 0.00348 0.01522
7 0.58635 0.33098 0.00418 0.0163
2 0.93854 0.36793 0.0094 0.02935
2 0.68123 0.32663 0.00383 0.01413
7 0.87239 0.35217 0.00662 0.02174
7 0.70578 0.32391 0.00348 0.01304
2 0.67688 0.34837 0.00557 0.02283
2 0.66069 0.3337 0.00453 0.01739
2 0.84401 0.35815 0.00487 0.02717
2 0.66957 0.34022 0.00487 0.01957
7 0.85045 0.3413 0.00522 0.01957
7 0.86542 0.33261 0.00383 0.01522
2 0.7164 0.32663 0.00453 0.01413
2 0.72563 0.35598 0.00696 0.025
7 0.08687 0.75652 0.0484 0.18043
2 0.78395 0.36467 0.00801 0.02935
7 0.82329 0.32826 0.00383 0.01522
2 0.80815 0.49293 0.02507 0.08804
2 0.80118 0.33098 0.00348 0.01413
2 0.76445 0.33859 0.00313 0.0163
7 0.60533 0.32772 0.00313 0.01413
1 0.34523 0.33804 0.0094 0.04565
7 0.57939 0.34402 0.00627 0.02283
7 0.65286 0.32391 0.00348 0.01304
2 0.76515 0.32772 0.00244 0.01413
