2 0.31424 0.33152 0.01288 0.05652
7 0.43924 0.29348 0.01079 0.04565
7 0.70769 0.27772 0.01219 0.05109
7 0.36995 0.27283 0.00731 0.03261
2 0.51967 0.33804 0.01636 0.06957
7 0.75853 0.21793 0.00662 0.02717
7 0.39398 0.25978 0.00662 0.02826
7 0.48572 0.23859 0.00557 0.025
7 0.56146 0.29185 0.01149 0.05109
7 0.83287 0.25435 0.01114 0.04348
7 0.85481 0.22717 0.00766 0.03261
7 0.37831 0.28478 0.0094 0.03913
7 0.6929 0.21848 0.00557 0.02391
8 0.74478 0.40217 0.02855 0.10652
2 0.80588 0.31304 0.01776 0.06957
7 0.5538 0.22935 0.00522 0.02391
7 0.4382 0.24783 0.00592 0.02609
2 0.38458 0.24891 0.00592 0.02391
2 0.24913 0.30924 0.0101 0.04239
2 0.80797 0.2087 0.00592 0.02391
7 0.81442 0.21957 0.00696 0.02826
7 0.62622 0.22174 0.00453 0.02391
2 0.71901 0.21033 0.00418 0.02283
2 0.53935 0.22446 0.00487 0.02065
2 0.31703 0.2663 0.00592 0.02609
2 0.88806 0.21033 0.00662 0.02717
2 0.45003 0.23696 0.00522 0.02174
2 0.26602 0.28641 0.00766 0.0337
2 0.63231 0.21522 0.00487 0.02174
8 0.9093 0.18315 0.00313 0.0163
8 0.90512 0.18804 0.00383 0.01739
7 0.86734 0.23859 0.00418 0.03587
8 0.93123 0.18152 0.00313 0.01739
8 0.89224 0.20489 0.00522 0.025
8 0.50592 0.71467 0.06825 0.24891
8 0.90007 0.19565 0.00487 0.02174
9 0.86159 0.23152 0.01288 0.06522
9 0.86734 0.22446 0.00696 0.05761
