7.0 0.4591704753993494 0.19671611790442373 0.04784688995215311 0.023923444976076555
2.0 0.4470971659848271 0.5734880437897958 0.10845295055821372 0.05582137161084529
7.0 0.532257043320604 0.3048799656844904 0.028708133971291867 0.014354066985645933
7.0 0.4913238380855006 0.2326951305309343 0.03827751196172249 0.017543859649122806
7.0 0.32641139320816026 0.19681611692914425 0.11961722488038277 0.06379585326953748
7.0 0.6864532598247756 0.8203390368320803 0.022328548644338118 0.011164274322169059
7.0 0.49573351634117124 0.16513330327373418 0.023923444976076555 0.011164274322169059
2.0 0.6422190439757482 0.7272529274692292 0.030303030303030304 0.01594896331738437
2.0 0.6651996437168458 0.7375804576208218 0.022328548644338118 0.011164274322169059
7.0 0.5865115285865841 0.426780494735131 0.02073365231259968 0.009569377990430622
7.0 0.619993379598594 0.5311339900278893 0.02073365231259968 0.009569377990430622
7.0 0.5635117353277481 0.3700967559310066 0.022328548644338118 0.012759170653907496
2.0 0.6469275385758972 0.6522561136058367 0.02073365231259968 0.009569377990430622
2.0 0.636814600838578 0.7859595108171817 0.03987240829346093 0.019138755980861243
7.0 0.5376995291422983 0.2463153595680383 0.019138755980861243 0.007974481658692184
2.0 0.6248866426623121 0.5836912854278236 0.022328548644338118 0.009569377990430622
7.0 0.5170088378537351 0.2119737723485423 0.019138755980861243 0.007974481658692184
7.0 0.5230379948215725 0.18475131095826294 0.014354066985645933 0.007974481658692184
2.0 0.5133951608502593 0.41280986474337283 0.05422647527910686 0.02711323763955343
7.0 0.667796256137831 0.7061293004642526 0.017543859649122806 0.007974481658692184
7.0 0.6793894502607067 0.7596811516126464 0.019138755980861243 0.011164274322169059
2.0 0.5087727882722127 0.15722648948511925 0.017543859649122806 0.007974481658692184
7.0 0.6012528814957143 0.4697752338306009 0.019138755980861243 0.009569377990430622
2.0 0.5008195621062315 0.1515545727211161 0.019138755980861243 0.007974481658692184
7.0 0.654082117376655 0.6463657029436878 0.01594896331738437 0.006379585326953748
2.0 0.6547835251056127 0.7278596319474673 0.02711323763955343 0.014354066985645933
7.0 0.6392553524610511 0.5961741937966802 0.019138755980861243 0.009569377990430622
7.0 0.4104036886355989 0.19991740284863257 0.0733652312599681 0.03668261562998405
7.0 0.5265105613092897 0.22856749050252217 0.019138755980861243 0.009569377990430622
8.0 0.5258514806216289 0.1626597206571148 0.017543859649122806 0.007974481658692184
2.0 0.597435242510931 0.49670100830957287 0.02711323763955343 0.012759170653907496
8.0 0.5423518172546867 0.21225062687585822 0.009569377990430622 0.004784688995215311
8.0 0.5225849710908315 0.13674447541305765 0.009569377990430622 0.003189792663476874
7.0 0.5114871277399934 0.1467856189682413 0.012759170653907496 0.006379585326953748
2.0 0.5116960409347616 0.17498267455302444 0.019138755980861243 0.007974481658692184
8.0 0.5220002792010289 0.14484783723335357 0.011164274322169059 0.006379585326953748
2.0 0.6586938509176234 0.694433311808989 0.019138755980861243 0.007974481658692184
2.0 0.5684803983969652 0.4280781788122602 0.03189792663476874 0.014354066985645933
2.0 0.5384315705088932 0.3810862004368584 0.03987240829346093 0.019138755980861243
7.0 0.5344588177549492 0.22393539835797194 0.014354066985645933 0.006379585326953748
