7.0 0.2972836402343406 0.4255081764013088 0.018957345971563982 0.04265402843601896
7.0 0.2163792373626353 0.4560276932301965 0.018957345971563982 0.037914691943127965
9.0 0.3805420873433172 0.39706516630242916 0.04107424960505529 0.08372827804107424
2.0 0.6994528348746064 0.2662899431216386 0.023696682464454975 0.05055292259083728
7.0 0.771541762470115 0.16878663099503866 0.014218009478672985 0.02527646129541864
2.0 0.42723268199907377 0.32284895157199245 0.01263823064770932 0.026856240126382307
7.0 0.4267264087280377 0.41765644143072095 0.0315955766192733 0.0631911532385466
9.0 0.4830999280612102 0.32969969265819604 0.03317535545023697 0.0679304897314376
2.0 0.56817479210397 0.3162772824483622 0.022116903633491312 0.04739336492890995
2.0 0.1550511276235834 0.465375520413019 0.01579778830963665 0.0315955766192733
9.0 0.4512005783014206 0.33747513219821135 0.03317535545023697 0.0631911532385466
2.0 0.408832255509046 0.34093194883109934 0.01263823064770932 0.02843601895734597
2.0 0.8018206761651605 0.3796114831749782 0.06635071090047394 0.11848341232227488
7.0 0.4677405602934269 0.5193139017255002 0.0631911532385466 0.12006319115323855
2.0 0.7828170382471258 0.17744308487561408 0.01579778830963665 0.026856240126382307
7.0 0.3687071404965654 0.3455798813524162 0.011058451816745656 0.023696682464454975
9.0 0.3521162788036258 0.40063868674441583 0.03949447077409163 0.07740916271721959
2.0 0.25525807658543254 0.4178942939328957 0.014218009478672985 0.02843601895734597
2.0 0.4676034325632967 0.3451156557361403 0.018957345971563982 0.03949447077409163
2.0 0.4172736173597147 0.3499466353256862 0.01579778830963665 0.03317535545023697
7.0 0.6904721380612576 0.1961476271564102 0.009478672985781991 0.022116903633491312
8.0 0.2686715711064494 0.38752575828188895 0.009478672985781991 0.020537124802527645
7.0 0.12405428979480522 0.5003316194957345 0.018957345971563982 0.037914691943127965
2.0 0.6691330375042873 0.20958706839521915 0.011058451816745656 0.023696682464454975
8.0 0.20805787530766898 0.4213734920420019 0.011058451816745656 0.020537124802527645
8.0 0.1869602531060081 0.4223913097375728 0.009478672985781991 0.017377567140600316
2.0 0.46145372584074024 0.3006922588437486 0.01263823064770932 0.023696682464454975
7.0 0.37019674063636127 0.4105496821052045 0.023696682464454975 0.05055292259083728
8.0 0.24044787519437005 0.3933300483571209 0.009478672985781991 0.017377567140600316
7.0 0.5488084598585663 0.2523188967023711 0.009478672985781991 0.020537124802527645
2.0 0.5072614591626952 0.27703906731112743 0.011058451816745656 0.023696682464454975
8.0 0.23710921478644062 0.4189837408735989 0.014218009478672985 0.026856240126382307
7.0 0.41954170218173475 0.31545344186040375 0.009478672985781991 0.018957345971563982
2.0 0.5596409204725737 0.25332739404182253 0.011058451816745656 0.020537124802527645
7.0 0.33242936951661956 0.3733581592185645 0.014218009478672985 0.026856240126382307
8.0 0.30825473793379166 0.37846419233704404 0.01263823064770932 0.026856240126382307
2.0 0.6141509725698454 0.23038474993589944 0.011058451816745656 0.022116903633491312
2.0 0.7267139409481452 0.19125007908455402 0.011058451816745656 0.023696682464454975
8.0 0.18857185387965433 0.4136914653498839 0.007898894154818325 0.01579778830963665
7.0 0.48145003940061304 0.28306882101547753 0.007898894154818325 0.018957345971563982
8.0 0.20480463505622154 0.40492213481253875 0.00631911532385466 0.017377567140600316
8.0 0.21937151209717162 0.3980020464115091 0.007898894154818325 0.01579778830963665
7.0 0.6180057811233857 0.22287602143663962 0.009478672985781991 0.017377567140600316
8.0 0.17137317553997417 0.42320055599817036 0.007898894154818325 0.017377567140600316
