7 0.60724 0.32554 0.01462 0.05978
7 0.22093 0.27663 0.00801 0.03152
7 0.46257 0.2625 0.00731 0.0337
7 0.62535 0.43696 0.02577 0.1087
2 0.55362 0.24674 0.00418 0.02391
2 0.21065 0.26304 0.00627 0.02609
7 0.34244 0.26739 0.00662 0.03261
2 0.93837 0.22609 0.00627 0.02609
7 0.54109 0.28152 0.00975 0.0413
2 0.65164 0.25924 0.0087 0.03587
2 0.78586 0.28696 0.01462 0.05
7 0.11838 0.28152 0.00766 0.03261
2 0.13423 0.26413 0.00592 0.02609
2 0.31076 0.25707 0.00522 0.025
7 0.89345 0.21522 0.00487 0.01957
2 0.27594 0.23804 0.00313 0.01522
7 0.36699 0.7538 0.03482 0.18587
2 0.0914 0.2538 0.00453 0.0163
7 0.05066 0.28152 0.00383 0.02826
2 0.32469 0.2337 0.00313 0.01522
2 0.14763 0.24783 0.00418 0.01739
7 0.24269 0.23641 0.00279 0.01196
2 0.08757 0.26196 0.00522 0.02391
2 0.44377 0.25217 0.00522 0.02391
7 0.11247 0.24565 0.00348 0.01522
2 0.58618 0.21793 0.00383 0.0163
2 0.47667 0.22283 0.00348 0.01522
2 0.21518 0.24293 0.00418 0.0163
7 0.48642 0.22174 0.00279 0.01304
7 0.17218 0.24239 0.00313 0.01522
2 0.42671 0.22609 0.00313 0.01522
7 0.30031 0.23261 0.00313 0.01304
2 0.66121 0.21467 0.00418 0.01848
2 0.87152 0.22174 0.00487 0.02174
2 0.37308 0.22935 0.00313 0.01522
7 0.74983 0.21467 0.00313 0.0163
7 0.81302 0.21359 0.00279 0.0163
2 0.73172 0.21576 0.00383 0.01848
2 0.79631 0.22011 0.00348 0.01413
2 0.53534 0.22065 0.00313 0.01522
7 0.68576 0.21522 0.00383 0.01739
7 0.61212 0.21739 0.00279 0.01304
7 0.54648 0.22011 0.00313 0.0163
