7.0 0.47432869628560553 0.5452550752912361 0.06294706723891273 0.045779685264663805
7.0 0.3302686838127082 0.7255115036152747 0.05007153075822604 0.03862660944206009
7.0 0.4847995417852205 0.6584957484728206 0.09871244635193133 0.07296137339055794
7.0 0.4085665951145681 0.5898955431139322 0.04291845493562232 0.031473533619456366
2.0 0.4114440003919689 0.5498847781898075 0.030042918454935622 0.020028612303290415
2.0 0.6646031941991456 0.23559864704822361 0.05436337625178827 0.03862660944206009
2.0 0.5849462344546634 0.27324877740056186 0.02861230329041488 0.020028612303290415
2.0 0.6050110069608943 0.26716464207760177 0.0357653791130186 0.024320457796852647
2.0 0.5040472471974811 0.3823276446266056 0.022889842632331903 0.017167381974248927
7.0 0.6177189823994625 0.20853003474493315 0.024320457796852647 0.01859799713876967
2.0 0.5429177760523198 0.33012019699475514 0.027181688125894134 0.01859799713876967
7.0 0.5638899208235478 0.28185603479027416 0.02145922746781116 0.015736766809728183
2.0 0.2863620164337898 0.7259247174997214 0.02861230329041488 0.02145922746781116
7.0 0.5154388446257571 0.352239623107183 0.01859799713876967 0.012875536480686695
2.0 0.4641106615070159 0.4411426441290417 0.022889842632331903 0.01430615164520744
2.0 0.7660151756971803 0.3680708610523281 0.13733905579399142 0.10300429184549356
2.0 0.3579734274549917 0.6353349220762546 0.031473533619456366 0.022889842632331903
2.0 0.5199257526637474 0.41373090303452026 0.04148783977110158 0.030042918454935622
7.0 0.3775246628415404 0.5656385137856562 0.01859799713876967 0.01430615164520744
7.0 0.46680583732779807 0.4253261937164652 0.01859799713876967 0.01430615164520744
2.0 0.33557034122006024 0.6462602085427334 0.02145922746781116 0.015736766809728183
7.0 0.4206131593016305 0.4965738584232116 0.017167381974248927 0.012875536480686695
2.0 0.4221382269157303 0.5074685011696688 0.022889842632331903 0.017167381974248927
2.0 0.2999183173830446 0.7271289217876248 0.034334763948497854 0.02575107296137339
8.0 0.4482358447005075 0.4256423529981907 0.011444921316165951 0.005722460658082976
2.0 0.3797609873120865 0.5737044280974852 0.024320457796852647 0.017167381974248927
8.0 0.3953207650954583 0.507742485827068 0.011444921316165951 0.008583690987124463
7.0 0.3307069063618427 0.6403567145160385 0.020028612303290415 0.01430615164520744
8.0 0.37630409588328545 0.5343077909044407 0.011444921316165951 0.00715307582260372
8.0 0.4986365913962028 0.3471060995540831 0.010014306151645207 0.00715307582260372
8.0 0.4701580642389108 0.38926875036502817 0.012875536480686695 0.008583690987124463
8.0 0.35019997525100416 0.5747457173596493 0.012875536480686695 0.008583690987124463
2.0 0.4626359457861244 0.47872387947404604 0.032904148783977114 0.02575107296137339
2.0 0.5977435435590122 0.3736994968445414 0.06437768240343347 0.045779685264663805
8.0 0.422935502746855 0.46389702098259983 0.011444921316165951 0.008583690987124463
8.0 0.36452567326915586 0.5531264713823847 0.011444921316165951 0.010014306151645207
8.0 0.3307550144952688 0.6044553630336141 0.011444921316165951 0.008583690987124463
