2 0.56215 0.49185 0.02263 0.07717
7 0.10707 0.5837 0.03517 0.12609
7 0.2695 0.48152 0.02298 0.07391
7 0.79439 0.41304 0.0094 0.03913
2 0.65634 0.42663 0.01184 0.04674
2 0.91643 0.54185 0.03482 0.10109
7 0.31372 0.44239 0.01532 0.05652
7 0.18228 0.42772 0.01219 0.04457
2 0.71727 0.66739 0.04318 0.16522
7 0.61125 0.38967 0.00592 0.025
2 0.62622 0.40761 0.00801 0.03478
2 0.74547 0.4663 0.0188 0.06304
2 0.55153 0.39837 0.00696 0.02717
7 0.7547 0.39674 0.00731 0.03043
2 0.48329 0.39674 0.00557 0.02609
7 0.26114 0.4288 0.01114 0.04674
2 0.41417 0.4125 0.0094 0.03587
2 0.15233 0.4163 0.0101 0.03478
7 0.90721 0.44783 0.01497 0.05217
7 0.69742 0.39076 0.00696 0.02717
7 0.52019 0.38859 0.00487 0.025
2 0.2493 0.41087 0.00766 0.03043
2 0.47615 0.41793 0.0101 0.04022
8 0.45996 0.375 0.00279 0.01304
2 0.40251 0.39783 0.00627 0.02609
2 0.53238 0.43315 0.01184 0.04891
2 0.21518 0.4038 0.00696 0.02717
2 0.30815 0.40109 0.00627 0.02391
8 0.20944 0.37935 0.00313 0.01522
7 0.1001 0.40217 0.00592 0.02609
2 0.32329 0.41196 0.0094 0.03478
8 0.1734 0.38098 0.00348 0.0163
8 0.28256 0.37826 0.00313 0.01522
7 0.31772 0.39402 0.00522 0.02283
8 0.23921 0.37826 0.00348 0.01522
8 0.35028 0.37772 0.00348 0.01413
8 0.40773 0.37663 0.00348 0.01413
8 0.52176 0.37446 0.00244 0.01196
2 0.62047 0.39891 0.00696 0.03043
7 0.41974 0.39185 0.00592 0.02283
