7 0.65145 0.28786 0.00939 0.03726
7 0.69283 0.3131 0.01195 0.05168
7 0.62969 0.42728 0.02474 0.10216
7 0.69198 0.36358 0.02218 0.06851
2 0.9311 0.31971 0.01664 0.05288
7 0.91638 0.27524 0.00853 0.02644
2 0.85538 0.27704 0.00939 0.03005
2 0.82956 0.29748 0.01323 0.04207
2 0.78136 0.27043 0.00811 0.02885
7 0.79373 0.26262 0.0064 0.02284
7 0.76578 0.25721 0.00597 0.02404
2 0.74936 0.27524 0.00896 0.03365
7 0.73933 0.25361 0.00512 0.01923
2 0.73294 0.26202 0.00683 0.02644
2 0.70392 0.25721 0.00597 0.02404
2 0.68899 0.26803 0.00683 0.03125
2 0.6843 0.2524 0.00512 0.01923
2 0.63439 0.25962 0.00512 0.02644
7 0.5913 0.27404 0.00597 0.02885
2 0.59556 0.25601 0.00512 0.02404
2 0.5529 0.25481 0.00512 0.01923
7 0.55546 0.26923 0.00512 0.02404
7 0.5064 0.26202 0.00512 0.02404
7 0.46587 0.25962 0.00683 0.02885
7 0.42172 0.26262 0.00555 0.02284
7 0.359 0.26743 0.00555 0.02524
2 0.38268 0.25481 0.00512 0.02163
2 0.33959 0.25781 0.00512 0.02284
7 0.29565 0.27524 0.00683 0.02885
7 0.13716 0.29026 0.00725 0.02524
7 0.07082 0.29748 0.00597 0.02524
7 0.2163 0.28606 0.00597 0.02163
2 0.17321 0.27103 0.00683 0.02524
2 0.28349 0.26502 0.00555 0.02043
7 0.08084 0.27825 0.0064 0.02284
7 0.13119 0.26863 0.00469 0.02043
2 0.17769 0.26803 0.00469 0.01923
2 0.21843 0.27043 0.00512 0.02163
2 0.6523 0.25 0.00427 0.01923
2 0.62287 0.2488 0.00427 0.01683
2 0.53776 0.247 0.00384 0.01322
2 0.45862 0.25361 0.00341 0.01442
2 0.20926 0.26022 0.00555 0.02284
2 0.24061 0.25421 0.00427 0.02043
7 0.18153 0.25721 0.00384 0.01923
7 0.23315 0.2506 0.00384 0.02043
7 0.67044 0.24339 0.00469 0.01803
7 0.63844 0.24099 0.00469 0.01803
7 0.609 0.24159 0.00555 0.01923
2 0.56933 0.24459 0.00469 0.02043
7 0.58148 0.23918 0.00427 0.01923
9 0.47334 0.23618 0.00469 0.02524
9 0.4791 0.23618 0.00427 0.02524
9 0.50491 0.23618 0.00469 0.02524
9 0.51109 0.23618 0.00427 0.02524
