7 0.11263 0.7506 0.04266 0.15986
7 0.34194 0.45192 0.03114 0.11058
7 0.41532 0.35096 0.01408 0.0625
7 0.4631 0.30889 0.00981 0.04567
7 0.50171 0.28245 0.00768 0.03606
7 0.5128 0.26683 0.00512 0.02885
7 0.50981 0.25661 0.00512 0.02524
2 0.70648 0.52404 0.04266 0.15385
2 0.61177 0.38522 0.02048 0.08293
2 0.59087 0.32812 0.01365 0.05769
2 0.60644 0.29627 0.00896 0.04447
2 0.61391 0.27644 0.00683 0.03365
2 0.60324 0.26082 0.00597 0.02885
2 0.11519 0.3101 0.01195 0.03846
7 0.15764 0.31851 0.00981 0.03846
2 0.18238 0.28846 0.00811 0.03125
7 0.23699 0.29327 0.00981 0.03125
2 0.24147 0.27584 0.00427 0.02043
7 0.30461 0.27284 0.00683 0.02644
2 0.58703 0.2512 0.00512 0.02404
2 0.57573 0.24519 0.00384 0.01683
2 0.56079 0.23798 0.00299 0.01442
7 0.32999 0.26442 0.00469 0.01923
7 0.35026 0.25541 0.00427 0.01803
7 0.36945 0.25 0.00427 0.01683
7 0.39249 0.247 0.00427 0.01562
7 0.41681 0.24219 0.00341 0.01562
7 0.50235 0.23678 0.00384 0.01442
7 0.48869 0.23438 0.00384 0.01442
7 0.46566 0.23618 0.00299 0.01322
2 0.55055 0.23257 0.00384 0.01562
2 0.5337 0.23077 0.00341 0.01442
2 0.51195 0.22776 0.00341 0.01562
7 0.43515 0.23798 0.00427 0.01442
