2 0.32167 0.57933 0.04181 0.16346
2 0.2901 0.43209 0.02304 0.08534
9 0.28413 0.36719 0.02218 0.10938
7 0.10047 0.35397 0.01578 0.04688
7 0.15636 0.32272 0.01152 0.03486
7 0.19945 0.30709 0.00896 0.03005
7 0.24595 0.29147 0.00725 0.02524
2 0.27688 0.35096 0.00939 0.05769
2 0.27688 0.32091 0.00683 0.03846
2 0.31229 0.29808 0.00853 0.03365
2 0.34812 0.28606 0.00683 0.03125
2 0.35367 0.27764 0.00597 0.02644
2 0.34727 0.26923 0.00512 0.02163
2 0.33874 0.26442 0.00512 0.01923
2 0.33276 0.26202 0.00341 0.01923
2 0.31314 0.25962 0.00341 0.01683
2 0.29437 0.25962 0.00341 0.01442
2 0.2756 0.26082 0.00341 0.01442
7 0.07935 0.28486 0.00512 0.01683
7 0.11945 0.27885 0.00512 0.01923
2 0.12543 0.27584 0.00512 0.01803
7 0.16062 0.27344 0.00469 0.01562
2 0.17534 0.26983 0.00512 0.01562
7 0.19027 0.27163 0.00512 0.01923
7 0.21779 0.26923 0.00384 0.01683
2 0.2227 0.26442 0.00341 0.01442
7 0.26749 0.28245 0.00597 0.02163
2 0.06677 0.28365 0.0064 0.01923
2 0.24893 0.26322 0.00469 0.01683
7 0.25448 0.26923 0.00469 0.01683
7 0.26237 0.27163 0.00341 0.01923
7 0.26536 0.27704 0.00341 0.02043
