2 0.90636 0.69591 0.06698 0.22356
2 0.69433 0.43089 0.02517 0.09976
2 0.57935 0.33774 0.01365 0.05529
2 0.52602 0.3149 0.00939 0.04327
2 0.48592 0.30349 0.00939 0.03726
2 0.43601 0.29688 0.00853 0.03365
2 0.39761 0.29087 0.00768 0.03365
2 0.33447 0.28606 0.00768 0.02885
2 0.26877 0.28846 0.00853 0.02885
2 0.18217 0.29627 0.00853 0.03245
2 0.12137 0.30409 0.01067 0.03365
7 0.13865 0.31971 0.01109 0.03846
7 0.20648 0.3143 0.01195 0.03726
7 0.26856 0.3125 0.01067 0.03606
7 0.30866 0.31791 0.01152 0.03966
7 0.33938 0.33353 0.01152 0.04688
7 0.39078 0.37921 0.02048 0.06851
7 0.3622 0.47536 0.03328 0.11178
