7.0 0.4007246680510019 0.6488472477449031 0.09847434119278779 0.09015256588072122
7.0 0.3684646914716209 0.5027323004005188 0.04299583911234397 0.038834951456310676
7.0 0.3587239742149293 0.4585726456498198 0.0319001386962552 0.02912621359223301
7.0 0.35317349102114987 0.4373033591687375 0.023578363384188627 0.022191400832177532
7.0 0.3512349534121844 0.42499766849582166 0.019417475728155338 0.016643550624133148
2.0 0.5473085856778364 0.421049614812711 0.08737864077669903 0.07766990291262135
2.0 0.4612264264595258 0.3935088792088105 0.049930651872399444 0.044382801664355064
2.0 0.4268232532794583 0.3800665046423907 0.033287101248266296 0.02912621359223301
2.0 0.4062095609555707 0.3754231420227132 0.024965325936199722 0.022191400832177532
2.0 0.3927681026200419 0.37284896924480715 0.020804438280166437 0.018030513176144243
2.0 0.38337655286265876 0.3720878996273437 0.016643550624133148 0.013869625520110958
7.0 0.2493610474672459 0.5942091454395869 0.0319001386962552 0.027739251040221916
7.0 0.2749592136100715 0.5318412150009498 0.023578363384188627 0.022191400832177532
7.0 0.2967063087231208 0.48998237670330635 0.019417475728155338 0.018030513176144243
2.0 0.289534074734762 0.4879131868615349 0.016643550624133148 0.015256588072122053
2.0 0.30313540508330705 0.46373844656107044 0.015256588072122053 0.013869625520110958
7.0 0.317338132564698 0.4614171973121373 0.016643550624133148 0.015256588072122053
7.0 0.3336783623939499 0.4379554929219846 0.018030513176144243 0.015256588072122053
2.0 0.31740335666925806 0.4440720969476258 0.016643550624133148 0.015256588072122053
2.0 0.33001980036018785 0.4263849853823986 0.016643550624133148 0.013869625520110958
2.0 0.3441038325710471 0.4089374345291948 0.018030513176144243 0.015256588072122053
2.0 0.3575419984813604 0.3929224520277018 0.018030513176144243 0.015256588072122053
2.0 0.37151754615919014 0.3809180745292032 0.018030513176144243 0.015256588072122053
