2 0.70734 0.247 0.00512 0.01803
7 0.49787 0.27284 0.00768 0.02644
7 0.52922 0.26623 0.0064 0.02284
7 0.56613 0.2494 0.00341 0.01562
2 0.61817 0.26502 0.00683 0.02524
2 0.64015 0.25721 0.0064 0.02404
2 0.73827 0.2518 0.0064 0.02043
2 0.81186 0.26382 0.00768 0.02764
7 0.46843 0.28846 0.00939 0.03125
2 0.55802 0.28486 0.00939 0.03365
2 0.58426 0.27284 0.0064 0.02885
2 0.87671 0.27224 0.00939 0.02764
7 0.44881 0.32151 0.01195 0.04688
2 0.60708 0.34615 0.01536 0.0601
7 0.37841 0.44591 0.02816 0.10337
2 0.68366 0.46875 0.03541 0.1226
7 0.74829 0.247 0.00341 0.01562
7 0.78242 0.2524 0.00683 0.01923
9 0.73123 0.24038 0.00597 0.02404
9 0.73635 0.24159 0.00512 0.02404
9 0.67662 0.23798 0.00512 0.02404
9 0.67406 0.23918 0.00512 0.02163
2 0.6474 0.2506 0.0064 0.02284
7 0.9343 0.27103 0.00683 0.02524
2 0.57509 0.30048 0.01195 0.04087
7 0.50832 0.247 0.00384 0.01562
7 0.53456 0.2488 0.00427 0.01442
2 0.64313 0.247 0.00384 0.01803
2 0.59556 0.24159 0.00427 0.01683
2 0.62031 0.24279 0.00427 0.01683
7 0.56741 0.25962 0.00597 0.01683
7 0.57679 0.253 0.00512 0.01803
2 0.56378 0.24038 0.00299 0.01442
2 0.5288 0.23798 0.00299 0.01202
2 0.54053 0.24038 0.00341 0.01202
7 0.49211 0.24399 0.00213 0.01442
2 0.6666 0.23918 0.00469 0.01683
7 0.8366 0.26142 0.00512 0.02284
7 0.72035 0.24219 0.00384 0.01562
7 0.69689 0.23738 0.00384 0.01322
7 0.48976 0.24279 0.00427 0.01202
7 0.50405 0.23618 0.00299 0.01082
2 0.63012 0.23197 0.00341 0.01202
2 0.54629 0.23317 0.00299 0.01202
