2.0 0.41753155354786364 0.8639023408622102 0.13230769230769232 0.07230769230769231
2.0 0.5199099030213984 0.4938525883355862 0.08615384615384615 0.043076923076923075
2.0 0.5461729636548934 0.37819195454001264 0.06307692307692307 0.03538461538461538
2.0 0.5849821751985825 0.3513246498233321 0.036923076923076927 0.023076923076923078
2.0 0.6172703908708174 0.36365811843554063 0.03076923076923077 0.016923076923076923
2.0 0.6379395426003156 0.3771598807087198 0.023076923076923078 0.013846153846153847
2.0 0.6454968873191562 0.38166384786685487 0.02 0.009230769230769232
2.0 0.6546670957799503 0.3792144095979539 0.018461538461538463 0.009230769230769232
2.0 0.6517513145643985 0.3649397123447838 0.02 0.010769230769230769
2.0 0.6485957413020946 0.35287193528607663 0.018461538461538463 0.010769230769230769
2.0 0.6448939347989832 0.3392177817076686 0.015384615384615385 0.007692307692307693
2.0 0.6389687009922781 0.32491298009848407 0.015384615384615385 0.009230769230769232
2.0 0.6304174444692033 0.30298165475139477 0.015384615384615385 0.007692307692307693
7.0 0.6158748242527982 0.3072726319409643 0.021538461538461538 0.010769230769230769
7.0 0.6039875678075314 0.2989278630331715 0.023076923076923078 0.012307692307692308
7.0 0.6170517271922292 0.2990531044090028 0.018461538461538463 0.009230769230769232
7.0 0.6119266368926479 0.281265434546867 0.02 0.010769230769230769
2.0 0.621408415498115 0.2826241885463056 0.016923076923076923 0.010769230769230769
7.0 0.6037036332091194 0.2602874246670158 0.02 0.012307692307692308
7.0 0.578416435130331 0.26828638750449496 0.02923076923076923 0.016923076923076923
7.0 0.5504897910657608 0.23951399077719251 0.03538461538461538 0.021538461538461538
7.0 0.5896004788695364 0.2338697191401051 0.02 0.012307692307692308
2.0 0.5976322787312636 0.23394495035513851 0.016923076923076923 0.009230769230769232
2.0 0.5775846434147934 0.19606987224305691 0.016923076923076923 0.009230769230769232
7.0 0.573153612535678 0.20647622786586384 0.02 0.012307692307692308
2.0 0.5623672109481048 0.1693193949236702 0.02 0.009230769230769232
7.0 0.5500965246280545 0.16857104539776785 0.023076923076923078 0.013846153846153847
7.0 0.4932008064290938 0.19526798187959798 0.052307692307692305 0.03076923076923077
