8.0 0.18155004844692257 0.4713269506803071 0.11157601115760112 0.10739191073919108
8.0 0.4432823514679033 0.7004291332508163 0.1701534170153417 0.15481171548117154
7.0 0.39652970238670715 0.6017454618611152 0.14504881450488144 0.13110181311018132
8.0 0.45868635881367287 0.5254453749091152 0.09483960948396095 0.08647140864714087
8.0 0.7059374765034128 0.6528885517835828 0.08228730822873083 0.07531380753138076
9.0 0.6749716347450755 0.5672996888888723 0.09344490934449093 0.08507670850767085
9.0 0.661887648849094 0.543825896222061 0.08089260808926081 0.07252440725244072
8.0 0.6278800365078007 0.5231274325709998 0.05439330543933055 0.0502092050209205
2.0 0.6128140473322149 0.49790148322694777 0.044630404463040445 0.040446304044630406
9.0 0.47826792720062405 0.43103128384837885 0.08507670850767085 0.06834030683403068
9.0 0.48312545312860744 0.4531755577550015 0.10320781032078104 0.09065550906555091
