7 0.11092 0.3101 0.01024 0.03365
2 0.08447 0.30168 0.00853 0.03125
2 0.17833 0.28726 0.00683 0.02644
2 0.23294 0.27644 0.00512 0.02163
7 0.2227 0.28846 0.00683 0.02885
7 0.27218 0.27885 0.00597 0.02404
7 0.30119 0.27284 0.00512 0.02163
2 0.2773 0.26683 0.00512 0.01923
2 0.31741 0.25841 0.00341 0.01683
7 0.32509 0.26502 0.00512 0.02043
7 0.35154 0.26022 0.00341 0.01803
2 0.34386 0.25721 0.00341 0.01442
7 0.37969 0.25841 0.00341 0.01683
2 0.38439 0.25361 0.00341 0.01442
7 0.40913 0.25661 0.00341 0.01803
2 0.4198 0.2512 0.00341 0.01442
7 0.43174 0.25721 0.00341 0.01923
7 0.45478 0.25721 0.00341 0.01923
2 0.45755 0.2512 0.00384 0.01683
2 0.47995 0.2512 0.00427 0.01683
7 0.49019 0.26082 0.00427 0.02163
7 0.50085 0.26683 0.00512 0.02404
7 0.51024 0.27644 0.00512 0.02885
7 0.51706 0.28846 0.00683 0.03365
7 0.5 0.30288 0.00853 0.03846
2 0.50533 0.2524 0.00384 0.01923
2 0.52432 0.2524 0.00341 0.01923
2 0.54608 0.25361 0.00341 0.01923
2 0.57423 0.25962 0.00427 0.02404
2 0.58959 0.26683 0.00512 0.02644
2 0.61263 0.27764 0.00683 0.03125
2 0.62201 0.34856 0.01536 0.0601
2 0.64249 0.29808 0.00853 0.04087
2 0.65742 0.32212 0.01195 0.04808
2 0.61647 0.43269 0.02474 0.09615
7 0.31826 0.45132 0.0273 0.09736
7 0.40444 0.35457 0.01536 0.05769
7 0.45222 0.32512 0.01024 0.04447
2 0.87585 0.77284 0.03498 0.11779
