2 0.62927 0.24519 0.00427 0.01923
7 0.49851 0.26863 0.00555 0.02524
7 0.5064 0.25721 0.00512 0.02163
2 0.56485 0.25721 0.00512 0.02404
2 0.57253 0.26262 0.00597 0.02524
2 0.79608 0.25721 0.00683 0.02644
2 0.84172 0.26202 0.00683 0.02885
2 0.88396 0.26923 0.00853 0.03365
2 0.58191 0.27764 0.00683 0.03365
7 0.48166 0.29627 0.00939 0.03486
2 0.59471 0.29928 0.01024 0.04327
7 0.45606 0.34255 0.01365 0.05769
2 0.62457 0.34014 0.01706 0.0601
7 0.38908 0.44591 0.03072 0.10817
2 0.69881 0.45132 0.03072 0.10938
7 0.5256 0.2506 0.00427 0.01803
7 0.54757 0.2476 0.00384 0.01683
2 0.61071 0.247 0.00469 0.01803
2 0.58447 0.2524 0.00512 0.01923
2 0.63823 0.24038 0.00512 0.01923
7 0.91041 0.26923 0.00683 0.02885
7 0.85239 0.26082 0.00683 0.02404
7 0.78498 0.25361 0.00512 0.01923
9 0.72163 0.23678 0.00299 0.01683
9 0.718 0.23738 0.00427 0.02043
2 0.71032 0.24519 0.00512 0.01923
2 0.69198 0.24159 0.00512 0.01442
2 0.67833 0.23798 0.00341 0.01442
1 0.83511 0.26142 0.00725 0.03005
2 0.6218 0.23618 0.00299 0.01562
1 0.90465 0.27163 0.00811 0.03606
7 0.72952 0.24159 0.00427 0.01442
7 0.69411 0.23377 0.00341 0.01322
7 0.58554 0.24099 0.00384 0.01562
7 0.57594 0.24399 0.00427 0.01683
2 0.60303 0.23377 0.00384 0.01562
2 0.66425 0.23438 0.00341 0.01442
7 0.67406 0.22957 0.00256 0.01202
