2.0 0.5469157799343093 0.36084335471511303 0.11076923076923077 0.06307692307692307
2.0 0.43809108781606115 0.4587807785899489 0.07230769230769231 0.04153846153846154
2.0 0.39006252497013216 0.5183033925054462 0.05384615384615385 0.03230769230769231
2.0 0.3556272425714345 0.5659782474815791 0.04461538461538461 0.024615384615384615
2.0 0.33584574639777576 0.6190486991577481 0.04153846153846154 0.026153846153846153
2.0 0.31709025139299035 0.6822527867524452 0.043076923076923075 0.026153846153846153
2.0 0.2999594195232527 0.7552551443228828 0.04461538461538461 0.027692307692307693
2.0 0.25432961704600476 0.7743746045538936 0.026153846153846153 0.016923076923076923
2.0 0.2573765417463417 0.7306373815343803 0.021538461538461538 0.013846153846153847
2.0 0.24379454957661434 0.7206290166666861 0.016923076923076923 0.010769230769230769
2.0 0.24907072548131473 0.7082334104672867 0.018461538461538463 0.009230769230769232
2.0 0.25459592835055284 0.7008970367881429 0.018461538461538463 0.007692307692307693
2.0 0.2593836125249923 0.6986300941804852 0.018461538461538463 0.009230769230769232
2.0 0.23827687611665382 0.7453876789341715 0.016923076923076923 0.009230769230769232
7.0 0.4220648848728055 0.7845033239679029 0.10307692307692308 0.06
7.0 0.5161736335683752 0.8339690365404792 0.14923076923076922 0.09230769230769231
1.0 0.2638943333660647 0.6971675114983097 0.027692307692307693 0.015384615384615385
2.0 0.22347038041017767 0.7665897189469805 0.015384615384615385 0.009230769230769232
