7.0 0.1532034110712111 0.5605251140156979 0.07749627421758569 0.12518628912071536
7.0 0.40331620570311266 0.4191048885428017 0.05514157973174367 0.08643815201192251
7.0 0.4849575898608653 0.37007015272229515 0.028315946348733235 0.04769001490312966
7.0 0.5310603135604669 0.35476623170418836 0.019374068554396422 0.03427719821162444
7.0 0.5660622080398652 0.3477065685736256 0.01639344262295082 0.026825633383010434
7.0 0.5785086297306499 0.3400417701695387 0.011922503725782414 0.022354694485842028
7.0 0.5794555341451428 0.3319719743627562 0.011922503725782414 0.019374068554396422
2.0 0.6378605140025821 0.5784459541650976 0.07600596125186289 0.12071535022354694
2.0 0.6127261826467505 0.452704073367826 0.038748137108792845 0.06408345752608048
2.0 0.6150703918148366 0.4063668466146355 0.026825633383010434 0.043219076005961254
2.0 0.6355023561508225 0.3886380676177894 0.019374068554396422 0.03278688524590164
2.0 0.6466613385666419 0.37693696023531065 0.01639344262295082 0.026825633383010434
2.0 0.6438239226525144 0.3627845576729012 0.013412816691505217 0.020864381520119227
2.0 0.2863337537187134 0.251888983578267 0.022354694485842028 0.03129657228017884
7.0 0.3136424924759298 0.27045221293387833 0.01788375558867362 0.028315946348733235
2.0 0.33997864354684515 0.2567216985427611 0.014903129657228018 0.02384500745156483
7.0 0.37690166724182317 0.27638177767721056 0.01639344262295082 0.02533532041728763
2.0 0.3852449821751673 0.26547493839300407 0.007451564828614009 0.014903129657228018
7.0 0.43048782771051286 0.28219257689216526 0.011922503725782414 0.020864381520119227
2.0 0.6353064476721577 0.3511947331708027 0.010432190760059613 0.01788375558867362
2.0 0.6291613712041434 0.3436043935111259 0.007451564828614009 0.011922503725782414
2.0 0.620817395660215 0.33408595255263535 0.004470938897168405 0.010432190760059613
7.0 0.4508246579230931 0.28384540230139627 0.010432190760059613 0.01639344262295082
7.0 0.4677482195829302 0.2835603085269909 0.00894187779433681 0.013412816691505217
7.0 0.4828398915560363 0.2854817957675991 0.007451564828614009 0.013412816691505217
7.0 0.4999172091521827 0.29024387697132215 0.00894187779433681 0.013412816691505217
7.0 0.5184332158871549 0.2941162700894645 0.005961251862891207 0.011922503725782414
7.0 0.5801279496748712 0.3158195834286343 0.005961251862891207 0.010432190760059613
7.0 0.5712489528135144 0.31006122483238086 0.005961251862891207 0.011922503725782414
7.0 0.5545364313279396 0.3044592663729449 0.007451564828614009 0.010432190760059613
2.0 0.6152379582255746 0.3272330744265417 0.007451564828614009 0.011922503725782414
2.0 0.6039394758653821 0.320945067176699 0.007451564828614009 0.010432190760059613
2.0 0.5895600742389902 0.3123462739030639 0.005961251862891207 0.011922503725782414
7.0 0.5325700906656763 0.2966271939840856 0.007451564828614009 0.011922503725782414
