2 0.69966 0.56971 0.04778 0.17788
2 0.52517 0.34375 0.01451 0.05769
2 0.4872 0.30168 0.00768 0.03846
2 0.4744 0.28245 0.00597 0.02885
2 0.46736 0.26983 0.00469 0.02524
2 0.46139 0.26262 0.00469 0.02284
2 0.4567 0.25781 0.00384 0.01803
2 0.44945 0.25361 0.00299 0.01683
2 0.43473 0.2518 0.00341 0.01562
2 0.4087 0.2524 0.00341 0.01683
7 0.24573 0.54688 0.0384 0.14183
7 0.34044 0.3774 0.01706 0.07212
7 0.36177 0.32091 0.01024 0.04327
7 0.37116 0.29447 0.00683 0.03125
7 0.37841 0.28245 0.00597 0.02644
7 0.38972 0.27284 0.00384 0.01923
7 0.39569 0.26502 0.00384 0.01803
7 0.37628 0.26322 0.00341 0.01923
2 0.37969 0.25481 0.00341 0.01683
7 0.36177 0.26442 0.00512 0.01923
2 0.07679 0.33534 0.01024 0.03606
7 0.08511 0.34916 0.00811 0.03966
2 0.1538 0.31611 0.00896 0.02644
7 0.17598 0.32512 0.00725 0.03245
2 0.19902 0.30108 0.00725 0.02524
2 0.22782 0.29026 0.00597 0.02043
7 0.24403 0.30469 0.00512 0.02764
2 0.25213 0.28065 0.00512 0.02043
7 0.27816 0.29207 0.00512 0.02163
2 0.27922 0.27344 0.00384 0.01803
7 0.2901 0.28546 0.00427 0.02284
7 0.29927 0.27825 0.00384 0.02043
7 0.30653 0.27344 0.00384 0.01803
2 0.31591 0.26442 0.00299 0.01683
7 0.32082 0.27163 0.00427 0.01923
1 0.09876 0.3131 0.00896 0.05168
1 0.17235 0.29928 0.00512 0.02885
1 0.20776 0.28786 0.00597 0.02764
