2 0.06399 0.34856 0.00853 0.03846
7 0.10196 0.378 0.01792 0.05409
2 0.15102 0.31731 0.01024 0.03125
2 0.17385 0.30529 0.00896 0.02885
2 0.2003 0.29387 0.00725 0.02284
7 0.21416 0.33113 0.01195 0.03966
2 0.25085 0.28245 0.00512 0.01923
7 0.26408 0.30349 0.00768 0.02764
7 0.28861 0.28846 0.0064 0.02404
7 0.30077 0.28245 0.00427 0.02163
2 0.29906 0.27404 0.00341 0.01923
2 0.34684 0.26683 0.00341 0.01923
7 0.34898 0.27284 0.00341 0.01923
2 0.39398 0.26142 0.00469 0.01803
7 0.40913 0.26623 0.00427 0.01803
2 0.43537 0.25721 0.00384 0.01442
7 0.4599 0.25962 0.00256 0.01683
2 0.46288 0.2524 0.00341 0.01683
7 0.48699 0.25541 0.00299 0.01562
7 0.25917 0.55769 0.04394 0.14423
9 0.36391 0.43389 0.03413 0.16106
9 0.38823 0.41827 0.02901 0.14904
7 0.47184 0.3732 0.01536 0.06611
7 0.52581 0.32332 0.01067 0.04327
7 0.57082 0.29627 0.00853 0.03486
7 0.60474 0.28606 0.00811 0.03125
7 0.6459 0.27764 0.00683 0.02885
7 0.66638 0.26923 0.00597 0.02644
7 0.66382 0.26202 0.00427 0.02163
7 0.66041 0.25421 0.00341 0.02043
7 0.65316 0.2494 0.00427 0.01803
7 0.62287 0.24639 0.00341 0.01442
7 0.60324 0.24519 0.00341 0.01442
9 0.71843 0.51202 0.04949 0.24279
9 0.70307 0.47596 0.0273 0.20192
2 0.69198 0.41106 0.02048 0.08654
2 0.68473 0.33654 0.01536 0.05288
2 0.72398 0.30769 0.01195 0.04567
2 0.77666 0.29688 0.01152 0.04087
2 0.78093 0.28245 0.00896 0.03606
2 0.76557 0.26743 0.00811 0.02764
2 0.74936 0.25781 0.00725 0.02524
2 0.73869 0.2512 0.0064 0.02163
2 0.71267 0.24579 0.00555 0.01803
2 0.69113 0.24339 0.00427 0.01803
2 0.67257 0.24159 0.00384 0.01683
2 0.64761 0.24159 0.00341 0.01442
2 0.62713 0.24038 0.00341 0.01442
2 0.59407 0.24038 0.00384 0.01442
7 0.58362 0.24399 0.00341 0.01442
2 0.56442 0.24099 0.00256 0.01322
7 0.56015 0.24459 0.00256 0.01322
7 0.53882 0.24579 0.00256 0.01322
7 0.52005 0.2488 0.00256 0.01442
7 0.50469 0.2518 0.00256 0.01562
2 0.51451 0.24519 0.00341 0.01442
2 0.53328 0.24279 0.00256 0.01442
2 0.77858 0.78305 0.02645 0.09736
