7 0.45478 0.26683 0.00512 0.02404
2 0.54778 0.26262 0.00683 0.02764
2 0.69838 0.25962 0.00597 0.02644
7 0.86199 0.27043 0.00725 0.02644
2 0.88055 0.28666 0.01024 0.03486
2 0.593 0.32212 0.01195 0.05288
7 0.26664 0.50962 0.03925 0.12981
7 0.41212 0.31851 0.01195 0.04567
7 0.43771 0.28546 0.00768 0.03245
9 0.4471 0.26623 0.00427 0.04447
7 0.46139 0.25661 0.00469 0.02043
7 0.43601 0.24459 0.00341 0.01803
7 0.41724 0.24279 0.00341 0.01683
2 0.7227 0.50962 0.0401 0.13942
2 0.56271 0.27825 0.00768 0.03486
9 0.55909 0.25962 0.00384 0.04327
2 0.54181 0.253 0.00512 0.02284
2 0.53648 0.24459 0.00469 0.02043
2 0.51984 0.23858 0.00469 0.01803
2 0.49979 0.23678 0.00469 0.01923
2 0.48166 0.23738 0.00427 0.01803
2 0.468 0.23678 0.00341 0.01683
2 0.45115 0.23377 0.00299 0.01562
2 0.65273 0.2512 0.00683 0.02644
2 0.62436 0.24579 0.00469 0.02284
2 0.62052 0.24099 0.00384 0.02043
2 0.64142 0.23558 0.00384 0.01923
2 0.66254 0.23317 0.00341 0.01442
2 0.62799 0.23738 0.00341 0.02043
7 0.68686 0.24399 0.00341 0.01923
7 0.69049 0.24579 0.00384 0.02284
7 0.71779 0.253 0.00384 0.02524
9 0.55589 0.26022 0.00341 0.04447
1 0.61924 0.3095 0.01408 0.06611
1 0.63567 0.27284 0.00939 0.04327
1 0.81485 0.28786 0.0128 0.05409
1 0.81741 0.25361 0.00683 0.03125
1 0.71416 0.25962 0.00768 0.03846
1 0.74339 0.2482 0.0064 0.03245
1 0.60196 0.2524 0.00768 0.03365
1 0.57743 0.24399 0.00555 0.02885
1 0.61092 0.23377 0.00427 0.02284
9 0.44369 0.26923 0.00512 0.04808
