7.0 0.6017248895213655 0.27621679661695314 0.02046783625730994 0.03070175438596491
7.0 0.5096016055615602 0.3346567433449269 0.021929824561403508 0.03654970760233918
7.0 0.6660166415685952 0.2488571732203183 0.02046783625730994 0.03216374269005848
7.0 0.4772706708903074 0.36744020537259975 0.02631578947368421 0.039473684210526314
7.0 0.4347102601412224 0.42624174356677696 0.03508771929824561 0.054093567251461985
2.0 0.6926919443324844 0.29190419902451603 0.04093567251461988 0.05847953216374269
2.0 0.7409101950352764 0.2683865867931256 0.04093567251461988 0.05847953216374269
2.0 0.6405750494335403 0.3278335566170667 0.043859649122807015 0.06286549707602339
2.0 0.6186303346978952 0.3760721248744793 0.04678362573099415 0.07163742690058479
7.0 0.4053808051309905 0.5016010639181446 0.049707602339181284 0.07602339181286549
2.0 0.693059978103975 0.466401379810725 0.09210526315789473 0.13450292397660818
7.0 0.5489055644116954 0.3059760620317894 0.02046783625730994 0.03216374269005848
