7.0 0.4871388308209264 0.33177566717263285 0.08333333333333333 0.06497175141242938
7.0 0.5783193166746056 0.374828066041623 0.06073446327683616 0.0480225988700565
7.0 0.6201750490212365 0.40098690649415775 0.05084745762711865 0.04096045197740113
7.0 0.6544168721761169 0.4217947255947763 0.0423728813559322 0.03389830508474576
7.0 0.6847860638495656 0.4462125489900837 0.038135593220338986 0.031073446327683617
7.0 0.7269707300010134 0.49202457074549144 0.038135593220338986 0.029661016949152543
7.0 0.7650097191556002 0.5346394950672044 0.03248587570621469 0.02401129943502825
7.0 0.7972216635247695 0.5762615484494533 0.031073446327683617 0.02401129943502825
7.0 0.8258971441651004 0.6172312310829791 0.031073446327683617 0.02401129943502825
7.0 0.8483919495503528 0.6502635732455039 0.029661016949152543 0.022598870056497175
2.0 0.7762766978095006 0.6908356559285013 0.0635593220338983 0.0480225988700565
2.0 0.7186796520086757 0.6931105712556211 0.09463276836158192 0.0748587570621469
2.0 0.6365550668948025 0.7613429954768011 0.14689265536723164 0.11864406779661017
