8 0.49744 0.34255 0.01365 0.05529
7 0.53498 0.31731 0.01024 0.04327
7 0.60943 0.29928 0.00811 0.03606
8 0.40636 0.42608 0.02346 0.09495
8 0.72056 0.40325 0.02218 0.08534
8 0.76109 0.53185 0.04437 0.14784
8 0.19923 0.66286 0.06655 0.22236
2 0.1459 0.33654 0.01621 0.04808
2 0.17619 0.23918 0.00939 0.03846
7 0.18601 0.23558 0.01024 0.03365
7 0.18942 0.3137 0.01195 0.04327
7 0.65956 0.28606 0.00683 0.03125
7 0.73123 0.28606 0.00683 0.02885
7 0.83362 0.29087 0.00853 0.02885
2 0.90956 0.31851 0.01451 0.04567
9 0.92534 0.29087 0.01365 0.05288
9 0.89846 0.28846 0.01195 0.05529
2 0.83532 0.31731 0.01195 0.04327
2 0.7884 0.31851 0.01536 0.04567
2 0.75043 0.32692 0.01451 0.05048
2 0.70968 0.34014 0.01664 0.05529
2 0.27304 0.3125 0.01621 0.03365
7 0.29522 0.31611 0.01621 0.03606
