8.0 0.7751552428493129 0.5482971089255808 0.11864406779661017 0.13983050847457626
8.0 0.5810902343016828 0.4993258867567069 0.05790960451977401 0.06779661016949153
8.0 0.5361942369038128 0.46762238806218803 0.038135593220338986 0.043785310734463276
2.0 0.5476600416265508 0.4550976134372189 0.03672316384180791 0.043785310734463276
8.0 0.5260561966696619 0.4520111751038764 0.031073446327683617 0.03672316384180791
9.0 0.5148514043104114 0.4383688846247875 0.03954802259887006 0.0480225988700565
9.0 0.510105114983513 0.4389074525951377 0.03248587570621469 0.04519774011299435
8.0 0.5040796906471287 0.444726034494911 0.022598870056497175 0.02824858757062147
2.0 0.4990373492308349 0.4441979408713666 0.0211864406779661 0.025423728813559324
8.0 0.3482698217294076 0.7316784612646104 0.1059322033898305 0.11864406779661017
8.0 0.3669056420329852 0.6016516231228433 0.05790960451977401 0.0635593220338983
8.0 0.395786312416111 0.5423176811133614 0.0423728813559322 0.0480225988700565
8.0 0.4030909945507382 0.5185522001951441 0.03389830508474576 0.038135593220338986
9.0 0.40708420726996625 0.4969372126599286 0.04096045197740113 0.0480225988700565
9.0 0.4116997527836197 0.4907666739641984 0.03248587570621469 0.0423728813559322
8.0 0.4222590835625162 0.4877206155442754 0.02401129943502825 0.02824858757062147
7.0 0.43156284493350255 0.47850551387224427 0.022598870056497175 0.026836158192090395
7.0 0.3818197130922071 0.5431443571373303 0.03389830508474576 0.03954802259887006
8.0 0.3190519601588911 0.5750334128376848 0.03531073446327684 0.04096045197740113
8.0 0.2153483970628661 0.6277896177409293 0.031073446327683617 0.03672316384180791
