7 0.25832 0.59195 0.05077 0.15986
7 0.45819 0.42428 0.02218 0.09135
7 0.57381 0.36779 0.01536 0.06731
7 0.66553 0.33534 0.01365 0.05529
7 0.72355 0.3125 0.01195 0.04567
7 0.73635 0.29087 0.00853 0.03846
7 0.71928 0.27404 0.00853 0.03365
7 0.70563 0.26202 0.00512 0.02404
7 0.68857 0.2524 0.00427 0.01923
2 0.90017 0.48918 0.0401 0.1274
2 0.85282 0.28065 0.01109 0.03726
2 0.79053 0.26022 0.00853 0.02524
2 0.75917 0.2518 0.0064 0.02284
2 0.74317 0.24519 0.00512 0.01923
2 0.73166 0.24279 0.00512 0.01683
2 0.72142 0.23798 0.00427 0.01683
2 0.71416 0.23558 0.00341 0.01442
2 0.70435 0.23317 0.00341 0.01442
2 0.68942 0.23317 0.00341 0.01442
2 0.06421 0.40024 0.00896 0.05048
7 0.15614 0.42548 0.02218 0.06971
2 0.13268 0.36058 0.01365 0.03846
2 0.17491 0.33654 0.01024 0.03365
2 0.20648 0.32452 0.00853 0.02644
7 0.22334 0.30409 0.00555 0.02404
2 0.24829 0.3107 0.00683 0.02284
7 0.26131 0.3762 0.01493 0.05529
2 0.2788 0.30108 0.0064 0.02284
7 0.30119 0.34736 0.01024 0.04087
7 0.30738 0.33113 0.00555 0.03486
1 0.51749 0.35156 0.01877 0.08534
1 0.08255 0.57332 0.0448 0.12981
1 0.09172 0.34315 0.00939 0.04688
1 0.35388 0.32212 0.01067 0.05048
1 0.36455 0.30288 0.00725 0.04087
1 0.37201 0.29267 0.00597 0.03486
1 0.39249 0.31731 0.01109 0.03125
1 0.91937 0.41226 0.02901 0.13462
2 0.92491 0.7494 0.02816 0.16466
7 0.52986 0.25661 0.00427 0.01803
7 0.55994 0.2524 0.00384 0.01923
7 0.58554 0.2488 0.00384 0.01683
7 0.6041 0.24519 0.00341 0.01442
7 0.61199 0.24219 0.00299 0.01562
7 0.61028 0.23918 0.00213 0.01442
7 0.61604 0.23618 0.00256 0.01322
7 0.62756 0.23498 0.00256 0.01082
7 0.65188 0.23618 0.00256 0.01322
7 0.6602 0.23438 0.00213 0.01202
7 0.67726 0.24639 0.00384 0.01923
7 0.49808 0.26262 0.00299 0.01562
7 0.47334 0.26502 0.00299 0.01562
7 0.45179 0.26803 0.00256 0.01202
7 0.4247 0.27163 0.00299 0.01442
7 0.4055 0.27464 0.00299 0.01803
7 0.38097 0.28125 0.00341 0.01923
7 0.34962 0.29147 0.00384 0.02043
7 0.32935 0.29808 0.00427 0.02163
7 0.30269 0.3143 0.00384 0.02524
7 0.30845 0.30228 0.00427 0.02043
2 0.30525 0.29207 0.00299 0.01923
2 0.375 0.27404 0.00256 0.01683
2 0.19305 0.28425 0.00384 0.01562
2 0.28498 0.27284 0.00341 0.01683
2 0.41553 0.26502 0.00256 0.01562
2 0.43409 0.26322 0.00299 0.01683
2 0.45414 0.25962 0.00213 0.01442
2 0.47035 0.25841 0.00299 0.01683
2 0.49147 0.25661 0.00256 0.01562
2 0.51301 0.253 0.00299 0.01562
2 0.53648 0.2506 0.00299 0.01562
1 0.39377 0.28245 0.00512 0.02404
1 0.41276 0.27404 0.00299 0.02163
1 0.43131 0.25841 0.00256 0.01683
1 0.46459 0.25361 0.00256 0.01683
1 0.55162 0.24219 0.00256 0.01562
1 0.52858 0.24099 0.00256 0.01562
1 0.5384 0.23738 0.00256 0.01322
1 0.54565 0.23498 0.00256 0.01322
1 0.53392 0.247 0.00299 0.01562
1 0.53413 0.23438 0.00256 0.00962
1 0.17385 0.3119 0.00469 0.01562
2 0.20414 0.28486 0.00725 0.01202
2 0.55823 0.2476 0.00299 0.01442
2 0.56741 0.24399 0.00341 0.01442
