7.0 0.46223986402562206 0.2930765497651995 0.008771929824561403 0.021052631578947368
7.0 0.48020354241412627 0.28216487127099926 0.007017543859649123 0.017543859649122806
2.0 0.5208694825062704 0.28478269835315123 0.007017543859649123 0.02280701754385965
2.0 0.5634892651040232 0.2686716518536846 0.007017543859649123 0.017543859649122806
2.0 0.7013136416753292 0.2544729700529254 0.007017543859649123 0.021052631578947368
7.0 0.455138877150214 0.30917039468081325 0.008771929824561403 0.02631578947368421
2.0 0.8298733076173502 0.25282379174237096 0.010526315789473684 0.02456140350877193
2.0 0.5668194036022469 0.33353073350498025 0.017543859649122806 0.04736842105263158
7.0 0.40613191320256287 0.42885459822635785 0.02982456140350877 0.08070175438596491
2.0 0.6246194230121748 0.39550271812972465 0.031578947368421054 0.07894736842105263
7.0 0.25391544920147363 0.7472141930685463 0.07017543859649122 0.16842105263157894
2.0 0.8881005969615706 0.6704410876206761 0.07192982456140351 0.16666666666666666
2.0 0.545326786642085 0.30788871748434854 0.012280701754385965 0.03684210526315789
2.0 0.5307334569264215 0.2911915811781034 0.012280701754385965 0.028070175438596492
7.0 0.4378626791479628 0.3460976097652218 0.015789473684210527 0.043859649122807015
7.0 0.5023811369910939 0.27726982598262595 0.007017543859649123 0.017543859649122806
2.0 0.5393588024404403 0.2765305029508393 0.007017543859649123 0.017543859649122806
2.0 0.580521712432945 0.26277936690367526 0.007017543859649123 0.017543859649122806
2.0 0.6556995978208973 0.25246269371852786 0.007017543859649123 0.017543859649122806
7.0 0.6919654908628478 0.24909579150379904 0.007017543859649123 0.014035087719298246
7.0 0.7260921927061421 0.250344557006618 0.007017543859649123 0.014035087719298246
7.0 0.7923034170246972 0.24873982804371142 0.007017543859649123 0.017543859649122806
7.0 0.8468400737843526 0.24639657665589815 0.008771929824561403 0.02280701754385965
9.0 0.6148257016189668 0.24660338190864853 0.005263157894736842 0.015789473684210527
9.0 0.6123561074889602 0.24690660993950977 0.0035087719298245615 0.014035087719298246
9.0 0.6616249779286949 0.24411512193092125 0.005263157894736842 0.01929824561403509
9.0 0.6580700627314895 0.24346562109427833 0.005263157894736842 0.01929824561403509
1.0 0.8581068624572714 0.25479614471233536 0.014035087719298246 0.03508771929824561
1.0 0.7853465819518708 0.2534040332798464 0.010526315789473684 0.028070175438596492
1.0 0.7113881592453923 0.2532359748367766 0.008771929824561403 0.02280701754385965
1.0 0.6697123971859648 0.25182812783964637 0.007017543859649123 0.021052631578947368
1.0 0.6186640720258739 0.2526570764255447 0.005263157894736842 0.014035087719298246
1.0 0.5967393841585878 0.25806406344370963 0.007017543859649123 0.021052631578947368
2.0 0.5700862434315112 0.2548116704826761 0.005263157894736842 0.014035087719298246
2.0 0.58486777311393 0.25572075060941224 0.0035087719298245615 0.015789473684210527
2.0 0.5874785475057716 0.2581151616675404 0.007017543859649123 0.017543859649122806
1.0 0.5178752212495913 0.2666613755192871 0.005263157894736842 0.014035087719298246
7.0 0.5363115775173128 0.2627686913030372 0.005263157894736842 0.014035087719298246
7.0 0.5291458838989787 0.26256253830935034 0.0035087719298245615 0.014035087719298246
7.0 0.5291773348347201 0.2690836637619063 0.005263157894736842 0.015789473684210527
1.0 0.5481948833546816 0.25260358868265426 0.005263157894736842 0.017543859649122806
2.0 0.5522665245952783 0.2559136672972174 0.005263157894736842 0.014035087719298246
2.0 0.6357729208904326 0.2505563739301557 0.005263157894736842 0.014035087719298246
2.0 0.6222630353872531 0.2489481607621575 0.005263157894736842 0.014035087719298246
2.0 0.6080442770341531 0.24797903091768042 0.005263157894736842 0.014035087719298246
7.0 0.6503994581295134 0.24386445814310242 0.0035087719298245615 0.014035087719298246
1.0 0.5977736184140532 0.249240109226533 0.005263157894736842 0.01929824561403509
1.0 0.4752112702206259 0.27135685524367226 0.005263157894736842 0.015789473684210527
7.0 0.4853955171167823 0.2662963736639569 0.005263157894736842 0.014035087719298246
7.0 0.5057614238689693 0.26706277327335476 0.005263157894736842 0.012280701754385965
1.0 0.5122251630179038 0.26626912590016194 0.005263157894736842 0.014035087719298246
1.0 0.4327787131706354 0.2874449133364671 0.010526315789473684 0.02982456140350877
