2.0 0.48360541570759824 0.653021831974133 0.1511627906976744 0.10465116279069768
2.0 0.6027702890671158 0.5007308275159711 0.0625 0.04215116279069767
2.0 0.610132932756308 0.44031808055854305 0.040697674418604654 0.027616279069767442
2.0 0.6073427440606478 0.3915012982381382 0.03197674418604651 0.020348837209302327
2.0 0.5902102512770291 0.34999228485493633 0.03197674418604651 0.020348837209302327
2.0 0.565989451775182 0.3063903947780902 0.027616279069767442 0.0188953488372093
2.0 0.5291278961290029 0.247847671800191 0.03197674418604651 0.02180232558139535
2.0 0.482579851552669 0.18604695790151712 0.036337209302325583 0.02616279069767442
7.0 0.4909612818470844 0.2615899837374621 0.050872093023255814 0.036337209302325583
7.0 0.5014108758204613 0.31363687889019726 0.056686046511627904 0.036337209302325583
7.0 0.4489780192660861 0.332869186744237 0.07994186046511628 0.05377906976744186
