7 0.72056 0.26623 0.00939 0.03726
7 0.83447 0.26683 0.00853 0.03365
7 0.8814 0.27043 0.01195 0.04087
7 0.61519 0.28305 0.00853 0.03486
7 0.66126 0.27284 0.01024 0.03606
7 0.54458 0.30108 0.00981 0.04447
2 0.74061 0.30889 0.01536 0.05769
2 0.82253 0.30529 0.01621 0.05769
2 0.92022 0.30769 0.01451 0.05769
7 0.50171 0.3155 0.01024 0.04688
2 0.67747 0.32933 0.01536 0.0625
7 0.45307 0.34135 0.01536 0.0625
7 0.4087 0.3774 0.01877 0.07452
2 0.64974 0.40505 0.02389 0.08894
2 0.76387 0.60938 0.05418 0.1875
7 0.19539 0.72776 0.06911 0.20553
7 0.36241 0.44111 0.02602 0.10337
7 0.79522 0.26683 0.00853 0.03846
7 0.93409 0.27404 0.01152 0.04327
