2.0 0.712242481145537 0.5094554178953713 0.014903129657228018 0.00894187779433681
2.0 0.7183321117235927 0.5132367567882574 0.013412816691505217 0.007451564828614009
7.0 0.6554759257285837 0.4156185694074889 0.019374068554396422 0.011922503725782414
7.0 0.6693952984465008 0.42845240459816025 0.014903129657228018 0.00894187779433681
2.0 0.6899531714136573 0.47807495825378254 0.019374068554396422 0.010432190760059613
2.0 0.7028236337591748 0.49665922424307407 0.01639344262295082 0.010432190760059613
2.0 0.7494471664899157 0.6100125185255175 0.01639344262295082 0.010432190760059613
2.0 0.759177921540663 0.6458450954749352 0.01639344262295082 0.010432190760059613
7.0 0.6376260509543622 0.41346367508179316 0.02533532041728763 0.014903129657228018
2.0 0.6739242395813437 0.475503562280502 0.02384500745156483 0.014903129657228018
2.0 0.7815554350762542 0.7208647885670715 0.020864381520119227 0.014903129657228018
2.0 0.6626123207576614 0.4946292127990665 0.03129657228017884 0.020864381520119227
7.0 0.5938168593131651 0.4076639671178484 0.043219076005961254 0.026825633383010434
2.0 0.6406557697086774 0.526231033766698 0.04769001490312966 0.029806259314456036
7.0 0.4782986402210399 0.3995848045861355 0.08792846497764531 0.05514157973174367
2.0 0.5854511409799691 0.6191537704035109 0.09239940387481371 0.05961251862891207
2.0 0.7179276833708534 0.5111122718314284 0.013412816691505217 0.007451564828614009
2.0 0.7160916108593904 0.4973935358152774 0.011922503725782414 0.007451564828614009
2.0 0.7101536377833761 0.48223283643072923 0.00894187779433681 0.004470938897168405
7.0 0.6801029996477961 0.4454761875492107 0.014903129657228018 0.00894187779433681
7.0 0.693275474623923 0.46711537363927663 0.014903129657228018 0.007451564828614009
7.0 0.6993252996302739 0.47197464794711125 0.011922503725782414 0.005961251862891207
7.0 0.790866063154751 0.7310626105764617 0.01639344262295082 0.010432190760059613
7.0 0.7761970036204774 0.6847678287915926 0.01639344262295082 0.00894187779433681
7.0 0.7595128261449362 0.6278476407868436 0.01788375558867362 0.010432190760059613
7.0 0.7508005018787031 0.5979489993306378 0.014903129657228018 0.010432190760059613
7.0 0.7465464849865419 0.5785339433247886 0.011922503725782414 0.007451564828614009
2.0 0.7387167428466804 0.5694814470270033 0.013412816691505217 0.00894187779433681
9.0 0.7471253754200426 0.5705045034759073 0.01788375558867362 0.010432190760059613
9.0 0.7475410011800305 0.5667968105449835 0.014903129657228018 0.007451564828614009
7.0 0.7433747292660124 0.5616685348605674 0.010432190760059613 0.005961251862891207
2.0 0.7356474028482808 0.5516856034188369 0.011922503725782414 0.007451564828614009
7.0 0.7402415588804949 0.5472569792039845 0.010432190760059613 0.005961251862891207
2.0 0.7338997265016977 0.5393468271820698 0.011922503725782414 0.007451564828614009
9.0 0.733882156458757 0.5322751659635078 0.01639344262295082 0.00894187779433681
9.0 0.7325066676779858 0.5302064289303862 0.014903129657228018 0.007451564828614009
2.0 0.7306243348223457 0.5269436420843807 0.011922503725782414 0.005961251862891207
2.0 0.7284522476943044 0.5147767281692565 0.00894187779433681 0.004470938897168405
7.0 0.6853170719219086 0.4284083998479417 0.010432190760059613 0.007451564828614009
7.0 0.6900721293032029 0.4454886988798225 0.011922503725782414 0.007451564828614009
2.0 0.6773051105553402 0.4647014831951625 0.020864381520119227 0.013412816691505217
7.0 0.6815406397534236 0.41833997172422127 0.007451564828614009 0.004470938897168405
7.0 0.6816858424829925 0.4163386249877562 0.007451564828614009 0.004470938897168405
2.0 0.6973376517535499 0.4473534195611106 0.00894187779433681 0.005961251862891207
2.0 0.7027915853334156 0.46254550481872686 0.010432190760059613 0.005961251862891207
7.0 0.7339056122242137 0.5205937811074102 0.007451564828614009 0.004470938897168405
