7 0.09545 0.68051 0.06091 0.12426
7 0.42386 0.44559 0.02045 0.04559
8 0.1375 0.47537 0.02136 0.04632
8 0.21068 0.41985 0.01227 0.02941
2 0.85318 0.73015 0.06727 0.14265
2 0.73114 0.48419 0.025 0.05809
2 0.77523 0.43676 0.01773 0.03824
9 0.85386 0.42059 0.01318 0.04412
9 0.8725 0.42132 0.01227 0.04265
2 0.86273 0.42757 0.00636 0.02868
9 0.74114 0.3886 0.00955 0.03456
7 0.75023 0.39485 0.00591 0.02059
9 0.7575 0.38934 0.00864 0.03309
2 0.41932 0.40037 0.01318 0.03015
7 0.63636 0.38934 0.00909 0.02279
7 0.51136 0.37978 0.00818 0.02132
7 0.43091 0.37169 0.00727 0.01838
7 0.40136 0.36507 0.00545 0.01544
2 0.30955 0.3864 0.00909 0.02132
2 0.2925 0.3739 0.00591 0.01544
7 0.81136 0.39522 0.00636 0.01838
7 0.81705 0.38713 0.005 0.01544
2 0.92 0.40625 0.00727 0.01544
2 0.87386 0.3886 0.00409 0.01103
2 0.80955 0.37279 0.00364 0.00882
7 0.79659 0.37757 0.00409 0.0125
2 0.74955 0.3625 0.00273 0.00882
2 0.67068 0.35221 0.00318 0.00882
2 0.59386 0.34632 0.00227 0.00735
2 0.51864 0.34485 0.00273 0.00735
2 0.44295 0.34706 0.00227 0.00735
2 0.37182 0.35221 0.00273 0.00882
2 0.31977 0.36176 0.005 0.01324
7 0.40477 0.35772 0.00409 0.01397
7 0.43523 0.35294 0.00409 0.01176
7 0.48182 0.34926 0.00364 0.01029
7 0.5375 0.34779 0.00318 0.01029
7 0.59727 0.34926 0.00273 0.01029
7 0.65591 0.35368 0.00273 0.01029
7 0.71295 0.36066 0.00318 0.01103
7 0.75636 0.36801 0.00364 0.01103
