8.0 0.4969985033257161 0.5427474681642157 0.04735376044568245 0.05153203342618384
8.0 0.2601571446999971 0.37391395499502583 0.04735376044568245 0.05013927576601671
8.0 0.36354982051555335 0.3653135624559669 0.023676880222841225 0.025069637883008356
8.0 0.48799281187903054 0.4554173102863277 0.025069637883008356 0.027855153203342618
8.0 0.4828696601942726 0.42689115362156105 0.016713091922005572 0.019498607242339833
8.0 0.37889560605813 0.35396494613262564 0.016713091922005572 0.019498607242339833
8.0 0.41193905989276564 0.36237958241413654 0.013927576601671309 0.016713091922005572
8.0 0.435637198965068 0.3789218577753429 0.012534818941504178 0.013927576601671309
8.0 0.46139286726894047 0.3966644341641717 0.012534818941504178 0.01532033426183844
8.0 0.47871698735982066 0.4101995201830526 0.012534818941504178 0.01532033426183844
