7 0.36568 0.48419 0.02773 0.05956
7 0.56909 0.41213 0.01545 0.03162
7 0.69705 0.3989 0.01045 0.02426
7 0.82659 0.40294 0.00682 0.02059
2 0.84136 0.43676 0.01545 0.03235
2 0.77591 0.45588 0.02 0.04412
2 0.75318 0.55221 0.03455 0.08088
8 0.70659 0.38272 0.00682 0.01691
8 0.615 0.36985 0.00545 0.01618
8 0.65727 0.36618 0.00455 0.01324
8 0.74318 0.37831 0.00455 0.01397
2 0.85545 0.39779 0.00636 0.01618
2 0.80773 0.38272 0.00455 0.0125
2 0.93364 0.44044 0.00545 0.025
2 0.80614 0.375 0.00318 0.00882
2 0.83295 0.375 0.00318 0.00882
2 0.88 0.38015 0.00273 0.00735
7 0.92636 0.39044 0.00273 0.01029
7 0.93455 0.40735 0.00364 0.01471
7 0.89273 0.39485 0.00364 0.01176
7 0.88295 0.38787 0.00409 0.01103
7 0.89477 0.3864 0.00318 0.01103
