9.0 0.4967463440960559 0.45492420174088877 0.12277580071174377 0.05516014234875445
9.0 0.4891267781366883 0.3965482044008318 0.10498220640569395 0.046263345195729534
2.0 0.4729839007034152 0.426074495709738 0.0711743772241993 0.033807829181494664
2.0 0.4759926920330478 0.29973722643922435 0.05693950177935943 0.026690391459074734
2.0 0.5174088663312245 0.30402256494660623 0.03914590747330961 0.017793594306049824
2.0 0.5682495385995359 0.36041162115145625 0.033807829181494664 0.01601423487544484
2.0 0.6239497706366981 0.4537105696564663 0.023131672597864767 0.012455516014234875
2.0 0.66966768778323 0.5458143786276812 0.028469750889679714 0.012455516014234875
2.0 0.7134244351336001 0.6522040071557584 0.023131672597864767 0.010676156583629894
2.0 0.7500936792883478 0.7615828853937107 0.028469750889679714 0.010676156583629894
7.0 0.7567488438321972 0.7544802081832206 0.019572953736654804 0.008896797153024912
7.0 0.7133352667514674 0.6279105660622373 0.019572953736654804 0.010676156583629894
7.0 0.6574409362911768 0.49528765999025826 0.019572953736654804 0.008896797153024912
7.0 0.6028290886214128 0.37948604962793214 0.021352313167259787 0.012455516014234875
7.0 0.5105217427265129 0.22446378710888482 0.02491103202846975 0.012455516014234875
