2 0.71283 0.82124 0.05341 0.11101
2 0.63188 0.57605 0.03139 0.07168
7 0.3348 0.4917 0.01872 0.04108
7 0.11977 0.50087 0.01707 0.04021
9 0.72467 0.5035 0.01542 0.06469
2 0.71503 0.51661 0.00826 0.04196
9 0.70457 0.50918 0.02588 0.0708
9 0.5234 0.46591 0.01377 0.05245
7 0.51349 0.4764 0.01156 0.03497
9 0.49945 0.46766 0.01652 0.05245
2 0.90584 0.51224 0.01322 0.03147
2 0.7935 0.50481 0.01432 0.03759
7 0.58728 0.46198 0.01267 0.0271
7 0.8359 0.48077 0.00771 0.02273
8 0.86344 0.47072 0.00551 0.01661
8 0.88078 0.4646 0.00385 0.01311
8 0.89069 0.46066 0.00275 0.01049
8 0.89785 0.45804 0.00275 0.00874
2 0.71311 0.45586 0.00661 0.01661
7 0.54213 0.43488 0.00496 0.01661
2 0.54983 0.4257 0.00385 0.01049
7 0.57985 0.44712 0.00661 0.01836
2 0.64014 0.43794 0.00496 0.01224
7 0.48376 0.42701 0.00496 0.01486
2 0.46724 0.41871 0.00385 0.01049
7 0.42208 0.42264 0.00496 0.01486
7 0.34279 0.42045 0.00385 0.01399
7 0.26156 0.42351 0.0033 0.01311
7 0.17731 0.43094 0.00441 0.01399
7 0.09664 0.44143 0.00385 0.01573
2 0.15198 0.42832 0.0033 0.01049
8 0.79543 0.44712 0.00385 0.01311
8 0.80286 0.44362 0.0022 0.01136
8 0.76046 0.45105 0.00551 0.01748
2 0.36068 0.41652 0.0033 0.00962
2 0.25661 0.42002 0.0033 0.00962
8 0.88051 0.4528 0.0033 0.00874
8 0.85518 0.4493 0.0033 0.01049
8 0.83205 0.44537 0.0033 0.00962
