7.0 0.28048671224722543 0.6214251914499085 0.038109756097560975 0.056402439024390245
7.0 0.23988569874621998 0.5809361067873265 0.022865853658536585 0.0350609756097561
7.0 0.18101847432528162 0.5965562856126749 0.01676829268292683 0.024390243902439025
7.0 0.7480609292788156 0.38284401448085215 0.0350609756097561 0.04725609756097561
2.0 0.1897359999882076 0.5634576485706784 0.01524390243902439 0.019817073170731708
2.0 0.2685128778727373 0.5179909272892905 0.013719512195121951 0.021341463414634148
2.0 0.3752212724687935 0.4745757643772387 0.021341463414634148 0.027439024390243903
2.0 0.5096930858324796 0.4488383699605511 0.03353658536585366 0.04420731707317073
8.0 0.6473792893185857 0.354139275333508 0.018292682926829267 0.024390243902439025
8.0 0.5187784584512902 0.399110572991362 0.01676829268292683 0.021341463414634148
8.0 0.6090879952055253 0.3448698236267005 0.013719512195121951 0.018292682926829267
8.0 0.521246445787747 0.37684153294659545 0.010670731707317074 0.01524390243902439
8.0 0.5901768259218294 0.341678017946885 0.009146341463414634 0.013719512195121951
8.0 0.5097944133335042 0.37184845903854397 0.007621951219512195 0.012195121951219513
8.0 0.5212070026321688 0.3606679282729329 0.006097560975609756 0.010670731707317074
8.0 0.5406125047083445 0.35330589513770366 0.007621951219512195 0.012195121951219513
8.0 0.5617863005811946 0.34559926369355765 0.007621951219512195 0.012195121951219513
8.0 0.5764546731983405 0.3402604126757911 0.007621951219512195 0.012195121951219513
