7.0 0.1718194014763481 0.5883412519457039 0.04152249134948097 0.07612456747404844
7.0 0.6519476415418283 0.4211061553998073 0.02249134948096886 0.04152249134948097
7.0 0.795809260407852 0.393127928367569 0.020761245674740483 0.03460207612456748
2.0 0.3952265799732091 0.43659535705296076 0.020761245674740483 0.03806228373702422
2.0 0.2346827103776752 0.4410200120181474 0.01730103806228374 0.031141868512110725
8.0 0.4361574834272859 0.40090477635039995 0.01730103806228374 0.029411764705882353
8.0 0.6063858934874918 0.3853000448305402 0.01903114186851211 0.031141868512110725
8.0 0.586699090763111 0.36759478549586627 0.010380622837370242 0.02249134948096886
8.0 0.5733670475772633 0.3580103391883832 0.00865051903114187 0.01730103806228374
8.0 0.5628720808260882 0.3526799928860714 0.006920415224913495 0.015570934256055362
8.0 0.45676094012069934 0.37873599381210726 0.006920415224913495 0.01903114186851211
8.0 0.4491203111044579 0.37091750362774406 0.00865051903114187 0.015570934256055362
8.0 0.539714814192624 0.355212986269079 0.006920415224913495 0.012110726643598616
8.0 0.5051996112684677 0.3585559806825945 0.005190311418685121 0.012110726643598616
8.0 0.474359844819242 0.36241552400619226 0.006920415224913495 0.012110726643598616
