2.0 0.5528 0.29995000000000005 0.162109375 0.060546875
2.0 0.31837 0.36516000000000004 0.076171875 0.025390625
2.0 0.24867999999999998 0.42200000000000004 0.052734375 0.017578125
2.0 0.21330999999999997 0.48278 0.04296875 0.013671875
2.0 0.19640999999999997 0.5155000000000001 0.03515625 0.009765625
2.0 0.40601999999999994 0.75517 0.111328125 0.037109375
2.0 0.29830999999999996 0.63435 0.072265625 0.025390625
2.0 0.25078999999999996 0.60778 0.0546875 0.017578125
2.0 0.22438999999999998 0.6461600000000001 0.044921875 0.013671875
2.0 0.20538999999999996 0.66486 0.0390625 0.01171875
2.0 0.18267999999999998 0.65822 0.03125 0.009765625
2.0 0.17792999999999998 0.55413 0.021484375 0.0078125
2.0 0.16314999999999996 0.57087 0.01953125 0.00390625
2.0 0.15575999999999998 0.58342 0.013671875 0.00390625
2.0 0.15258999999999998 0.65822 0.009765625 0.001953125
2.0 0.15152999999999997 0.68135 0.0078125 0.00390625
2.0 0.15522999999999998 0.66732 0.01171875 0.00390625
2.0 0.16155999999999998 0.6719999999999999 0.017578125 0.001953125
2.0 0.17106999999999997 0.6744600000000001 0.015625 0.00390625
