2.0 0.71054403408368 0.3782561588309559 0.07531380753138076 0.06694560669456066
9.0 0.4938988069649118 0.5490682919720907 0.08228730822873083 0.07252440725244072
2.0 0.48746605123838516 0.5705620249644933 0.04881450488145049 0.04184100418410042
9.0 0.4637014669828843 0.5735857829133608 0.0697350069735007 0.0599721059972106
2.0 0.4169237447326419 0.6097238302643077 0.03486750348675035 0.03207810320781032
2.0 0.40284497391060986 0.5895117256332645 0.026499302649930265 0.023709902370990237
7.0 0.34200123235350344 0.6790701995509127 0.02092050209205021 0.01813110181311018
7.0 0.3631149028356913 0.6189076444266862 0.016736401673640166 0.016736401673640166
2.0 0.41300993728122265 0.5464652849292648 0.02092050209205021 0.019525801952580194
8.0 0.2983924834689938 0.714645600274545 0.009762900976290097 0.008368200836820083
8.0 0.3149611894120231 0.7025065892364353 0.01394700139470014 0.01394700139470014
7.0 0.41122158394048836 0.5239445914165888 0.011157601115760111 0.009762900976290097
2.0 0.44262224271326644 0.4890141407490149 0.01394700139470014 0.012552301255230125
7.0 0.4522675119450425 0.45910431673714747 0.011157601115760111 0.009762900976290097
2.0 0.4750550757878161 0.43664799727027115 0.015341701534170154 0.012552301255230125
7.0 0.5027024078872924 0.38854409172793797 0.011157601115760111 0.009762900976290097
2.0 0.5157082327605812 0.3806229650230725 0.012552301255230125 0.012552301255230125
7.0 0.5545485285714267 0.32544929407700224 0.009762900976290097 0.008368200836820083
2.0 0.5600588186995313 0.32590882567744456 0.01394700139470014 0.011157601115760111
2.0 0.6137743185521273 0.2691493798376368 0.01394700139470014 0.011157601115760111
7.0 0.6218298212089214 0.25379620660304686 0.009762900976290097 0.009762900976290097
