7 0.17727 0.45956 0.01909 0.04265
7 0.39932 0.44044 0.01773 0.04265
7 0.57432 0.4136 0.01136 0.03309
7 0.63364 0.39449 0.01 0.02426
7 0.61864 0.37721 0.00818 0.01912
7 0.58159 0.36728 0.00682 0.01544
7 0.84864 0.40331 0.00727 0.02132
2 0.92182 0.43419 0.01 0.02721
2 0.75705 0.55184 0.035 0.08309
2 0.73545 0.38125 0.00818 0.01985
2 0.66545 0.36691 0.00545 0.01324
9 0.56091 0.40625 0.01727 0.05515
9 0.58455 0.40257 0.01273 0.05074
9 0.77591 0.44926 0.02727 0.07059
9 0.79273 0.44081 0.01545 0.06397
8 0.86023 0.39081 0.00591 0.01544
8 0.76955 0.375 0.00455 0.01471
7 0.47114 0.35699 0.005 0.01397
7 0.52727 0.35956 0.00545 0.01471
7 0.40045 0.35809 0.00545 0.01471
7 0.32773 0.36324 0.00455 0.01324
7 0.25159 0.37279 0.005 0.01324
7 0.17727 0.3864 0.00545 0.01544
7 0.10909 0.40441 0.00727 0.01912
8 0.79432 0.36985 0.005 0.01176
8 0.86841 0.38346 0.00409 0.0125
2 0.13091 0.38897 0.00364 0.01176
2 0.23023 0.37059 0.00318 0.01176
2 0.32341 0.35846 0.00318 0.00956
2 0.41568 0.35257 0.00318 0.00956
2 0.51023 0.35184 0.00318 0.00956
2 0.58364 0.35588 0.00364 0.01029
8 0.79705 0.36581 0.00318 0.00956
8 0.81886 0.36544 0.00318 0.00882
8 0.83795 0.36912 0.00318 0.00882
8 0.85932 0.37206 0.00318 0.00882
8 0.87205 0.37831 0.00318 0.00956
8 0.87432 0.375 0.00318 0.00882
2 0.83568 0.43346 0.01409 0.02868
