7.0 0.2988006149950851 0.37859971912150875 0.06915629322268327 0.0677731673582296
7.0 0.5418699425709955 0.4609055305122784 0.029045643153526972 0.027662517289073305
7.0 0.6304070221257885 0.5282238160753913 0.019363762102351315 0.017980636237897647
7.0 0.6880580733604654 0.588677610628017 0.015214384508990318 0.015214384508990318
7.0 0.7435117146007552 0.6599658802913969 0.013831258644536652 0.013831258644536652
2.0 0.5570101002818009 0.6800938303386705 0.07607192254495158 0.07607192254495158
2.0 0.6322046039952685 0.600548751773522 0.03734439834024896 0.03734439834024896
2.0 0.6846880022640446 0.6207865397570755 0.02627939142461964 0.02627939142461964
2.0 0.7246071857471555 0.6598813029638559 0.022130013831258646 0.02074688796680498
8.0 0.7033653864935754 0.5951499770345419 0.009681881051175657 0.009681881051175657
8.0 0.723781836958045 0.6159248330718538 0.009681881051175657 0.008298755186721992
8.0 0.6938246296559818 0.5699073185792294 0.008298755186721992 0.008298755186721992
2.0 0.7581380038331198 0.6552430191128769 0.008298755186721992 0.006915629322268326
2.0 0.752795729821922 0.6545838412717784 0.006915629322268326 0.006915629322268326
