7.0 0.4074689786594538 0.45275856318843183 0.015570934256055362 0.0328719723183391
7.0 0.5252515869309535 0.3774085933595268 0.015570934256055362 0.029411764705882353
7.0 0.7179768253607173 0.2886278836581276 0.015570934256055362 0.025951557093425604
2.0 0.7052125479777411 0.32898448019059967 0.02249134948096886 0.04152249134948097
2.0 0.6345141696366544 0.3948278981539237 0.02768166089965398 0.05190311418685121
2.0 0.6399982129132649 0.48273078917762496 0.03806228373702422 0.08650519031141868
2.0 0.1774269337357492 0.5626883476951715 0.020761245674740483 0.03806228373702422
2.0 0.8202084399895879 0.27377712719266983 0.01384083044982699 0.03633217993079585
8.0 0.35291599340388774 0.44018253067203095 0.01384083044982699 0.025951557093425604
8.0 0.19978219615810316 0.5195436512674352 0.01384083044982699 0.02422145328719723
8.0 0.32634108866361555 0.4333173452466682 0.00865051903114187 0.01903114186851211
8.0 0.3098133586878064 0.4313017512857331 0.006920415224913495 0.015570934256055362
8.0 0.2972348920416837 0.4306543394247396 0.005190311418685121 0.01384083044982699
8.0 0.27587260205041503 0.440893268493997 0.005190311418685121 0.012110726643598616
8.0 0.24585621669418933 0.4561948810789499 0.006920415224913495 0.010380622837370242
8.0 0.21814528254975796 0.4702064036011453 0.006920415224913495 0.012110726643598616
8.0 0.2099841742255287 0.4920793671893977 0.006920415224913495 0.015570934256055362
8.0 0.19805293282457323 0.48941777888745275 0.006920415224913495 0.01384083044982699
9.0 0.8561360693434281 0.620559861014174 0.06401384083044982 0.17647058823529413
