7.0 0.3566318429366063 0.39826384548756 0.05817174515235457 0.05678670360110803
7.0 0.3868784437861765 0.33886801449544046 0.030470914127423823 0.029085872576177285
7.0 0.3572263630178034 0.2892677461486493 0.023545706371191136 0.02077562326869806
2.0 0.5960038591810675 0.555994330777607 0.04016620498614958 0.04016620498614958
2.0 0.5268996833317988 0.42643128292145616 0.027700831024930747 0.02631578947368421
2.0 0.4544713480794166 0.34311201425950383 0.019390581717451522 0.018005540166204988
2.0 0.39181475138916133 0.2865341054532965 0.01662049861495845 0.015235457063711912
8.0 0.6386983655479316 0.5359628797124695 0.019390581717451522 0.019390581717451522
8.0 0.6566849815343891 0.5256644025433667 0.013850415512465374 0.012465373961218837
8.0 0.7070455230865131 0.5756420752028738 0.013850415512465374 0.012465373961218837
8.0 0.7113454643952143 0.5968887263419235 0.01662049861495845 0.013850415512465374
8.0 0.7185122502470235 0.6416895728171687 0.023545706371191136 0.0221606648199446
8.0 0.6559943221170381 0.5117476329468155 0.0110803324099723 0.0110803324099723
8.0 0.68075673985801 0.5322888417976032 0.008310249307479225 0.009695290858725761
8.0 0.6940341630963608 0.549151708861271 0.006925207756232687 0.008310249307479225
8.0 0.703066580731838 0.5607313186037349 0.009695290858725761 0.008310249307479225
8.0 0.6685513954084187 0.517059197289758 0.008310249307479225 0.006925207756232687
