2.0 0.5836307696088966 0.5179361326826967 0.0375 0.04027777777777778
2.0 0.718209385854529 0.6242255619954606 0.03333333333333333 0.03611111111111111
7.0 0.2534263253880324 0.43186399758430916 0.0763888888888889 0.08194444444444444
9.0 0.4842740501783832 0.41695454667466453 0.03888888888888889 0.043055555555555555
2.0 0.47119270221039183 0.41410262550593047 0.02638888888888889 0.027777777777777776
9.0 0.46933732270563205 0.4015008667386346 0.03611111111111111 0.04027777777777778
9.0 0.314408293156553 0.35038792058299817 0.05416666666666667 0.059722222222222225
9.0 0.30664927367138856 0.33737017686934834 0.044444444444444446 0.05
2.0 0.44186489126099515 0.3778998874452632 0.02361111111111111 0.025
7.0 0.2803005923994091 0.3093079721484868 0.022222222222222223 0.02361111111111111
2.0 0.2997079172034963 0.2897035935509496 0.013888888888888888 0.015277777777777777
7.0 0.38606022825953984 0.3286748843702156 0.015277777777777777 0.016666666666666666
2.0 0.453180121469171 0.3695765755389922 0.016666666666666666 0.019444444444444445
2.0 0.4828469581483326 0.3771114831732561 0.013888888888888888 0.015277777777777777
2.0 0.7878416528503692 0.6237527564130362 0.013888888888888888 0.015277777777777777
2.0 0.7589078982163547 0.5855266445616789 0.0125 0.013888888888888888
7.0 0.7894791528436207 0.6109507296215616 0.009722222222222222 0.009722222222222222
2.0 0.7275134314617869 0.5513562291776465 0.009722222222222222 0.009722222222222222
7.0 0.7527132646030781 0.5710855302164123 0.009722222222222222 0.011111111111111112
2.0 0.6905475383055385 0.516370878910938 0.009722222222222222 0.011111111111111112
7.0 0.704740735208151 0.5234996146951568 0.008333333333333333 0.009722222222222222
2.0 0.6478346360217688 0.4807761207030241 0.008333333333333333 0.008333333333333333
2.0 0.60723217481718 0.4492419885773419 0.009722222222222222 0.009722222222222222
7.0 0.6029662404356204 0.44141366429074147 0.009722222222222222 0.009722222222222222
2.0 0.5648719032973464 0.42065824846274513 0.008333333333333333 0.009722222222222222
7.0 0.5489015329953444 0.4057126337337749 0.008333333333333333 0.009722222222222222
2.0 0.525716504321535 0.3973599482951499 0.009722222222222222 0.011111111111111112
7.0 0.4993006595472101 0.3763073797126588 0.009722222222222222 0.011111111111111112
7.0 0.4288313567477539 0.34211818909115355 0.011111111111111112 0.013888888888888888
8.0 0.36442511889142465 0.30711984024884714 0.011111111111111112 0.011111111111111112
8.0 0.351505095585685 0.29430578707403954 0.008333333333333333 0.009722222222222222
8.0 0.34274600850416787 0.2858677255438486 0.008333333333333333 0.009722222222222222
8.0 0.33467113880899146 0.27965823544343316 0.005555555555555556 0.006944444444444444
8.0 0.2997476616975556 0.2796430078659207 0.011111111111111112 0.011111111111111112
8.0 0.29863176184344603 0.27099822443300475 0.008333333333333333 0.009722222222222222
8.0 0.30991767334380593 0.2683609518189938 0.005555555555555556 0.005555555555555556
8.0 0.32502740807470204 0.274877642345916 0.006944444444444444 0.006944444444444444
8.0 0.29599100196936495 0.2634794085866172 0.006944444444444444 0.006944444444444444
