2.0 0.47981737263463686 0.7549581945626481 0.0951048951048951 0.08531468531468532
2.0 0.5587748001585462 0.6495829012639422 0.044755244755244755 0.04055944055944056
2.0 0.6169606932326089 0.6774902060830907 0.03076923076923077 0.026573426573426574
2.0 0.6579971580072346 0.730780174501719 0.026573426573426574 0.022377622377622378
7.0 0.5727004584724756 0.5617244910831299 0.022377622377622378 0.019580419580419582
7.0 0.6300033908327712 0.6448591727082761 0.016783216783216783 0.015384615384615385
7.0 0.4573320622320718 0.44765638142687236 0.03496503496503497 0.03076923076923077
7.0 0.31437735414704976 0.37336926378913776 0.06573426573426573 0.06013986013986014
8.0 0.3476120313055972 0.2843960535686347 0.032167832167832165 0.027972027972027972
8.0 0.3586395060618925 0.2559111043388556 0.019580419580419582 0.016783216783216783
8.0 0.3621511193809816 0.24264086302237342 0.013986013986013986 0.012587412587412588
8.0 0.36364330082055085 0.23351091261035167 0.011188811188811189 0.009790209790209791
7.0 0.6825101777586644 0.7400199470014982 0.012587412587412588 0.011188811188811189
