7.0 0.43460670365366016 0.5560071556557741 0.05491329479768786 0.04335260115606936
2.0 0.39061311303080837 0.5449754194311517 0.033236994219653176 0.02601156069364162
7.0 0.391548841197927 0.4431399480586948 0.023121387283236993 0.01878612716763006
7.0 0.4295822940627112 0.3164496346787858 0.02601156069364162 0.02023121387283237
2.0 0.5398205192860975 0.25017315514464866 0.06213872832369942 0.049132947976878616
2.0 0.5060306359530296 0.1884311554277072 0.04335260115606936 0.036127167630057806
2.0 0.35130196655890583 0.655944793332601 0.023121387283236993 0.017341040462427744
2.0 0.3359673336416911 0.6698130997511844 0.017341040462427744 0.014450867052023121
9.0 0.4527993033397454 0.2065930404749478 0.03757225433526012 0.028901734104046242
9.0 0.458091979333324 0.19033498843176616 0.036127167630057806 0.02745664739884393
7.0 0.365967994464196 0.524346398721955 0.023121387283236993 0.01878612716763006
7.0 0.3517023900035846 0.5527520926325783 0.02023121387283237 0.015895953757225433
7.0 0.46106091173149727 0.20051117927058523 0.024566473988439308 0.01878612716763006
2.0 0.3307988298520569 0.6369818020650956 0.014450867052023121 0.011560693641618497
7.0 0.45609046705220846 0.14603146679921844 0.01300578034682081 0.010115606936416185
7.0 0.34867655992141566 0.5127390236834801 0.01300578034682081 0.010115606936416185
2.0 0.3348236689675757 0.5797683678140318 0.010115606936416185 0.008670520231213872
7.0 0.3461870954430681 0.5457889184454459 0.01300578034682081 0.010115606936416185
2.0 0.43095885110607046 0.19014517391126246 0.0072254335260115606 0.004335260115606936
7.0 0.40044954611288874 0.28377269457120397 0.010115606936416185 0.0072254335260115606
7.0 0.35580542124949244 0.4630837221960404 0.011560693641618497 0.0072254335260115606
7.0 0.36782863622163964 0.4050114773081274 0.010115606936416185 0.0072254335260115606
7.0 0.3830548398762327 0.34327927792301716 0.010115606936416185 0.0072254335260115606
7.0 0.4201170875068657 0.22708350324589752 0.008670520231213872 0.005780346820809248
7.0 0.43703149414653103 0.18424017263132775 0.010115606936416185 0.0072254335260115606
