7 0.19909 0.69412 0.05 0.12353
7 0.19886 0.51654 0.02591 0.05662
7 0.13659 0.48235 0.01773 0.03971
7 0.17659 0.41691 0.00773 0.01912
2 0.75523 0.53051 0.04227 0.08309
2 0.47614 0.43199 0.02045 0.04191
2 0.31091 0.41875 0.01 0.02868
2 0.17295 0.43015 0.01045 0.02206
2 0.08864 0.43309 0.00727 0.01765
2 0.13727 0.41397 0.00545 0.01618
8 0.31932 0.39522 0.00682 0.01985
8 0.425 0.37353 0.00818 0.01618
8 0.37136 0.37316 0.00545 0.01397
8 0.28409 0.39154 0.00636 0.01397
2 0.14727 0.40699 0.00636 0.01397
2 0.13068 0.40625 0.005 0.01397
2 0.09591 0.41397 0.00455 0.01176
7 0.22386 0.38897 0.005 0.01176
7 0.22455 0.39485 0.00455 0.01029
7 0.19182 0.39007 0.00364 0.00809
7 0.08364 0.41287 0.00455 0.01103
