2.0 0.5018501343368937 0.1377316123965475 0.032692307692307694 0.015384615384615385
2.0 0.4996485423882002 0.30722846605044846 0.04038461538461539 0.021153846153846155
2.0 0.44629920955749536 0.8756504213994888 0.06538461538461539 0.028846153846153848
7.0 0.5491480223858175 0.8993409164474062 0.025 0.009615384615384616
7.0 0.5401828858283367 0.7061781138700894 0.032692307692307694 0.011538461538461539
7.0 0.5091908474618918 0.582540168862102 0.04423076923076923 0.019230769230769232
8.0 0.5423761412740427 0.3387435665310536 0.023076923076923078 0.011538461538461539
8.0 0.5654654436261701 0.3543429785080524 0.021153846153846155 0.0057692307692307696
8.0 0.5539659012248911 0.5096344017548907 0.025 0.011538461538461539
8.0 0.5736379669941519 0.4778376186789355 0.019230769230769232 0.0057692307692307696
8.0 0.5836527776744966 0.45976962275079397 0.015384615384615385 0.0057692307692307696
8.0 0.5743037967286534 0.34334643776643836 0.01730769230769231 0.007692307692307693
8.0 0.5882108487370628 0.42471119541220864 0.011538461538461539 0.0038461538461538464
8.0 0.5867910254921814 0.39301668597878336 0.015384615384615385 0.0057692307692307696
8.0 0.5841527437486199 0.36485905718543366 0.013461538461538462 0.0038461538461538464
8.0 0.5903074132234968 0.4460932465220043 0.015384615384615385 0.0038461538461538464
