2 0.91045 0.51838 0.03091 0.06176
2 0.64523 0.45257 0.02045 0.04926
2 0.54795 0.41176 0.00864 0.03088
9 0.55682 0.40551 0.01545 0.04779
9 0.54386 0.40257 0.00955 0.04632
9 0.35841 0.41912 0.01955 0.05
2 0.58409 0.38051 0.00909 0.02279
2 0.64205 0.37353 0.00773 0.02059
2 0.72068 0.37169 0.00682 0.01691
2 0.79182 0.37574 0.00636 0.01912
2 0.40386 0.37978 0.00864 0.01691
2 0.3225 0.38309 0.00773 0.01618
7 0.27409 0.47463 0.02364 0.04338
7 0.31227 0.39853 0.00909 0.01765
7 0.25545 0.39926 0.00818 0.01618
7 0.50614 0.37463 0.00773 0.01544
7 0.5725 0.36691 0.00773 0.01765
7 0.77568 0.36728 0.00591 0.01397
7 0.68955 0.3636 0.00636 0.01544
9 0.36432 0.41213 0.01136 0.04485
2 0.54273 0.39301 0.00273 0.02279
8 0.41364 0.37132 0.00455 0.01176
8 0.42 0.36287 0.00273 0.00809
8 0.4425 0.35515 0.00318 0.00735
8 0.425 0.35588 0.00273 0.00588
8 0.46114 0.35368 0.00227 0.00735
8 0.47432 0.35331 0.00227 0.00662
8 0.47955 0.35588 0.00273 0.00882
8 0.48545 0.35882 0.00273 0.00882
8 0.49386 0.36544 0.00318 0.01029
7 0.12159 0.41838 0.00591 0.01471
7 0.18864 0.40662 0.00545 0.01471
2 0.14886 0.40735 0.00409 0.01029
2 0.23114 0.39301 0.005 0.0125
2 0.87341 0.38382 0.005 0.01471
7 0.87705 0.37757 0.00318 0.01397
