9 0.88568 0.66397 0.09136 0.225
2 0.69136 0.49706 0.03182 0.06912
2 0.69 0.42426 0.01818 0.04118
7 0.17932 0.55 0.02864 0.06912
7 0.12955 0.48529 0.01727 0.03971
7 0.51136 0.40147 0.01364 0.02941
2 0.32318 0.41691 0.01273 0.02941
2 0.74614 0.39485 0.01227 0.02941
2 0.83591 0.38603 0.00909 0.02353
2 0.92205 0.39007 0.00773 0.02132
8 0.34523 0.38934 0.00773 0.01985
8 0.47023 0.3761 0.00773 0.01985
7 0.60727 0.37904 0.00909 0.02279
2 0.19614 0.42243 0.01045 0.02279
2 0.06682 0.44559 0.00636 0.01912
7 0.75795 0.36728 0.00682 0.01838
7 0.86568 0.37206 0.00591 0.01765
8 0.45045 0.3625 0.00545 0.01471
8 0.43841 0.35625 0.00409 0.01103
8 0.42841 0.35221 0.00409 0.01029
8 0.41205 0.35331 0.00409 0.00956
8 0.34841 0.36691 0.00409 0.01029
8 0.35659 0.37243 0.005 0.01397
8 0.365 0.35882 0.00364 0.01029
8 0.38773 0.35625 0.00364 0.00956
