7.0 0.4827259045582616 0.43225407176416725 0.03257328990228013 0.05211726384364821
7.0 0.6538071726095105 0.3874539513903981 0.024429967426710098 0.035830618892508145
2.0 0.8013966471916044 0.46816934365390656 0.04234527687296417 0.07003257328990228
2.0 0.8595082690537746 0.4208229166790327 0.02768729641693811 0.04723127035830619
7.0 0.8126246190569419 0.3731991177757545 0.016286644951140065 0.026058631921824105
7.0 0.1247252058366868 0.664113490410396 0.043973941368078175 0.0749185667752443
8.0 0.654320252514419 0.3614701821787394 0.013029315960912053 0.026058631921824105
8.0 0.6966730574067662 0.3502807381412118 0.013029315960912053 0.021172638436482084
2.0 0.7719366906561982 0.34626145221917065 0.009771986970684038 0.014657980456026058
2.0 0.7655353869615993 0.33836501537799063 0.006514657980456026 0.014657980456026058
2.0 0.8380826435727665 0.3615324487192954 0.011400651465798045 0.021172638436482084
8.0 0.5310791445942993 0.3582641429706039 0.013029315960912053 0.02280130293159609
8.0 0.5843385751770729 0.34616944951144846 0.008143322475570033 0.019543973941368076
7.0 0.8754740532612123 0.3504812922328565 0.008143322475570033 0.016286644951140065
7.0 0.8597261316098788 0.34385026097692345 0.006514657980456026 0.013029315960912053
7.0 0.8701473711098859 0.3402655195489714 0.006514657980456026 0.013029315960912053
2.0 0.7947733315686583 0.33527330495922913 0.004885993485342019 0.009771986970684038
