7.0 0.16145899330925925 0.3542191179883368 0.07658959537572255 0.06069364161849711
7.0 0.6854723835770343 0.5738118573698541 0.03901734104046243 0.028901734104046242
7.0 0.7810546461608129 0.6408923731255515 0.030346820809248554 0.023121387283236993
2.0 0.5124204971078666 0.3988560270898094 0.036127167630057806 0.028901734104046242
2.0 0.41279438745704744 0.2847702896985961 0.02601156069364162 0.02023121387283237
8.0 0.5625276563096353 0.3985342440605713 0.023121387283236993 0.017341040462427744
8.0 0.6746635813457742 0.5046276411757765 0.024566473988439308 0.01878612716763006
8.0 0.5882191364348054 0.3964210808294573 0.017341040462427744 0.01300578034682081
8.0 0.5878943894214276 0.38477836212513394 0.01300578034682081 0.008670520231213872
8.0 0.606481776211737 0.39530824449377183 0.010115606936416185 0.008670520231213872
8.0 0.6266560692178439 0.41197465149525997 0.011560693641618497 0.008670520231213872
8.0 0.6468611194630779 0.4318508925651531 0.010115606936416185 0.008670520231213872
8.0 0.6606600661728506 0.4451949843770162 0.014450867052023121 0.010115606936416185
8.0 0.6652550639373006 0.45698890639560197 0.014450867052023121 0.011560693641618497
8.0 0.6687999150260994 0.4738997630270445 0.01878612716763006 0.014450867052023121
