7.0 0.5838435052803261 0.7772403001314845 0.10900473933649289 0.06635071090047394
7.0 0.4457213958633261 0.7378279544357034 0.04897314375987362 0.03317535545023697
7.0 0.4052552166029815 0.7786211092550972 0.036334913112164295 0.023696682464454975
7.0 0.36329267437777446 0.7329308307117718 0.01579778830963665 0.011058451816745656
2.0 0.5806250498169738 0.30835740760296915 0.07266982622432859 0.052132701421800945
2.0 0.4418017645998641 0.5033887504548796 0.036334913112164295 0.02527646129541864
2.0 0.3946697258008065 0.6289054545490063 0.023696682464454975 0.01263823064770932
2.0 0.37277541980916984 0.7387128161084339 0.020537124802527645 0.014218009478672985
2.0 0.35626453109758893 0.8049204399224288 0.01579778830963665 0.009478672985781991
2.0 0.3522404545499815 0.7628471897351441 0.01579778830963665 0.009478672985781991
8.0 0.3782498311688635 0.6171205913313914 0.017377567140600316 0.011058451816745656
8.0 0.3849467503850613 0.530117223779244 0.014218009478672985 0.009478672985781991
8.0 0.37270011918145507 0.5717405521723266 0.011058451816745656 0.007898894154818325
8.0 0.36753411030270117 0.6436919387061025 0.014218009478672985 0.009478672985781991
2.0 0.34904289477637407 0.7535158759279896 0.011058451816745656 0.009478672985781991
2.0 0.34476882118608154 0.7662498415912817 0.01263823064770932 0.007898894154818325
2.0 0.3430193094461353 0.7950051443590502 0.011058451816745656 0.00631911532385466
7.0 0.3521077197565673 0.6899485940272094 0.009478672985781991 0.00631911532385466
7.0 0.3568333329894063 0.6907230462641563 0.007898894154818325 0.00631911532385466
7.0 0.34581971832907854 0.7151053668938482 0.007898894154818325 0.004739336492890996
7.0 0.3394284680411428 0.8042999906748408 0.009478672985781991 0.004739336492890996
