2.0 0.48179829609786584 0.5469918703146877 0.06408094435075885 0.0387858347386172
2.0 0.4703996935875219 0.7803916454286804 0.04384485666104553 0.026981450252951095
8.0 0.4102856472433471 0.4997954263276433 0.0387858347386172 0.023608768971332208
8.0 0.39081125617661994 0.2646253907556747 0.03709949409780776 0.02023608768971332
8.0 0.3617147525682845 0.3198048629100495 0.02866779089376054 0.01517706576728499
8.0 0.37583763503611683 0.4808597442173625 0.025295109612141653 0.01517706576728499
8.0 0.3482939045224312 0.3477380504521824 0.02023608768971332 0.011804384485666104
8.0 0.34050573777552406 0.3677919661432954 0.016863406408094434 0.01011804384485666
8.0 0.3428212340377339 0.3948351817381936 0.016863406408094434 0.01011804384485666
8.0 0.34635276389613684 0.43372696881080747 0.01517706576728499 0.006745362563237774
8.0 0.36276961755317594 0.4960023444394204 0.01854974704890388 0.01011804384485666
8.0 0.34949923549985007 0.46948231927119377 0.016863406408094434 0.008431703204047217
