8.0 0.41862345724224587 0.21504996150863265 0.034108527131782945 0.023255813953488372
7.0 0.5180879139145095 0.42211770407821975 0.046511627906976744 0.03255813953488372
7.0 0.6285221576353582 0.49792818349884443 0.024806201550387597 0.017054263565891473
7.0 0.697065373103592 0.6308684863040426 0.03255813953488372 0.020155038759689922
2.0 0.5255332582580671 0.7541341062938641 0.11782945736434108 0.08217054263565891
2.0 0.6516956598948501 0.7057798521622062 0.06511627906976744 0.04186046511627907
2.0 0.555382162952608 0.40935738821528816 0.034108527131782945 0.024806201550387597
2.0 0.5016624102006703 0.29655665800163916 0.02635658914728682 0.017054263565891473
7.0 0.5857951704699561 0.3844352265678796 0.017054263565891473 0.010852713178294573
7.0 0.5879546834517863 0.41509967082097443 0.023255813953488372 0.012403100775193798
7.0 0.5770745118087532 0.383103841404731 0.018604651162790697 0.012403100775193798
2.0 0.500534139893476 0.27356142740201794 0.017054263565891473 0.012403100775193798
2.0 0.5275744012793908 0.2967759597450142 0.015503875968992248 0.009302325581395349
