8 0.31773 0.68676 0.02818 0.05
8 0.36364 0.66544 0.02182 0.04118
8 0.40091 0.64853 0.01545 0.03382
8 0.54091 0.70956 0.02545 0.05588
8 0.55182 0.68088 0.01636 0.04559
8 0.55727 0.66029 0.00909 0.03529
8 0.47318 0.65441 0.01545 0.03529
8 0.54409 0.60515 0.00818 0.01618
8 0.56636 0.60956 0.00727 0.01765
8 0.61773 0.61029 0.00818 0.01765
2 0.64227 0.80294 0.05182 0.09853
2 0.54 0.73088 0.03091 0.06618
2 0.12182 0.63676 0.02091 0.03382
2 0.225 0.62132 0.01545 0.02794
2 0.28318 0.61176 0.01182 0.02353
2 0.33182 0.60368 0.00909 0.01912
2 0.36136 0.59926 0.00818 0.01618
7 0.14182 0.80662 0.06364 0.10147
7 0.20591 0.68235 0.03 0.05
7 0.27591 0.70662 0.03364 0.05735
7 0.30136 0.64779 0.01727 0.03676
7 0.36045 0.63015 0.01182 0.02794
7 0.40136 0.61912 0.01 0.02059
7 0.42909 0.61029 0.00909 0.01912
7 0.44136 0.60515 0.00818 0.01618
9 0.56545 0.70147 0.03273 0.09265
9 0.28364 0.675 0.03636 0.08235
2 0.38205 0.59596 0.00591 0.01397
2 0.36 0.59044 0.00545 0.01176
2 0.335 0.5864 0.00455 0.01103
2 0.32455 0.58456 0.00455 0.00882
2 0.31523 0.58272 0.00409 0.00956
2 0.32523 0.57868 0.00409 0.00882
2 0.34864 0.57904 0.00455 0.00956
2 0.36864 0.57904 0.00364 0.00809
2 0.40136 0.57904 0.00364 0.00809
2 0.42864 0.57978 0.00364 0.00809
2 0.45341 0.58088 0.00409 0.00882
2 0.475 0.58125 0.00364 0.00956
2 0.50068 0.58235 0.00409 0.00882
2 0.53 0.58382 0.00364 0.00882
2 0.55864 0.58529 0.00364 0.00882
2 0.58545 0.59632 0.00455 0.01029
2 0.58636 0.6011 0.00545 0.0125
2 0.58091 0.59779 0.00455 0.01176
2 0.59182 0.58787 0.00455 0.00956
2 0.61386 0.59081 0.00409 0.00956
2 0.60295 0.59485 0.00409 0.01029
2 0.61977 0.59412 0.00409 0.01029
7 0.37795 0.58346 0.00409 0.00956
7 0.38432 0.58566 0.00409 0.00956
7 0.39364 0.58272 0.00364 0.00809
7 0.40409 0.58787 0.00455 0.00956
7 0.41818 0.58272 0.00364 0.00809
7 0.42455 0.58971 0.00455 0.01029
7 0.44341 0.58346 0.00409 0.00809
7 0.44568 0.59338 0.00409 0.01029
7 0.46705 0.58419 0.00409 0.00809
7 0.45545 0.6011 0.00636 0.0125
7 0.45591 0.59596 0.00545 0.0125
7 0.49023 0.58456 0.00409 0.00882
7 0.51614 0.59522 0.00409 0.01103
7 0.51932 0.59743 0.005 0.01103
7 0.52341 0.59449 0.00409 0.01103
7 0.53773 0.59338 0.00364 0.01029
7 0.55409 0.59301 0.00455 0.00956
7 0.56227 0.59118 0.00364 0.00882
7 0.55659 0.58897 0.00409 0.00882
8 0.6475 0.60919 0.00682 0.0125
8 0.62205 0.60588 0.00682 0.01324
8 0.60341 0.60221 0.00591 0.01176
9 0.59591 0.59853 0.00818 0.01912
9 0.53545 0.59816 0.00636 0.01985
8 0.53341 0.60221 0.00591 0.01324
