2 0.385 0.69338 0.01909 0.03676
2 0.48864 0.69118 0.01545 0.03235
2 0.58182 0.69191 0.01636 0.03382
7 0.10773 0.85882 0.04091 0.07647
7 0.35045 0.65515 0.01 0.01912
7 0.28136 0.65515 0.01091 0.01912
7 0.21409 0.65515 0.01182 0.02059
2 0.3375 0.60882 0.00318 0.00735
2 0.31455 0.60882 0.00364 0.00735
2 0.29523 0.60882 0.00318 0.00735
2 0.28068 0.60882 0.00318 0.00735
7 0.25864 0.61029 0.00364 0.00735
7 0.24159 0.60956 0.00318 0.00735
7 0.18841 0.60735 0.00318 0.00735
7 0.22182 0.60809 0.00273 0.00735
