2.0 0.6710022999483046 0.6343550126992501 0.07468879668049792 0.07745504840940526
2.0 0.480671684458534 0.7195470338936192 0.048409405255878286 0.048409405255878286
2.0 0.4305616052314819 0.7524022216908798 0.04149377593360996 0.042876901798063624
8.0 0.36454388218648276 0.7750619851580385 0.027662517289073305 0.027662517289073305
9.0 0.43003505235541667 0.7280050190393258 0.04979253112033195 0.05255878284923928
8.0 0.41884079045064987 0.7307278054597284 0.024896265560165973 0.02627939142461964
8.0 0.4145560429765678 0.7209208811273426 0.02074688796680498 0.022130013831258646
8.0 0.42577078129699775 0.6684370316780647 0.009681881051175657 0.009681881051175657
8.0 0.43923224820271417 0.6521138781700303 0.009681881051175657 0.009681881051175657
8.0 0.425845994764817 0.6634617512401709 0.008298755186721992 0.008298755186721992
8.0 0.41545366941041206 0.6721234085942921 0.008298755186721992 0.009681881051175657
8.0 0.3980790880103334 0.6975731385707783 0.011065006915629323 0.012448132780082987
8.0 0.3826191135462919 0.7097399821832919 0.011065006915629323 0.012448132780082987
8.0 0.37402856483365526 0.7160741488989055 0.011065006915629323 0.011065006915629323
9.0 0.40933828362510594 0.6744755486801903 0.015214384508990318 0.015214384508990318
7.0 0.3616927176643698 0.7240272175723375 0.009681881051175657 0.009681881051175657
7.0 0.36258501030427237 0.7197265630700642 0.008298755186721992 0.009681881051175657
7.0 0.3583648266369948 0.7256228660243865 0.011065006915629323 0.011065006915629323
7.0 0.38189907669542156 0.6981241760769966 0.009681881051175657 0.009681881051175657
7.0 0.38624030148946004 0.6921188872026124 0.008298755186721992 0.008298755186721992
2.0 0.40053603892922296 0.6827441779962378 0.009681881051175657 0.009681881051175657
2.0 0.40388114150364074 0.6804373977729788 0.008298755186721992 0.009681881051175657
2.0 0.3384602209117853 0.7309378707276816 0.009681881051175657 0.009681881051175657
2.0 0.31714834865676467 0.751527964785643 0.008298755186721992 0.009681881051175657
7.0 0.332001693913014 0.7406029669898588 0.006915629322268326 0.008298755186721992
8.0 0.42298409151856425 0.7459126992285378 0.034578146611341634 0.035961272475795295
9.0 0.37338279419859366 0.7117480454631201 0.013831258644536652 0.015214384508990318
2.0 0.4200003068835336 0.6596152800589519 0.008298755186721992 0.009681881051175657
2.0 0.4155512358710467 0.6611722272476683 0.008298755186721992 0.008298755186721992
2.0 0.4113046825722236 0.6691982352762008 0.011065006915629323 0.011065006915629323
2.0 0.38111435169210245 0.6914741733720682 0.006915629322268326 0.006915629322268326
7.0 0.3818883738250191 0.6949796349771599 0.006915629322268326 0.008298755186721992
2.0 0.4020558901957461 0.6719226929849245 0.006915629322268326 0.006915629322268326
2.0 0.360779442396251 0.7097838079424827 0.006915629322268326 0.006915629322268326
7.0 0.3657616993070875 0.7080993598461983 0.008298755186721992 0.008298755186721992
