2.0 0.8142891832187732 0.3467912448297788 0.08217054263565891 0.06356589147286822
7.0 0.6675671398345215 0.43759499249396133 0.031007751937984496 0.021705426356589147
7.0 0.6403714330734603 0.5137425413887887 0.024806201550387597 0.018604651162790697
7.0 0.6205187225065939 0.576718115461406 0.023255813953488372 0.017054263565891473
2.0 0.5943930326732624 0.4644657902053215 0.006201550387596899 0.004651162790697674
2.0 0.5893757796245912 0.4827586594902105 0.006201550387596899 0.004651162790697674
2.0 0.5854695323863753 0.4976065166251215 0.004651162790697674 0.004651162790697674
2.0 0.5827308998727037 0.5088608251445391 0.006201550387596899 0.0031007751937984496
7.0 0.5642751499648521 0.5713387992950268 0.006201550387596899 0.0031007751937984496
7.0 0.570962260298744 0.5498075391840828 0.004651162790697674 0.0031007751937984496
7.0 0.5757596570247083 0.5369435717093846 0.006201550387596899 0.006201550387596899
7.0 0.5802134470996684 0.5251114289103126 0.007751937984496124 0.004651162790697674
2.0 0.5450975056448685 0.6313119702254928 0.004651162790697674 0.0031007751937984496
2.0 0.5295914616576082 0.6809098801244666 0.004651162790697674 0.0031007751937984496
