8.0 0.22242074548212812 0.35115863496341293 0.04022191400832178 0.038834951456310676
8.0 0.30745461299683835 0.4281270880971549 0.030513176144244106 0.02912621359223301
8.0 0.33158903859429617 0.4715053263409023 0.03467406380027739 0.0319001386962552
8.0 0.3457580793416162 0.5030183289690425 0.0319001386962552 0.02912621359223301
2.0 0.1754511648411304 0.42596373388902076 0.07905686546463246 0.07489597780859916
2.0 0.5968516212211195 0.7705754969050971 0.02912621359223301 0.02912621359223301
2.0 0.536959308246775 0.6918851190421915 0.02912621359223301 0.027739251040221916
2.0 0.5050222856330242 0.6432625700468088 0.024965325936199722 0.023578363384188627
2.0 0.4834112236072338 0.6045155538308817 0.020804438280166437 0.020804438280166437
2.0 0.4697280139946186 0.5776470520581454 0.018030513176144243 0.016643550624133148
2.0 0.45335169368666217 0.547569025938982 0.015256588072122053 0.012482662968099861
7.0 0.4150472058023607 0.7764850486727487 0.08737864077669903 0.08183079056865465
7.0 0.4138893404475454 0.6898178321657059 0.06657420249653259 0.0638002773925104
7.0 0.3873990919382155 0.6054405455425854 0.049930651872399444 0.047156726768377254
7.0 0.3473764877668892 0.5252525271380152 0.04160887656033287 0.04022191400832178
7.0 0.538424745072824 0.7504934587118652 0.04299583911234397 0.04022191400832178
7.0 0.48258979863944224 0.6603985177419796 0.03467406380027739 0.033287101248266296
7.0 0.43993170923812946 0.5803176391980728 0.026352288488210817 0.024965325936199722
7.0 0.42654862678510286 0.5473108373425537 0.022191400832177532 0.020804438280166437
7.0 0.4136522507441559 0.5189385318762659 0.018030513176144243 0.016643550624133148
7.0 0.4046859814074181 0.49444347177162995 0.015256588072122053 0.015256588072122053
7.0 0.40017588320149877 0.4809485739024508 0.013869625520110958 0.013869625520110958
9.0 0.16664325037102312 0.3878479173551851 0.09153952843273232 0.08044382801664356
9.0 0.3514755229217644 0.5049601296185456 0.056865464632454926 0.052704576976421634
2.0 0.44428569716858446 0.5290533803905425 0.011095700416088766 0.009708737864077669
2.0 0.4363093575520818 0.5146755657192309 0.008321775312066574 0.008321775312066574
2.0 0.42929115873050183 0.5026548527065955 0.008321775312066574 0.006934812760055479
2.0 0.4246432837081601 0.49223270009206943 0.006934812760055479 0.006934812760055479
2.0 0.3164300021185242 0.3628714200705921 0.009708737864077669 0.009708737864077669
2.0 0.3216892719969534 0.3675151794167682 0.006934812760055479 0.006934812760055479
2.0 0.3300851211960808 0.3828017066420488 0.011095700416088766 0.011095700416088766
2.0 0.4189972953923542 0.48348236588647847 0.006934812760055479 0.006934812760055479
7.0 0.3473244763163859 0.39846373918195843 0.009708737864077669 0.008321775312066574
7.0 0.35846079641667417 0.4137682435973686 0.008321775312066574 0.008321775312066574
7.0 0.3673106878251942 0.4259391279034053 0.009708737864077669 0.008321775312066574
7.0 0.36732238840673775 0.42108108883590223 0.008321775312066574 0.006934812760055479
7.0 0.3952773704428315 0.4682060155187348 0.009708737864077669 0.009708737864077669
7.0 0.39010369178724336 0.4571682821164165 0.009708737864077669 0.008321775312066574
7.0 0.387650087364547 0.4505874408773863 0.008321775312066574 0.006934812760055479
7.0 0.38488609052272665 0.4436366883577509 0.005547850208044383 0.005547850208044383
7.0 0.3737902554344761 0.436511451811333 0.009708737864077669 0.008321775312066574
9.0 0.337334563305653 0.3906237343169389 0.018030513176144243 0.016643550624133148
9.0 0.379569889074378 0.4417753565397002 0.015256588072122053 0.013869625520110958
8.0 0.334246162863782 0.3995373644812648 0.015256588072122053 0.013869625520110958
8.0 0.3558316966740301 0.42567076244943997 0.011095700416088766 0.011095700416088766
8.0 0.3756250772938069 0.44803331340739905 0.009708737864077669 0.009708737864077669
8.0 0.37502882061615406 0.44326826009560116 0.011095700416088766 0.009708737864077669
8.0 0.3741587064210275 0.4397897829482312 0.006934812760055479 0.008321775312066574
2.0 0.410151968578233 0.4713169214522154 0.006934812760055479 0.006934812760055479
2.0 0.3987189589152471 0.456465309606943 0.005547850208044383 0.005547850208044383
2.0 0.3641828045912212 0.4157154841186453 0.006934812760055479 0.006934812760055479
2.0 0.3380445017412055 0.3959330287738742 0.011095700416088766 0.009708737864077669
8.0 0.35138910362206577 0.39884455060021384 0.008321775312066574 0.006934812760055479
