7 0.40205 0.82941 0.045 0.11176
7 0.54886 0.76213 0.03773 0.08015
7 0.60068 0.70956 0.02773 0.06029
7 0.56955 0.66397 0.02273 0.04118
7 0.48523 0.64301 0.01773 0.03603
7 0.32568 0.63787 0.01773 0.03309
7 0.24818 0.63603 0.01727 0.03382
7 0.17045 0.63346 0.01727 0.03309
7 0.08364 0.63419 0.01727 0.03309
2 0.13 0.60993 0.01273 0.02279
2 0.2075 0.60882 0.01409 0.025
2 0.2725 0.61029 0.01409 0.02647
2 0.33068 0.61029 0.01409 0.025
2 0.40091 0.6136 0.01273 0.02574
2 0.48636 0.61728 0.01455 0.02721
2 0.57773 0.6239 0.01455 0.03015
2 0.70295 0.64118 0.02136 0.03529
2 0.83909 0.67353 0.02727 0.04706
