7 0.30227 0.81912 0.05727 0.11029
7 0.34727 0.72206 0.03273 0.06912
7 0.37182 0.66618 0.02 0.04412
7 0.37409 0.63971 0.01545 0.03235
7 0.38455 0.62794 0.01182 0.02941
7 0.44955 0.62574 0.01273 0.02794
7 0.51727 0.62279 0.01273 0.02794
7 0.53455 0.63529 0.01455 0.03235
7 0.56727 0.65662 0.01818 0.03971
7 0.61864 0.6875 0.02364 0.05294
7 0.66409 0.73529 0.03545 0.07353
7 0.74455 0.80882 0.05818 0.10294
9 0.35273 0.64706 0.02364 0.06471
9 0.39773 0.61618 0.01545 0.04412
9 0.50818 0.61471 0.01273 0.04118
9 0.57091 0.64118 0.02364 0.06176
