7 0.37432 0.75368 0.04136 0.08088
7 0.46023 0.67316 0.02409 0.04632
7 0.47023 0.64669 0.01227 0.03456
7 0.47455 0.62537 0.01 0.02574
7 0.46864 0.61103 0.00818 0.02353
7 0.47455 0.60515 0.00727 0.02206
9 0.4575 0.61213 0.01409 0.04191
9 0.48182 0.59706 0.01273 0.03235
7 0.52295 0.60551 0.00864 0.01985
9 0.56864 0.6 0.01091 0.02941
7 0.57727 0.60588 0.00818 0.01912
7 0.58886 0.61324 0.00955 0.02353
7 0.61091 0.62574 0.01182 0.02647
9 0.615 0.61544 0.01091 0.04265
7 0.64023 0.63971 0.01409 0.03088
7 0.65795 0.65919 0.01773 0.03897
7 0.68455 0.68272 0.02364 0.04926
7 0.70523 0.71875 0.025 0.06103
7 0.72364 0.78456 0.04545 0.08824
