7.0 0.8527986631043705 0.6294987514689246 0.0532258064516129 0.07580645161290323
7.0 0.7782551722045852 0.5764314843009858 0.03064516129032258 0.041935483870967745
7.0 0.8275846698983014 0.5531872753984621 0.02903225806451613 0.037096774193548385
2.0 0.7896874956862504 0.5354098167364003 0.020967741935483872 0.02903225806451613
2.0 0.7167400989953863 0.5554785485851074 0.016129032258064516 0.027419354838709678
2.0 0.6562998852173894 0.579935480225928 0.020967741935483872 0.03064516129032258
2.0 0.6252593724739268 0.6051901276430882 0.027419354838709678 0.04032258064516129
2.0 0.585876667611612 0.6466187242435462 0.03064516129032258 0.05161290322580645
2.0 0.525162374073212 0.7180729500104945 0.05161290322580645 0.07741935483870968
2.0 0.4217031806138262 0.8267896679377329 0.037096774193548385 0.06451612903225806
