2.0 0.3079473266661586 0.47835699604217297 0.056338028169014086 0.04225352112676056
2.0 0.3125500959185473 0.4158277141125947 0.046948356807511735 0.03286384976525822
9.0 0.33519468648639467 0.42642427425045687 0.06259780907668232 0.03755868544600939
8.0 0.3408234513646075 0.4146071442148192 0.0297339593114241 0.02034428794992175
8.0 0.3532420629812168 0.41595486977435486 0.023474178403755867 0.012519561815336464
8.0 0.3324943197713251 0.3541212144941218 0.028169014084507043 0.018779342723004695
8.0 0.31209509547231384 0.2914269299808606 0.028169014084507043 0.02034428794992175
8.0 0.28849053623333587 0.2636041554754796 0.03755868544600939 0.0297339593114241
8.0 0.25959824173131396 0.23054428809007552 0.046948356807511735 0.03599374021909233
7.0 0.30836226227018904 0.24496082065074923 0.025039123630672927 0.017214397496087636
7.0 0.32978644207508007 0.2787790099626028 0.02034428794992175 0.01564945226917058
7.0 0.3445495190588366 0.30188143453310595 0.01564945226917058 0.012519561815336464
7.0 0.35274471550242975 0.311558433241336 0.014084507042253521 0.010954616588419406
7.0 0.36025868853019516 0.3220218280188718 0.012519561815336464 0.009389671361502348
2.0 0.3140227563132977 0.20000490419808267 0.02034428794992175 0.014084507042253521
2.0 0.3283415980418105 0.2297114441211598 0.014084507042253521 0.010954616588419406
2.0 0.3346285421220562 0.22207510972685687 0.014084507042253521 0.009389671361502348
2.0 0.3382168451920895 0.24992620702021176 0.01564945226917058 0.010954616588419406
2.0 0.3384675850981251 0.20339006888376618 0.010954616588419406 0.00782472613458529
2.0 0.326359145042937 0.19299914216240097 0.01564945226917058 0.00782472613458529
2.0 0.34644377080057853 0.22646441931141292 0.010954616588419406 0.00782472613458529
7.0 0.34591382424553896 0.23881734056009363 0.009389671361502348 0.006259780907668232
7.0 0.3462960052378717 0.24612395843473855 0.009389671361502348 0.006259780907668232
7.0 0.3524868731328744 0.2552742487869865 0.009389671361502348 0.006259780907668232
7.0 0.3527733377808434 0.26832435278117733 0.010954616588419406 0.00782472613458529
2.0 0.358154749613025 0.2617273223127157 0.009389671361502348 0.006259780907668232
7.0 0.3616619538894467 0.2802694250164137 0.009389671361502348 0.006259780907668232
7.0 0.35837271612816385 0.2896536715731326 0.010954616588419406 0.006259780907668232
2.0 0.3676770737577305 0.28985886371274167 0.009389671361502348 0.00782472613458529
7.0 0.3695590235914122 0.30508558189197277 0.00782472613458529 0.004694835680751174
2.0 0.3744050176626046 0.3138929651259468 0.012519561815336464 0.00782472613458529
7.0 0.3762683273771848 0.3270307257478727 0.009389671361502348 0.00782472613458529
2.0 0.3810394581131938 0.3335652535710004 0.010954616588419406 0.006259780907668232
7.0 0.3827105708865684 0.3481023547994525 0.00782472613458529 0.004694835680751174
2.0 0.38744880379360386 0.3565572671474729 0.009389671361502348 0.00782472613458529
8.0 0.40594005159673363 0.47143883402098363 0.00782472613458529 0.006259780907668232
8.0 0.39876270408944375 0.45097736559573276 0.012519561815336464 0.00782472613458529
8.0 0.4026460270146225 0.45359401067862876 0.010954616588419406 0.006259780907668232
8.0 0.38550431131199797 0.4146542660256776 0.012519561815336464 0.009389671361502348
8.0 0.38320713122762134 0.3970828019058814 0.012519561815336464 0.00782472613458529
8.0 0.3819534399095565 0.3879395964377458 0.010954616588419406 0.009389671361502348
9.0 0.4012246099212827 0.43384447229356465 0.01564945226917058 0.010954616588419406
8.0 0.4002156989182906 0.44062960497295545 0.00782472613458529 0.00782472613458529
7.0 0.38113504591342395 0.3761916126546664 0.010954616588419406 0.006259780907668232
7.0 0.38395700420566814 0.3783786731611622 0.009389671361502348 0.00782472613458529
7.0 0.3817460912620752 0.37314768599564263 0.010954616588419406 0.006259780907668232
7.0 0.39732756224196414 0.4079980943492251 0.006259780907668232 0.004694835680751174
7.0 0.39405294203143326 0.4023298601967412 0.010954616588419406 0.00782472613458529
2.0 0.3991040935454922 0.4228800040530669 0.014084507042253521 0.00782472613458529
2.0 0.39807419978939546 0.427568516764588 0.014084507042253521 0.00782472613458529
2.0 0.4103802863062747 0.44666305933312106 0.009389671361502348 0.004694835680751174
8.0 0.323306021424825 0.4127236274422405 0.03912363067292645 0.028169014084507043
7.0 0.36296226779062485 0.31072197882110025 0.012519561815336464 0.009389671361502348
9.0 0.3853161140538866 0.3878666871046873 0.018779342723004695 0.009389671361502348
2.0 0.2776846576215372 0.7854358499861713 0.046948356807511735 0.03129890453834116
2.0 0.3946272184121499 0.3810233923869147 0.009389671361502348 0.004694835680751174
2.0 0.4013177306494324 0.4039210660946966 0.00782472613458529 0.004694835680751174
2.0 0.40734331695598514 0.42968643101852555 0.006259780907668232 0.004694835680751174
2.0 0.4103713483729634 0.4506623963707512 0.006259780907668232 0.004694835680751174
7.0 0.36369169217109065 0.3211649618663438 0.012519561815336464 0.00782472613458529
2.0 0.4048969443567655 0.438812987834869 0.010954616588419406 0.00782472613458529
7.0 0.3897149174127419 0.3901414042389182 0.00782472613458529 0.004694835680751174
7.0 0.3931006357708669 0.38510130319521896 0.00782472613458529 0.004694835680751174
