2 0.53591 0.84596 0.04727 0.10074
2 0.71773 0.77132 0.04091 0.08676
2 0.74341 0.72757 0.03591 0.06985
2 0.71682 0.67794 0.02818 0.04853
9 0.68364 0.65919 0.02909 0.07279
8 0.65727 0.66581 0.02182 0.04191
8 0.62318 0.64522 0.01727 0.03603
8 0.59614 0.62574 0.01682 0.02941
8 0.66023 0.62353 0.01227 0.02794
8 0.7575 0.62574 0.015 0.02794
8 0.82227 0.64191 0.02091 0.03529
7 0.90273 0.67537 0.02909 0.04632
9 0.88364 0.65478 0.03273 0.06544
7 0.92841 0.60809 0.01227 0.02206
7 0.90068 0.5989 0.01045 0.01838
7 0.875 0.59081 0.00909 0.01544
7 0.85273 0.58493 0.00727 0.01397
8 0.77977 0.5886 0.00773 0.01544
8 0.73545 0.58713 0.00727 0.01691
8 0.82523 0.59081 0.00773 0.01544
9 0.72773 0.57574 0.01 0.01912
2 0.71364 0.575 0.00727 0.01176
7 0.83977 0.58051 0.00682 0.0125
7 0.76545 0.57574 0.00545 0.01029
7 0.78068 0.5739 0.00591 0.01103
2 0.89818 0.57647 0.00909 0.01471
2 0.93136 0.57721 0.01 0.01471
8 0.81727 0.58566 0.00727 0.01544
8 0.81159 0.58346 0.00591 0.01544
7 0.78818 0.57757 0.00636 0.01397
2 0.68523 0.57059 0.00591 0.01324
2 0.69114 0.56949 0.005 0.0125
8 0.87341 0.65882 0.01591 0.03824
8 0.74091 0.56912 0.00455 0.01029
2 0.72068 0.56949 0.00318 0.00956
2 0.72386 0.57206 0.00318 0.00882
2 0.7325 0.57831 0.00409 0.0125
2 0.77136 0.57169 0.00455 0.00956
2 0.82318 0.57463 0.00364 0.00956
7 0.8275 0.57684 0.00591 0.01103
7 0.80636 0.58162 0.00545 0.01471
9 0.81977 0.57978 0.00682 0.02426
7 0.73909 0.57316 0.00455 0.00956
