7.0 0.7057045146733363 0.7868859055239078 0.10161290322580645 0.07096774193548387
7.0 0.6287736403787136 0.7038733304612496 0.054838709677419356 0.035483870967741936
7.0 0.6043612463892514 0.6637431416537427 0.03870967741935484 0.024193548387096774
7.0 0.622299617207109 0.5792344938020062 0.03870967741935484 0.02258064516129032
7.0 0.641646037714972 0.49160447563969434 0.037096774193548385 0.02258064516129032
7.0 0.674880897606953 0.4712602772755909 0.05 0.02903225806451613
7.0 0.7604352951649381 0.41676800929147056 0.08064516129032258 0.0532258064516129
9.0 0.6460925006882945 0.792525656217835 0.12580645161290321 0.06774193548387097
9.0 0.5936717560180333 0.6413497468014541 0.05806451612903226 0.03387096774193549
9.0 0.625412972785398 0.5014809075869027 0.0532258064516129 0.03064516129032258
9.0 0.724447674770571 0.41050174565333925 0.10967741935483871 0.06612903225806452
