7.0 0.7390862959401139 0.8201521250309326 0.06583629893238434 0.10676156583629894
7.0 0.6420045170491961 0.6860068204056252 0.026690391459074734 0.04804270462633452
7.0 0.6902308741698799 0.6708767068314401 0.021352313167259787 0.03914590747330961
7.0 0.8030783180468847 0.682737451121819 0.023131672597864767 0.03914590747330961
2.0 0.8364737313793416 0.6660393820400282 0.023131672597864767 0.03202846975088968
2.0 0.7466522425490293 0.6451481350514203 0.017793594306049824 0.028469750889679714
2.0 0.6509733811054336 0.6323986937604333 0.01601423487544484 0.030249110320284697
2.0 0.5778606149077637 0.6307693245175324 0.01601423487544484 0.030249110320284697
2.0 0.505275048871599 0.6399864381608587 0.019572953736654804 0.03914590747330961
2.0 0.4568923329210251 0.6645354353098122 0.030249110320284697 0.051601423487544484
2.0 0.37431614226024906 0.7252288131880285 0.04448398576512456 0.08362989323843416
