7.0 0.7540820417449734 0.6998417174645128 0.02023608768971332 0.03204047217537943
7.0 0.6622066195439428 0.6717181301928257 0.013490725126475547 0.025295109612141653
7.0 0.5949556076577575 0.6553448242225387 0.013490725126475547 0.02023608768971332
7.0 0.08698057054076722 0.7224197261376917 0.026981450252951095 0.07925801011804384
2.0 0.7223143526930856 0.6268726029437058 0.00505902192242833 0.008431703204047217
2.0 0.6972522797529496 0.6221290947297252 0.00505902192242833 0.008431703204047217
2.0 0.677674163146765 0.6190013331027495 0.006745362563237774 0.008431703204047217
2.0 0.6632407067652765 0.6161319367556634 0.00505902192242833 0.008431703204047217
7.0 0.6430595644074342 0.6141866324087764 0.00505902192242833 0.00505902192242833
7.0 0.6287825269769852 0.6103804185150355 0.003372681281618887 0.006745362563237774
7.0 0.6134352144766082 0.6070254961155526 0.0016863406408094434 0.008431703204047217
7.0 0.5888345751652173 0.600758942806243 0.00505902192242833 0.006745362563237774
7.0 0.21470890149712468 0.5393056304576345 0.00505902192242833 0.006745362563237774
7.0 0.2218598347177829 0.540566532921681 0.003372681281618887 0.00505902192242833
7.0 0.2263844634043267 0.5420043569026719 0.003372681281618887 0.00505902192242833
7.0 0.22936856912368478 0.5431793123785834 0.003372681281618887 0.006745362563237774
2.0 0.16087817383006872 0.5304538306446286 0.003372681281618887 0.006745362563237774
2.0 0.1899448396309407 0.533965892512239 0.003372681281618887 0.00505902192242833
2.0 0.20027381591932703 0.5319208087444753 0.0016863406408094434 0.006745362563237774
2.0 0.20419391956471922 0.5345495928988019 0.0016863406408094434 0.006745362563237774
2.0 0.20643059029896893 0.5342952011719089 0.0016863406408094434 0.00505902192242833
