7 0.33932 0.79926 0.05045 0.10588
7 0.44773 0.68529 0.02727 0.05147
7 0.45909 0.65515 0.01364 0.03824
7 0.465 0.63088 0.01091 0.03088
7 0.45909 0.61618 0.00727 0.02647
7 0.46591 0.60809 0.00636 0.02353
9 0.44773 0.61691 0.01545 0.04706
9 0.47409 0.60074 0.01182 0.03529
7 0.51682 0.60882 0.00909 0.02353
9 0.56455 0.60368 0.01091 0.03382
7 0.57364 0.61029 0.00909 0.02206
7 0.58636 0.61765 0.01091 0.025
7 0.60955 0.63162 0.01364 0.02941
9 0.61455 0.62132 0.01273 0.04412
7 0.64273 0.64779 0.01727 0.03676
7 0.66455 0.66985 0.02182 0.04706
7 0.69818 0.69779 0.03091 0.05735
7 0.72909 0.74265 0.03636 0.07794
7 0.76409 0.8375 0.06273 0.11912
