2.0 0.372735881845462 0.5911561371966023 0.036923076923076927 0.027692307692307693
2.0 0.39202132549257684 0.6969813825430092 0.04 0.027692307692307693
2.0 0.408979264184248 0.8138299397282257 0.04461538461538461 0.03538461538461538
7.0 0.4042115603651592 0.547369890787923 0.021538461538461538 0.015384615384615385
7.0 0.39326490670950703 0.4924486628090273 0.016923076923076923 0.012307692307692308
7.0 0.38300083789798256 0.44485676546913105 0.015384615384615385 0.012307692307692308
7.0 0.4268482459390445 0.46990500164896715 0.006153846153846154 0.003076923076923077
7.0 0.42515642671737885 0.4587494491025498 0.004615384615384616 0.003076923076923077
7.0 0.4191214043772493 0.42522997942717117 0.004615384615384616 0.003076923076923077
7.0 0.4231480271004324 0.44580348226899225 0.004615384615384616 0.003076923076923077
2.0 0.4322527643092028 0.4847056702381311 0.006153846153846154 0.003076923076923077
2.0 0.43481348728674746 0.4948039327238336 0.004615384615384616 0.0015384615384615385
2.0 0.43771434327312103 0.5085755905437779 0.004615384615384616 0.003076923076923077
2.0 0.44166895296263614 0.5253833769402347 0.006153846153846154 0.003076923076923077
