2.0 0.4022307877445184 0.36711112871834045 0.01594896331738437 0.009569377990430622
2.0 0.4169685852385416 0.3965889865834988 0.017543859649122806 0.007974481658692184
2.0 0.4286278599226476 0.4192155638054691 0.01594896331738437 0.009569377990430622
2.0 0.4405657512820215 0.44521668931116076 0.012759170653907496 0.009569377990430622
2.0 0.6065379640916557 0.7433231700278207 0.006379585326953748 0.004784688995215311
2.0 0.608318627157183 0.7464981405117401 0.004784688995215311 0.003189792663476874
2.0 0.6097158205778304 0.7505451689977044 0.004784688995215311 0.004784688995215311
2.0 0.6119785391529516 0.7543518267876044 0.007974481658692184 0.003189792663476874
2.0 0.5791935936225461 0.6807107099973615 0.003189792663476874 0.001594896331738437
7.0 0.6088361406944867 0.7565380047700337 0.004784688995215311 0.003189792663476874
7.0 0.6144269545170269 0.7669599918721548 0.006379585326953748 0.003189792663476874
7.0 0.6201063530978355 0.7788799501408026 0.006379585326953748 0.004784688995215311
7.0 0.6238125802024012 0.7880738551037484 0.006379585326953748 0.004784688995215311
7.0 0.45893393290079326 0.4372261733283671 0.006379585326953748 0.004784688995215311
7.0 0.4642794012507788 0.44789988700939953 0.007974481658692184 0.004784688995215311
7.0 0.470256234554438 0.4608983362797718 0.006379585326953748 0.004784688995215311
7.0 0.4759842432321386 0.47299970989978124 0.006379585326953748 0.003189792663476874
