2.0 0.42506136978733133 0.8644132160096076 0.04519774011299435 0.05084745762711865
2.0 0.4512731060149208 0.6977607048378021 0.043785310734463276 0.04943502824858757
2.0 0.5056111215334564 0.6263352807960769 0.025423728813559324 0.031073446327683617
2.0 0.573934149093822 0.5673761114951815 0.0211864406779661 0.025423728813559324
8.0 0.6066980842857655 0.5378556235703809 0.01694915254237288 0.01977401129943503
2.0 0.658637303361464 0.5155424083384096 0.01977401129943503 0.02401129943502825
7.0 0.6038247626853768 0.5784031929581255 0.029661016949152543 0.03389830508474576
7.0 0.6021096174682741 0.6143873826413255 0.043785310734463276 0.04943502824858757
7.0 0.6935890122838196 0.5213771504801469 0.02824858757062147 0.03389830508474576
2.0 0.7559240752388843 0.46346110659679446 0.026836158192090395 0.029661016949152543
7.0 0.7030521628895384 0.6135050786439201 0.062146892655367235 0.07203389830508475
7.0 0.8618469250085001 0.5858315310856966 0.038135593220338986 0.0423728813559322
