7.0 0.15885804725257854 0.45056930815125396 0.036127167630057806 0.028901734104046242
7.0 0.26121633788402715 0.4715618210238106 0.06791907514450866 0.05491329479768786
7.0 0.3298518495472877 0.47201380930742 0.04046242774566474 0.033236994219653176
7.0 0.3539831007589989 0.4664146843466793 0.02745664739884393 0.02167630057803468
7.0 0.3689749824120647 0.4691107290883901 0.023121387283236993 0.01878612716763006
9.0 0.3376442286344422 0.44958600271428517 0.05491329479768786 0.04046242774566474
9.0 0.3815627968157648 0.4730850390609371 0.03757225433526012 0.028901734104046242
9.0 0.42435443798764133 0.5524139354465949 0.031791907514450865 0.023121387283236993
9.0 0.4267316747101585 0.6101849864859145 0.05202312138728324 0.03901734104046243
7.0 0.39504311704989103 0.5146705728777061 0.024566473988439308 0.02023121387283237
7.0 0.42237868197587747 0.5625983464123725 0.02167630057803468 0.015895953757225433
7.0 0.4182833167063258 0.5803956684132169 0.028901734104046242 0.02167630057803468
7.0 0.4142530195385584 0.6145323445656674 0.033236994219653176 0.02601156069364162
7.0 0.40865160778123627 0.6723642434398943 0.05057803468208093 0.03901734104046243
7.0 0.38301119727181515 0.7435074347191075 0.07803468208092486 0.06502890173410404
7.0 0.3789754608508753 0.861067006522326 0.04046242774566474 0.03468208092485549
