7 0.34455 0.76985 0.04909 0.08382
7 0.37364 0.70147 0.02727 0.06029
7 0.39091 0.65515 0.01636 0.04559
7 0.39 0.63603 0.01636 0.03676
7 0.39818 0.625 0.01091 0.02941
7 0.45955 0.62243 0.01182 0.02721
7 0.52364 0.62059 0.01273 0.02647
7 0.54023 0.63125 0.01227 0.03015
7 0.57 0.6511 0.01545 0.03603
7 0.61477 0.67537 0.01955 0.04779
7 0.65159 0.71324 0.02864 0.05882
7 0.71227 0.76471 0.04909 0.08529
7 0.8 0.85404 0.03455 0.08603
9 0.57205 0.63713 0.02318 0.05515
9 0.51455 0.61176 0.01273 0.03971
9 0.40909 0.61397 0.01636 0.04559
9 0.37091 0.64044 0.02091 0.06176
