7 0.47371 0.59348 0.04631 0.17174
7 0.60481 0.38043 0.02019 0.07826
7 0.60881 0.31685 0.01219 0.04891
7 0.65756 0.28207 0.0087 0.03587
7 0.74042 0.26087 0.00731 0.03043
7 0.81354 0.24783 0.00731 0.02826
7 0.90442 0.23478 0.00731 0.02826
7 0.15042 0.31685 0.00557 0.02283
7 0.22772 0.29837 0.00487 0.02065
7 0.2829 0.28098 0.00522 0.01848
7 0.31459 0.27228 0.00383 0.0163
7 0.33357 0.26359 0.00348 0.01413
7 0.34697 0.25543 0.00313 0.01304
2 0.94603 0.36685 0.01045 0.07717
2 0.83043 0.3 0.01393 0.05217
2 0.87413 0.27174 0.01079 0.0413
2 0.12187 0.30489 0.00557 0.02065
2 0.18889 0.29185 0.00453 0.01848
2 0.23207 0.27772 0.00383 0.0163
2 0.25731 0.26739 0.00348 0.01522
2 0.27768 0.2587 0.00313 0.01304
2 0.28778 0.25109 0.00313 0.01087
