2.0 0.5649987984861331 0.6312743956801891 0.15851602023608768 0.06913996627318718
2.0 0.34011358414929077 0.7338786002211344 0.07419898819561552 0.03035413153456998
2.0 0.26969890000827024 0.730624376635169 0.047217537942664416 0.02023608768971332
2.0 0.25800625129544263 0.659108425857058 0.03372681281618887 0.013490725126475547
2.0 0.2756142807576064 0.5619332945314571 0.02866779089376054 0.01011804384485666
2.0 0.3079643604232917 0.45682810702543813 0.025295109612141653 0.008431703204047217
2.0 0.3515676322591815 0.34195026735475315 0.025295109612141653 0.008431703204047217
2.0 0.3967366712401444 0.2290318282970629 0.025295109612141653 0.01011804384485666
2.0 0.44711824225812435 0.09734123682688704 0.026981450252951095 0.01011804384485666
7.0 0.20980652014084553 0.7811101546191745 0.03204047217537943 0.013490725126475547
7.0 0.23542989788077498 0.6682609587619459 0.025295109612141653 0.01011804384485666
7.0 0.2598256072942146 0.5785337338134061 0.023608768971332208 0.008431703204047217
7.0 0.27782172104209074 0.5169957996951179 0.021922428330522766 0.008431703204047217
7.0 0.2992179802862452 0.4523839216812569 0.02023608768971332 0.006745362563237774
7.0 0.32198172681201104 0.38817097922277705 0.02023608768971332 0.008431703204047217
7.0 0.34881329550238377 0.31704778872487077 0.02023608768971332 0.006745362563237774
7.0 0.3819267793590967 0.23466166770738556 0.02023608768971332 0.008431703204047217
7.0 0.41627192719062156 0.15066036526659418 0.021922428330522766 0.008431703204047217
