2 0.5538 0.67826 0.05327 0.19565
2 0.4671 0.46902 0.02542 0.10761
2 0.48955 0.39674 0.0195 0.07391
2 0.5383 0.3663 0.01323 0.05652
2 0.61125 0.35978 0.01079 0.04783
2 0.68193 0.36522 0.0094 0.04348
2 0.80188 0.38152 0.00975 0.0413
2 0.85655 0.38478 0.00905 0.03696
2 0.86403 0.37391 0.00801 0.03043
2 0.86107 0.36413 0.00418 0.02609
2 0.84889 0.35598 0.00557 0.025
2 0.82678 0.34511 0.00522 0.02283
2 0.80258 0.33533 0.00487 0.02065
2 0.7742 0.32609 0.00453 0.01957
2 0.75435 0.31957 0.00383 0.01739
2 0.73033 0.31141 0.00383 0.0163
2 0.69795 0.30109 0.00313 0.01522
2 0.68872 0.29783 0.00279 0.01304
2 0.83513 0.32609 0.00313 0.01304
2 0.89189 0.33967 0.00383 0.01413
2 0.94951 0.35326 0.00348 0.01522
7 0.22075 0.32989 0.0188 0.06413
7 0.36159 0.3125 0.01219 0.04674
7 0.48485 0.31413 0.01079 0.03696
7 0.60742 0.32772 0.00731 0.0337
7 0.67897 0.33859 0.00627 0.03152
7 0.71083 0.3413 0.00731 0.03043
7 0.73346 0.34022 0.00662 0.02826
7 0.73903 0.33533 0.00662 0.02717
7 0.72963 0.32554 0.00522 0.02065
7 0.71797 0.31902 0.00487 0.02065
7 0.70038 0.3125 0.00453 0.01848
7 0.68471 0.30707 0.00383 0.01848
7 0.66539 0.30054 0.00418 0.0163
7 0.63719 0.29076 0.00348 0.01413
7 0.62483 0.28424 0.00383 0.01413
7 0.66313 0.28696 0.00313 0.01304
7 0.63562 0.28424 0.00244 0.01196
7 0.85324 0.32772 0.00313 0.01196
7 0.90843 0.34076 0.00418 0.01413
9 0.94359 0.34783 0.00487 0.02391
