2 0.49617 0.59891 0.04875 0.17609
2 0.12535 0.38424 0.02994 0.09239
2 0.0867 0.22283 0.00627 0.02391
2 0.17375 0.23424 0.00627 0.02283
2 0.26027 0.24565 0.00662 0.02609
2 0.32782 0.25707 0.00662 0.02717
2 0.38893 0.26685 0.00627 0.02717
2 0.45944 0.2788 0.00662 0.02935
2 0.543 0.2913 0.00731 0.03261
2 0.63649 0.30761 0.00766 0.03478
2 0.72632 0.32283 0.00627 0.03478
2 0.88196 0.35109 0.00975 0.03913
7 0.1163 0.2212 0.00487 0.02065
7 0.19586 0.22663 0.00453 0.02065
7 0.28203 0.2375 0.00557 0.02283
7 0.36212 0.25163 0.00557 0.02283
7 0.44446 0.26576 0.00522 0.025
7 0.52124 0.28098 0.00557 0.025
7 0.59053 0.29076 0.00627 0.02717
7 0.6579 0.30109 0.00662 0.02826
7 0.73694 0.31196 0.00662 0.03043
7 0.86525 0.32826 0.00836 0.03261
9 0.70456 0.30815 0.01149 0.05978
9 0.72023 0.3 0.0087 0.05
9 0.7601 0.30489 0.00836 0.04891
9 0.75209 0.31685 0.01114 0.05978
