2.0 0.492859687486506 0.6965786210001308 0.1154970760233918 0.16812865497076024
2.0 0.41769974480955724 0.4535216864309655 0.06140350877192982 0.09649122807017543
2.0 0.4416025197918328 0.372394832839916 0.039473684210526314 0.059941520467836254
2.0 0.48497892166581696 0.35778941879295817 0.027777777777777776 0.043859649122807015
2.0 0.5353669232187475 0.3674327397641514 0.021929824561403508 0.03508771929824561
2.0 0.5841234102139355 0.3857828493906456 0.019005847953216373 0.03070175438596491
2.0 0.6349464154503212 0.41237811520548534 0.017543859649122806 0.02631578947368421
2.0 0.7057499192166705 0.45777132734707293 0.017543859649122806 0.02631578947368421
2.0 0.7492127634275284 0.48757265350242207 0.017543859649122806 0.02631578947368421
2.0 0.8232377783510699 0.543589907677693 0.02046783625730994 0.027777777777777776
7.0 0.3556187454918591 0.26301558813189696 0.024853801169590642 0.039473684210526314
7.0 0.4490433991898744 0.2959062421851614 0.02046783625730994 0.029239766081871343
7.0 0.5279371255369004 0.3330277790617415 0.01608187134502924 0.024853801169590642
7.0 0.6005863327616239 0.3734414575278207 0.013157894736842105 0.021929824561403508
7.0 0.6728520434408698 0.41909811021611476 0.013157894736842105 0.019005847953216373
7.0 0.7424647183945942 0.46662552533090523 0.013157894736842105 0.02046783625730994
7.0 0.821756516889269 0.5261193405710632 0.014619883040935672 0.023391812865497075
