7.0 0.6525685454854911 0.34778263481196703 0.04504504504504504 0.07807807807807808
7.0 0.6716989839325596 0.25578754891065725 0.025525525525525526 0.04354354354354354
7.0 0.6791273265619251 0.21808663454732605 0.018018018018018018 0.03153153153153153
9.0 0.6808144428753321 0.19082264424262038 0.021021021021021023 0.03753753753753754
9.0 0.6832872701810139 0.18801602361804204 0.018018018018018018 0.03753753753753754
2.0 0.5871769504757162 0.23450840230649558 0.012012012012012012 0.021021021021021023
8.0 0.6867904193899799 0.18344991292503623 0.013513513513513514 0.021021021021021023
8.0 0.6883148088218726 0.17472499299590435 0.009009009009009009 0.016516516516516516
8.0 0.6879663325164767 0.16314998429812386 0.006006006006006006 0.012012012012012012
8.0 0.6907950843191983 0.16335859882015605 0.0075075075075075074 0.012012012012012012
8.0 0.6911580532535991 0.161404416310373 0.0075075075075075074 0.012012012012012012
8.0 0.6916865423051791 0.15983938843675774 0.0045045045045045045 0.009009009009009009
8.0 0.6920819271564478 0.15652889604797748 0.006006006006006006 0.010510510510510511
8.0 0.6899055484767794 0.1686679832717431 0.009009009009009009 0.013513513513513514
