7.0 0.5465914759964489 0.24814328891101345 0.13833333333333334 0.06333333333333334
2.0 0.45652605110897276 0.6215540701185294 0.115 0.051666666666666666
2.0 0.34732627415158307 0.7167103254720308 0.06666666666666667 0.02666666666666667
2.0 0.30061161520047863 0.8427720574032549 0.05333333333333334 0.023333333333333334
8.0 0.3856282030349443 0.5269536467284457 0.07833333333333334 0.03666666666666667
8.0 0.3212359307894435 0.4377035122702639 0.045 0.018333333333333333
8.0 0.29509640756306715 0.402057742922728 0.03166666666666667 0.013333333333333334
8.0 0.2804938756064784 0.3824156342779729 0.025 0.008333333333333333
8.0 0.28479607378627814 0.35540806052583285 0.023333333333333334 0.008333333333333333
8.0 0.2882422160884662 0.3279298296480036 0.023333333333333334 0.01
8.0 0.292015472689251 0.3036881462812127 0.023333333333333334 0.01
8.0 0.30956288539394206 0.29847551305007547 0.03333333333333333 0.013333333333333334
8.0 0.3445534230055127 0.29104646314163185 0.04833333333333333 0.018333333333333333
8.0 0.4338133261615324 0.27177301472481324 0.085 0.03666666666666667
1.0 0.27592320299818884 0.357317043695564 0.016666666666666666 0.006666666666666667
1.0 0.2877654496027803 0.29393426402301986 0.018333333333333333 0.006666666666666667
1.0 0.2764744443319889 0.2937041440314522 0.015 0.0033333333333333335
1.0 0.2872555188301571 0.2504046700668972 0.015 0.006666666666666667
1.0 0.2852591691854282 0.20960263359911532 0.015 0.005
1.0 0.29309119089694735 0.18388970147539235 0.016666666666666666 0.006666666666666667
1.0 0.3010069887017167 0.10188817455772105 0.013333333333333334 0.005
1.0 0.30683231005250744 0.0937884841463522 0.016666666666666666 0.006666666666666667
