8 0.53987 0.725 0.06372 0.23261
8 0.21536 0.37446 0.02472 0.08804
8 0.13353 0.28533 0.01358 0.05326
8 0.09401 0.24402 0.01045 0.04022
7 0.81006 0.54674 0.0289 0.12391
7 0.84244 0.43587 0.02054 0.06957
1 0.10132 0.23207 0.00557 0.02935
1 0.08513 0.21033 0.00522 0.025
1 0.16104 0.225 0.00522 0.02391
1 0.20648 0.2163 0.00418 0.01957
1 0.24652 0.22609 0.00487 0.02174
1 0.32956 0.22826 0.00313 0.01739
1 0.34453 0.23533 0.00383 0.01848
1 0.44185 0.24946 0.00348 0.01848
1 0.44916 0.24511 0.00348 0.0163
1 0.539 0.26793 0.00348 0.01848
1 0.56946 0.26957 0.00313 0.01522
1 0.62726 0.28859 0.00313 0.02065
1 0.66731 0.2913 0.00383 0.01957
1 0.73189 0.31522 0.00487 0.02391
1 0.7587 0.3125 0.00418 0.02065
