2 0.40094 0.64783 0.05606 0.20217
2 0.21031 0.3712 0.02368 0.08804
2 0.19673 0.2837 0.01393 0.05435
2 0.27681 0.2538 0.00905 0.03804
2 0.39206 0.2538 0.00696 0.03152
2 0.52037 0.27065 0.00592 0.02826
2 0.6626 0.29728 0.00627 0.02935
2 0.8031 0.32717 0.00731 0.03043
7 0.12413 0.22228 0.0094 0.03587
7 0.25958 0.2288 0.00662 0.02935
7 0.36838 0.23859 0.00557 0.025
7 0.44342 0.24728 0.00522 0.025
7 0.52107 0.2587 0.00522 0.02391
7 0.60115 0.27174 0.00522 0.02174
7 0.68854 0.28967 0.00522 0.02283
7 0.79109 0.31087 0.00557 0.02391
7 0.89607 0.3337 0.00662 0.02609
