7.0 0.45998450817023867 0.24623404867280774 0.05377906976744186 0.03488372093023256
7.0 0.4420978621108207 0.20295151650380958 0.0377906976744186 0.02616279069767442
7.0 0.42224866907416997 0.16171756797282003 0.024709302325581394 0.01744186046511628
7.0 0.4169103991925051 0.14547537949106057 0.020348837209302327 0.014534883720930232
7.0 0.5049470913052122 0.3433027707403358 0.09011627906976744 0.061046511627906974
7.0 0.5861259380388806 0.5225100896302034 0.1569767441860465 0.10755813953488372
7.0 0.4156606009434662 0.11852080822222111 0.015988372093023256 0.010174418604651164
7.0 0.428475367063416 0.1762325102234098 0.030523255813953487 0.020348837209302327
7.0 0.4173142958075488 0.12953638166396886 0.01744186046511628 0.011627906976744186
9.0 0.4897624322678036 0.35795803600239856 0.1511627906976744 0.09883720930232558
9.0 0.4710456865640693 0.3091577078323485 0.11773255813953488 0.07267441860465117
7.0 0.4127970096761107 0.11168292184916537 0.010174418604651164 0.007267441860465116
7.0 0.4180004618153803 0.09789709287393991 0.00872093023255814 0.005813953488372093
