7.0 0.5000445885432526 0.7423535426175103 0.045 0.12
7.0 0.4894380156646255 0.4845713199792157 0.045 0.10833333333333334
7.0 0.4141996989339943 0.42218444499912705 0.028333333333333332 0.06833333333333333
7.0 0.3269133573980283 0.4145846342082046 0.02 0.051666666666666666
7.0 0.2334059658291789 0.43182178058194853 0.018333333333333333 0.045
7.0 0.11379162197504836 0.469711548453019 0.02 0.043333333333333335
2.0 0.7359629534609613 0.3615350888254188 0.04 0.08666666666666667
2.0 0.5660764868639222 0.3416430826648243 0.025 0.05333333333333334
2.0 0.42753797694005236 0.355341420275012 0.018333333333333333 0.041666666666666664
2.0 0.30496432736925283 0.3834182251954315 0.016666666666666666 0.03666666666666667
2.0 0.16555668458116177 0.42846747235077864 0.013333333333333334 0.03333333333333333
8.0 0.7449886132224051 0.30828305524301214 0.02666666666666667 0.06333333333333334
8.0 0.7568885651844213 0.25116895718459803 0.018333333333333333 0.041666666666666664
8.0 0.7612914681016162 0.2224345109936279 0.011666666666666667 0.03166666666666667
8.0 0.7639968652241685 0.2067914226270412 0.01 0.023333333333333334
8.0 0.7943294367462532 0.198530858634199 0.01 0.025
8.0 0.8269906897147247 0.1898176448219249 0.01 0.023333333333333334
1.0 0.7826490055571487 0.19371646941841714 0.006666666666666667 0.016666666666666666
