7.0 0.4184072784077883 0.7812049977398019 0.08615819209039548 0.11440677966101695
7.0 0.6062702898108375 0.3705332353459193 0.06779661016949153 0.0847457627118644
7.0 0.18690889548731163 0.5275922954227643 0.015536723163841809 0.01977401129943503
7.0 0.2451826052972 0.4714686965712614 0.014124293785310734 0.01694915254237288
7.0 0.2913199130679723 0.4227609413874322 0.012711864406779662 0.015536723163841809
7.0 0.3198695617639071 0.39390778546582217 0.011299435028248588 0.014124293785310734
7.0 0.3384952182867966 0.37197359612704334 0.009887005649717515 0.012711864406779662
7.0 0.35152939204804656 0.35413618612153225 0.007062146892655367 0.011299435028248588
7.0 0.3570781009588404 0.3420997725099695 0.007062146892655367 0.012711864406779662
2.0 0.5964446311676452 0.16977862766993243 0.007062146892655367 0.00847457627118644
2.0 0.6357092610314047 0.14194311629898995 0.00847457627118644 0.009887005649717515
2.0 0.18224696793430645 0.5104684427347482 0.012711864406779662 0.01694915254237288
2.0 0.2284226984450707 0.46922889676281837 0.011299435028248588 0.015536723163841809
2.0 0.2631734052954879 0.4321322066336028 0.009887005649717515 0.012711864406779662
2.0 0.28569930899339896 0.40579403254131663 0.00847457627118644 0.011299435028248588
2.0 0.30528364203785663 0.3837028993606374 0.00847457627118644 0.009887005649717515
