7 0.50853 0.33696 0.0101 0.04348
7 0.54962 0.30435 0.00592 0.02826
9 0.77803 0.35707 0.01288 0.05761
7 0.36734 0.34402 0.01393 0.05761
7 0.16731 0.4 0.0296 0.09565
7 0.60115 0.32283 0.00731 0.03043
7 0.70682 0.35109 0.00766 0.03478
2 0.54718 0.40217 0.01636 0.06957
2 0.74304 0.38641 0.01323 0.04674
2 0.6398 0.38261 0.01358 0.05435
9 0.83478 0.38696 0.01636 0.07174
9 0.81894 0.36413 0.01184 0.05652
7 0.79927 0.3712 0.0087 0.03587
7 0.86055 0.35163 0.00522 0.02283
8 0.27559 0.2712 0.00801 0.0337
8 0.3985 0.29674 0.00801 0.03478
2 0.52072 0.31793 0.0087 0.03587
8 0.21744 0.28043 0.0094 0.03913
7 0.79753 0.3337 0.00453 0.01957
2 0.45787 0.2788 0.00348 0.02283
7 0.93628 0.38804 0.00836 0.03043
2 0.49042 0.27772 0.00522 0.02065
8 0.36264 0.3087 0.00801 0.0413
2 0.45996 0.29239 0.00627 0.02826
2 0.85864 0.40435 0.01184 0.04348
9 0.88492 0.3962 0.01636 0.07065
7 0.63162 0.29891 0.00418 0.01957
7 0.58687 0.29348 0.00383 0.01957
7 0.90947 0.36685 0.00627 0.025
2 0.48677 0.47554 0.02507 0.10761
2 0.54178 0.28152 0.00418 0.01957
1 0.12831 0.24728 0.00522 0.02935
7 0.5531 0.2913 0.00453 0.02174
2 0.73555 0.31522 0.00383 0.01739
7 0.68367 0.3087 0.00383 0.01739
2 0.8226 0.33478 0.00453 0.01957
7 0.94133 0.38098 0.00522 0.02717
2 0.91278 0.35815 0.00383 0.02065
2 0.60289 0.28967 0.00453 0.01848
7 0.53708 0.29457 0.00522 0.02391
2 0.5484 0.72717 0.0571 0.21522
2 0.67183 0.30217 0.00383 0.01739
1 0.07347 0.25435 0.00766 0.03478
7 0.73294 0.31848 0.00418 0.01957
7 0.8898 0.38587 0.00383 0.03478
