2.0 0.34683156833411083 0.5753551757191945 0.046468401486988845 0.15055762081784388
2.0 0.22792176621837973 0.42102909151854984 0.024163568773234202 0.07992565055762081
2.0 0.1851008312044389 0.3574986388557781 0.01858736059479554 0.05947955390334572
2.0 0.1650691124862133 0.32021964591799934 0.011152416356877323 0.04275092936802974
2.0 0.1528230242836691 0.2954836084475145 0.00929368029739777 0.03345724907063197
2.0 0.14569364618831124 0.2829157900370913 0.0055762081784386614 0.026022304832713755
2.0 0.14462115819548274 0.27208897786273195 0.0055762081784386614 0.022304832713754646
2.0 0.15988053937374253 0.26249327245588067 0.007434944237918215 0.020446096654275093
2.0 0.20879874545478783 0.2588908309219445 0.0055762081784386614 0.01858736059479554
2.0 0.277518782542631 0.26254153571521344 0.0055762081784386614 0.016728624535315983
2.0 0.349033710601951 0.26915247765061545 0.0037174721189591076 0.01486988847583643
2.0 0.4211873102162101 0.27831252101162457 0.0018587360594795538 0.016728624535315983
2.0 0.49027687267544834 0.2891960291300812 0.0055762081784386614 0.01486988847583643
2.0 0.5684709665896862 0.29960238897356867 0.0037174721189591076 0.016728624535315983
2.0 0.6437346942584407 0.3111915400023173 0.0055762081784386614 0.01858736059479554
2.0 0.7184512462002098 0.3248868612692318 0.0055762081784386614 0.020446096654275093
2.0 0.776396524664614 0.33842238074812503 0.0055762081784386614 0.024163568773234202
2.0 0.8170502495476825 0.35441746773621297 0.00929368029739777 0.02973977695167286
2.0 0.9105272640580258 0.3842260360525297 0.011152416356877323 0.03717472118959108
7.0 0.058364399331561984 0.25330916925829533 0.0037174721189591076 0.020446096654275093
7.0 0.07970887150799644 0.24908384170027337 0.0037174721189591076 0.01858736059479554
7.0 0.10028112142975097 0.24903491296486796 0.0037174721189591076 0.016728624535315983
7.0 0.14627026653794314 0.24973143516990848 0.0018587360594795538 0.01486988847583643
7.0 0.21683290139512684 0.25380971189376816 0.0055762081784386614 0.01486988847583643
7.0 0.283144157614087 0.259140011128798 0.0055762081784386614 0.01486988847583643
7.0 0.3278130975350766 0.263012433527184 0.0018587360594795538 0.013011152416356878
7.0 0.37404579745168204 0.2683562583225113 0.0037174721189591076 0.013011152416356878
7.0 0.42293002584004624 0.27356112239892794 0.0018587360594795538 0.013011152416356878
7.0 0.47073598943854617 0.2803758515241037 0.0037174721189591076 0.013011152416356878
7.0 0.5824552373460323 0.29731614881269264 0.0018587360594795538 0.01486988847583643
7.0 0.6407948253514245 0.30564679825946933 0.0018587360594795538 0.01486988847583643
7.0 0.6978043953448909 0.3140566807855265 0.0055762081784386614 0.01858736059479554
7.0 0.7733746636159224 0.32822186927441144 0.0037174721189591076 0.01858736059479554
7.0 0.8472556983707032 0.34506768931293513 0.007434944237918215 0.022304832713754646
7.0 0.9198439216283892 0.36561211229013313 0.007434944237918215 0.026022304832713755
7.0 0.9086583355948996 0.29783161866809027 0.0037174721189591076 0.011152416356877323
7.0 0.9014401924266449 0.29302570037736236 0.0037174721189591076 0.011152416356877323
7.0 0.5275839967652746 0.28879420119073973 0.0055762081784386614 0.01486988847583643
