7.0 0.5339097949625132 0.2960464506276405 0.048409405255878286 0.04979253112033195
7.0 0.5308486311117865 0.2438925749949456 0.0318118948824343 0.03319502074688797
7.0 0.5255749420161848 0.19655303826501472 0.022130013831258646 0.02351313969571231
7.0 0.5265903591238504 0.21269220100563627 0.02627939142461964 0.02627939142461964
7.0 0.526068122380209 0.179488647666787 0.016597510373443983 0.017980636237897647
7.0 0.5329370161289864 0.15466263427335653 0.012448132780082987 0.012448132780082987
7.0 0.546763272861679 0.43076136851321395 0.08990318118948824 0.0912863070539419
9.0 0.5214825017450108 0.37706775913712937 0.11618257261410789 0.11894882434301521
7.0 0.5309199456603725 0.1646338363236863 0.015214384508990318 0.015214384508990318
9.0 0.5245825189943017 0.44736706969522205 0.15491009681881052 0.15767634854771784
7.0 0.5316772683627364 0.14678275864786564 0.011065006915629323 0.012448132780082987
7.0 0.54824585554999 0.12489559598059366 0.011065006915629323 0.011065006915629323
7.0 0.5426512093007915 0.7108139859276978 0.1078838174273859 0.11065006915629322
7.0 0.5392925377288141 0.1351463824459422 0.009681881051175657 0.011065006915629323
