7.0 0.4335162572481251 0.1356434189139345 0.10989010989010989 0.038461538461538464
7.0 0.37734708737842276 0.46409692701999505 0.08791208791208792 0.029304029304029304
7.0 0.3271268201415345 0.5905239792744235 0.06227106227106227 0.018315018315018316
7.0 0.29141395039279816 0.6043924190415767 0.047619047619047616 0.014652014652014652
7.0 0.2693996857622284 0.5684859452399806 0.040293040293040296 0.01098901098901099
7.0 0.2555591070361948 0.5107315834226064 0.031135531135531136 0.009157509157509158
7.0 0.2485809933944459 0.4424870727921317 0.027472527472527472 0.009157509157509158
7.0 0.24565621069960022 0.3674946582263804 0.02564102564102564 0.009157509157509158
7.0 0.2464498037974539 0.2976691558373029 0.027472527472527472 0.009157509157509158
7.0 0.25210356908304976 0.20216379006896795 0.031135531135531136 0.009157509157509158
7.0 0.26454869632295275 0.09731952656708791 0.031135531135531136 0.01098901098901099
2.0 0.5031637805954375 0.7470043624124567 0.14652014652014653 0.05128205128205128
2.0 0.3575324544279024 0.8204542985749835 0.07326007326007326 0.02564102564102564
2.0 0.29540664129927524 0.7591543008721707 0.04945054945054945 0.016483516483516484
2.0 0.2641395559800366 0.6730148163725869 0.03663003663003663 0.01098901098901099
2.0 0.2480609964677793 0.5813948863782974 0.027472527472527472 0.009157509157509158
2.0 0.23925901214286652 0.4881499414667008 0.02564102564102564 0.007326007326007326
2.0 0.2357412340533635 0.39233224548122164 0.023809523809523808 0.007326007326007326
2.0 0.2371685215062014 0.3061853284240986 0.023809523809523808 0.009157509157509158
2.0 0.24349945659846278 0.18634322792627298 0.023809523809523808 0.007326007326007326
