7 0.41469 0.7212 0.06894 0.25109
7 0.78047 0.4087 0.03099 0.10652
7 0.94655 0.34891 0.0094 0.04565
7 0.93924 0.17228 0.00592 0.02283
7 0.87639 0.17065 0.00487 0.01957
7 0.81807 0.1663 0.00383 0.01739
7 0.75279 0.16685 0.00348 0.0163
7 0.70143 0.16902 0.00383 0.0163
7 0.65181 0.16902 0.00348 0.0163
7 0.60794 0.1712 0.00348 0.0163
7 0.55432 0.17446 0.00348 0.01848
7 0.49495 0.18207 0.00453 0.01848
7 0.4328 0.19185 0.00487 0.02065
7 0.33914 0.20217 0.00557 0.02391
7 0.23659 0.21087 0.00592 0.02391
7 0.168 0.21359 0.00592 0.02283
7 0.12308 0.21196 0.00522 0.02174
7 0.10481 0.21087 0.00348 0.01739
2 0.91156 0.16359 0.00487 0.01848
2 0.86177 0.16087 0.00348 0.01739
2 0.87204 0.15652 0.00313 0.0087
2 0.7789 0.16196 0.00348 0.01522
2 0.78534 0.15924 0.00313 0.01413
2 0.70352 0.16359 0.00313 0.01413
2 0.67322 0.15978 0.00313 0.01304
2 0.62987 0.1663 0.00348 0.01522
2 0.56006 0.17065 0.00313 0.01522
2 0.43959 0.18098 0.00313 0.0163
2 0.37953 0.18859 0.00418 0.01848
2 0.31058 0.19402 0.00418 0.01848
2 0.24948 0.1962 0.00453 0.01848
2 0.21065 0.20109 0.00348 0.01522
7 0.25279 0.1913 0.00279 0.01087
2 0.27803 0.19348 0.00313 0.01304
