7 0.51724 0.5288 0.03795 0.14674
7 0.56198 0.3837 0.02089 0.08478
7 0.51497 0.33098 0.01393 0.05978
7 0.44081 0.30217 0.01114 0.04348
7 0.36664 0.29293 0.00836 0.0337
7 0.29788 0.29239 0.00662 0.02826
7 0.27925 0.28315 0.00557 0.02283
7 0.30536 0.27065 0.00418 0.01957
7 0.33774 0.25978 0.00418 0.01739
7 0.38144 0.24728 0.00383 0.0163
7 0.43837 0.23804 0.00348 0.01522
7 0.49878 0.2337 0.00313 0.01522
7 0.5625 0.2288 0.00313 0.01413
7 0.63005 0.22228 0.00313 0.01413
7 0.69429 0.21522 0.00348 0.01522
7 0.77089 0.20652 0.00348 0.01522
7 0.83217 0.20489 0.00418 0.01848
7 0.91661 0.20217 0.00522 0.01957
2 0.87587 0.3288 0.02333 0.07717
2 0.70456 0.28098 0.01219 0.04891
2 0.5766 0.26522 0.00766 0.03478
2 0.4765 0.26467 0.00662 0.02935
2 0.40181 0.26576 0.00557 0.025
2 0.3992 0.25761 0.00313 0.02174
2 0.43088 0.24511 0.00453 0.02065
2 0.47232 0.24076 0.00383 0.01848
2 0.53464 0.23533 0.00313 0.0163
2 0.5968 0.23152 0.00348 0.01522
2 0.66295 0.22609 0.00348 0.01522
2 0.7312 0.21902 0.00348 0.0163
2 0.79492 0.21522 0.00418 0.01957
2 0.87221 0.21413 0.00487 0.02174
