2 0.56093 0.71196 0.0585 0.21957
2 0.30014 0.49022 0.039 0.13261
2 0.93454 0.36576 0.00905 0.03152
2 0.89937 0.35054 0.00696 0.02717
2 0.88179 0.3375 0.00592 0.02283
2 0.85515 0.32935 0.00557 0.02174
2 0.78447 0.31359 0.00418 0.01848
2 0.72145 0.30109 0.00418 0.01957
2 0.67775 0.2913 0.00453 0.01957
2 0.63353 0.28152 0.00383 0.01739
2 0.60028 0.27337 0.00348 0.0163
2 0.57016 0.26522 0.00313 0.01522
2 0.34593 0.22283 0.00313 0.01304
2 0.29788 0.2163 0.00313 0.01304
2 0.25992 0.21033 0.00313 0.01196
2 0.22859 0.20543 0.00313 0.01304
2 0.18437 0.19837 0.00244 0.01196
2 0.14885 0.19293 0.00244 0.01196
7 0.86577 0.32446 0.00453 0.01848
7 0.78395 0.30761 0.00383 0.01739
7 0.74269 0.3 0.00418 0.01739
7 0.71048 0.29239 0.00383 0.01739
7 0.68228 0.28587 0.00383 0.01739
7 0.65703 0.28043 0.00348 0.01522
7 0.6391 0.27609 0.00313 0.01522
7 0.62169 0.27065 0.00313 0.01522
7 0.61229 0.26685 0.00313 0.01413
9 0.22162 0.19837 0.00383 0.01848
9 0.21518 0.19728 0.00348 0.01848
9 0.18785 0.19511 0.00383 0.02065
9 0.18054 0.19457 0.00383 0.01957
