2.0 0.48682331737529533 0.5762609581685516 0.06 0.13666666666666666
2.0 0.3511659972384291 0.44436441752759065 0.02666666666666667 0.07
2.0 0.38245475573141974 0.39670364498903693 0.018333333333333333 0.045
2.0 0.46876538314439625 0.3681127047825755 0.015 0.03666666666666667
2.0 0.5203652074494326 0.34627755426378426 0.011666666666666667 0.028333333333333332
2.0 0.5289090612918826 0.3294995848750966 0.006666666666666667 0.021666666666666667
2.0 0.49710673022199237 0.3177214923165942 0.005 0.016666666666666666
2.0 0.4517443897568477 0.3085878916253819 0.006666666666666667 0.015
2.0 0.40805779502397926 0.3033794599854028 0.006666666666666667 0.013333333333333334
7.0 0.10428578272455784 0.44652331492992325 0.028333333333333332 0.06666666666666667
7.0 0.20286631741010544 0.3985437422558919 0.018333333333333333 0.045
7.0 0.3086361103779451 0.3704212244580232 0.013333333333333334 0.03166666666666667
7.0 0.392398547622029 0.3513055219959167 0.011666666666666667 0.03
7.0 0.4290801101947098 0.337559938135238 0.008333333333333333 0.023333333333333334
7.0 0.42893224352830533 0.32436655277640214 0.008333333333333333 0.02
7.0 0.40407715644786507 0.31407198680004794 0.006666666666666667 0.018333333333333333
7.0 0.3656092116105881 0.3069103030740115 0.005 0.015
7.0 0.30686730592493544 0.30604529443943534 0.006666666666666667 0.016666666666666666
7.0 0.24723483866002396 0.3067703604481781 0.005 0.015
2.0 0.27832854153452846 0.30166520617726633 0.006666666666666667 0.013333333333333334
2.0 0.22402934882179995 0.30183170633200507 0.005 0.013333333333333334
7.0 0.19202777988264383 0.3061570964848882 0.008333333333333333 0.018333333333333333
2.0 0.18948945547484314 0.2915332843304036 0.0033333333333333335 0.01
2.0 0.17324932676871171 0.2998884889486479 0.006666666666666667 0.013333333333333334
7.0 0.1476464246969727 0.30439576431513987 0.008333333333333333 0.016666666666666666
2.0 0.13580791587582372 0.2972475929149052 0.005 0.011666666666666667
7.0 0.09855532570964778 0.3002291688337478 0.006666666666666667 0.015
2.0 0.10630168874397805 0.29258613570646075 0.0033333333333333335 0.01
7.0 0.11111090642742781 0.28928680912300386 0.005 0.01
2.0 0.14370235175347237 0.29193159365686616 0.0033333333333333335 0.01
7.0 0.5932931642464201 0.29713835187479937 0.0033333333333333335 0.01
2.0 0.6015617497358092 0.3030940544145878 0.006666666666666667 0.011666666666666667
2.0 0.6241274811934098 0.30626198025215784 0.005 0.011666666666666667
2.0 0.6497522823551493 0.30884397622409393 0.005 0.013333333333333334
7.0 0.6647965116639089 0.30685852358638926 0.005 0.011666666666666667
2.0 0.6795778372958446 0.3120177023369711 0.006666666666666667 0.015
7.0 0.6982747946429894 0.3116954337065368 0.006666666666666667 0.013333333333333334
2.0 0.7139885065928763 0.3161952572142339 0.006666666666666667 0.015
7.0 0.7274344427130013 0.3145291743497591 0.0033333333333333335 0.013333333333333334
7.0 0.755475850106197 0.31711085430839586 0.005 0.013333333333333334
2.0 0.7492174889327297 0.32069186585142734 0.006666666666666667 0.018333333333333333
7.0 0.7924816802968832 0.31983641865368695 0.008333333333333333 0.016666666666666666
2.0 0.8110638068105226 0.3289858152807872 0.008333333333333333 0.018333333333333333
7.0 0.8566577564763614 0.32531299958071175 0.006666666666666667 0.018333333333333333
9.0 0.7384343676380888 0.3142773972036006 0.01 0.02666666666666667
9.0 0.7574652521874169 0.31719357836988443 0.011666666666666667 0.028333333333333332
9.0 0.7844172724859158 0.31573611270404994 0.01 0.025
9.0 0.8035916352739546 0.31625989516250136 0.01 0.02666666666666667
