7.0 0.71902 0.17966999999999997 0.044921875 0.009765625
7.0 0.7255400000000001 0.29334999999999994 0.03515625 0.009765625
7.0 0.72174 0.40946999999999995 0.02734375 0.0078125
7.0 0.7097800000000001 0.52925 0.02734375 0.005859375
7.0 0.6918500000000001 0.6511099999999999 0.02734375 0.005859375
7.0 0.66739 0.7748999999999999 0.02734375 0.0078125
7.0 0.6347800000000001 0.9110399999999998 0.033203125 0.0078125
2.0 0.28043000000000007 0.9341899999999999 0.1875 0.03515625
2.0 0.4413 0.46884 0.150390625 0.041015625
2.0 0.5875 0.2775099999999999 0.095703125 0.02734375
2.0 0.65924 0.25782999999999995 0.0625 0.009765625
2.0 0.6902200000000001 0.31092999999999993 0.05078125 0.009765625
2.0 0.70109 0.3833599999999999 0.041015625 0.009765625
2.0 0.70163 0.46778999999999993 0.03515625 0.0078125
2.0 0.6923900000000001 0.5617999999999999 0.03125 0.0078125
2.0 0.6777200000000001 0.6615599999999999 0.033203125 0.0078125
2.0 0.65761 0.7621899999999999 0.033203125 0.0078125
2.0 0.63043 0.8678599999999999 0.037109375 0.009765625
8.0 0.73424 0.16712999999999997 0.037109375 0.009765625
8.0 0.7587 0.14884999999999998 0.03125 0.0078125
8.0 0.77337 0.13735999999999995 0.025390625 0.005859375
8.0 0.7837000000000001 0.12812999999999994 0.01953125 0.00390625
8.0 0.78696 0.10375999999999996 0.021484375 0.005859375
8.0 0.78967 0.07485999999999995 0.0234375 0.00390625
1.0 0.79565 0.06702999999999996 0.017578125 0.00390625
9.0 0.59402 0.30222999999999994 0.166015625 0.041015625
9.0 0.63098 0.26165999999999995 0.142578125 0.025390625
