7.0 0.2609880584968532 0.35643931797526507 0.022304832713754646 0.0762081784386617
7.0 0.41510244163861365 0.3313715048650002 0.013011152416356878 0.048327137546468404
7.0 0.5548486827578752 0.33661780105177636 0.011152416356877323 0.03717472118959108
7.0 0.6882470827940895 0.35552115104380566 0.00929368029739777 0.031598513011152414
7.0 0.8239709662848811 0.3838760377621769 0.011152416356877323 0.03531598513011153
2.0 0.4750199067725476 0.56187334898898 0.04460966542750929 0.1449814126394052
2.0 0.4872446819039568 0.4237126474292091 0.024163568773234202 0.08178438661710037
2.0 0.5572115001103031 0.3833613582091015 0.01858736059479554 0.05762081784386617
2.0 0.6490833241786097 0.3778172759866263 0.01486988847583643 0.048327137546468404
2.0 0.7538218362451451 0.38951981115201606 0.011152416356877323 0.04275092936802974
2.0 0.8690016707098275 0.41419639752221643 0.011152416356877323 0.040892193308550186
1.0 0.14824339611572232 0.20292372080227683 0.0055762081784386614 0.01486988847583643
1.0 0.15691591447255576 0.20855290358600412 0.0055762081784386614 0.016728624535315983
1.0 0.25067959448619853 0.22382573033350225 0.0018587360594795538 0.016728624535315983
1.0 0.2643046497382195 0.22351057202401994 0.0037174721189591076 0.013011152416356878
1.0 0.3343047668394747 0.2427126785672813 0.0055762081784386614 0.016728624535315983
1.0 0.3688522818983894 0.24503784571019113 0.0055762081784386614 0.01486988847583643
1.0 0.40259776042064993 0.2597573543733254 0.0018587360594795538 0.01858736059479554
1.0 0.4448107122292999 0.26456174400696036 0.0037174721189591076 0.016728624535315983
1.0 0.4794907828785158 0.2803594497658533 0.0055762081784386614 0.020446096654275093
1.0 0.5134363348302299 0.281623852161255 0.0037174721189591076 0.01858736059479554
