9 0.45143 0.56467 0.07138 0.325
9 0.5524 0.45 0.05118 0.23696
7 0.51062 0.55707 0.04909 0.17935
7 0.68088 0.34837 0.02403 0.08804
7 0.74042 0.27989 0.01358 0.05978
7 0.77141 0.23859 0.0101 0.04457
7 0.78795 0.21902 0.00836 0.03804
7 0.80641 0.2 0.00627 0.02826
7 0.82678 0.18967 0.00522 0.025
7 0.83896 0.18043 0.00453 0.02174
7 0.84558 0.17065 0.00383 0.01739
7 0.86455 0.16576 0.00418 0.01848
7 0.88318 0.16359 0.00313 0.0163
7 0.93036 0.16033 0.00348 0.0163
2 0.94272 0.22391 0.01079 0.0413
2 0.93315 0.2038 0.00905 0.03152
2 0.92705 0.19348 0.00662 0.02609
2 0.92688 0.18315 0.00627 0.02283
2 0.94464 0.17283 0.00418 0.01957
