7 0.49095 0.69728 0.05223 0.2163
7 0.16626 0.2538 0.0087 0.0337
7 0.26341 0.2538 0.00662 0.02935
7 0.36595 0.26033 0.00627 0.025
7 0.47336 0.27283 0.00522 0.02391
7 0.5813 0.28967 0.00453 0.02283
7 0.68715 0.31033 0.00592 0.025
7 0.79509 0.33696 0.00731 0.02826
7 0.91452 0.37391 0.0094 0.03261
2 0.51184 0.44565 0.02437 0.09565
2 0.29248 0.37663 0.02159 0.07935
2 0.21013 0.3212 0.01219 0.05978
2 0.21623 0.28696 0.00557 0.04348
2 0.26428 0.27554 0.00836 0.03804
2 0.33113 0.27174 0.00766 0.03261
2 0.40738 0.27554 0.00696 0.02935
2 0.4913 0.28478 0.00627 0.02826
2 0.57765 0.29837 0.00627 0.02717
2 0.66191 0.31576 0.00696 0.02935
2 0.74269 0.33641 0.00696 0.03152
2 0.82364 0.3625 0.0087 0.03587
2 0.89659 0.39402 0.01114 0.04457
2 0.94446 0.43098 0.01358 0.05543
2 0.93071 0.46848 0.0188 0.07391
2 0.78586 0.4837 0.02368 0.08913
8 0.15895 0.24402 0.00731 0.03152
8 0.14746 0.22772 0.00592 0.025
8 0.1391 0.21685 0.00453 0.02283
8 0.13283 0.20924 0.00383 0.01848
8 0.11159 0.20707 0.00383 0.01848
8 0.08618 0.20326 0.00383 0.01957
8 0.05989 0.20109 0.00418 0.01957
8 0.05397 0.2087 0.00487 0.02174
9 0.22284 0.31196 0.02298 0.10217
9 0.20561 0.2962 0.01288 0.09239
