2 0.52559 0.67935 0.05745 0.2087
2 0.19847 0.46467 0.03552 0.12283
2 0.09732 0.37989 0.02333 0.09022
2 0.10846 0.32283 0.01567 0.06304
2 0.16104 0.29565 0.01288 0.05
2 0.23137 0.28098 0.0094 0.04022
2 0.30084 0.27554 0.00766 0.0337
2 0.375 0.275 0.00696 0.03261
2 0.47493 0.28152 0.00696 0.03043
2 0.53377 0.28804 0.00696 0.03043
2 0.62604 0.30163 0.00766 0.02935
2 0.72719 0.31957 0.00801 0.03261
2 0.81459 0.33533 0.00731 0.0337
2 0.9046 0.35 0.00766 0.03478
7 0.09749 0.25924 0.00975 0.03804
7 0.21901 0.25489 0.00766 0.02935
7 0.32799 0.25761 0.00557 0.02609
7 0.43332 0.26522 0.00522 0.02391
7 0.53029 0.27446 0.00418 0.02283
7 0.63301 0.28913 0.00418 0.02391
7 0.73555 0.30707 0.00592 0.025
7 0.79909 0.31793 0.00557 0.02717
7 0.84889 0.32554 0.00627 0.02717
7 0.89694 0.33098 0.00627 0.02717
7 0.92914 0.33315 0.00592 0.025
7 0.94029 0.33098 0.00522 0.02283
7 0.93489 0.32663 0.00487 0.02065
7 0.93715 0.31141 0.00313 0.01413
7 0.90999 0.31359 0.00453 0.02283
