7.0 0.4914476596135821 0.5487392097744817 0.08092485549132948 0.11705202312138728
7.0 0.4492254805005824 0.4001327592338858 0.046242774566473986 0.06502890173410404
7.0 0.39502889580684986 0.3357943373442569 0.030346820809248554 0.04335260115606936
7.0 0.3862705336455183 0.30700387152595565 0.02167630057803468 0.033236994219653176
7.0 0.40242383133977405 0.2969227405089182 0.01878612716763006 0.02745664739884393
7.0 0.4199740438253338 0.2798331313945011 0.011560693641618497 0.017341040462427744
7.0 0.4449600530318925 0.2967636015840276 0.014450867052023121 0.02023121387283237
7.0 0.3814983522753515 0.26165452416807006 0.011560693641618497 0.015895953757225433
7.0 0.3451763171770599 0.24325514381513522 0.011560693641618497 0.017341040462427744
7.0 0.2991966129872604 0.2224524748672329 0.011560693641618497 0.017341040462427744
7.0 0.28969315005740326 0.20054779910336037 0.005780346820809248 0.008670520231213872
7.0 0.31538882213041336 0.21147864514860762 0.0072254335260115606 0.010115606936416185
7.0 0.4330461059284362 0.26128421548034453 0.0072254335260115606 0.010115606936416185
7.0 0.45791587233531433 0.27268092827016727 0.0072254335260115606 0.010115606936416185
7.0 0.49050829274409546 0.2868263361648792 0.005780346820809248 0.010115606936416185
7.0 0.5270900453763824 0.30582469477771296 0.005780346820809248 0.010115606936416185
7.0 0.5563955771699978 0.3195799458603015 0.0072254335260115606 0.011560693641618497
7.0 0.59297300035626 0.3358442173169974 0.0072254335260115606 0.011560693641618497
7.0 0.6344758629874129 0.3538140030956529 0.008670520231213872 0.01300578034682081
7.0 0.6727639830089573 0.3723453810597626 0.008670520231213872 0.01300578034682081
7.0 0.7272366013685325 0.39857720085999226 0.010115606936416185 0.014450867052023121
7.0 0.7790161155319038 0.423837955756159 0.010115606936416185 0.015895953757225433
7.0 0.8473311483501795 0.45560314130911483 0.01300578034682081 0.01878612716763006
2.0 0.7620022459949358 0.52773323937036 0.04046242774566474 0.05635838150289017
2.0 0.595546173222126 0.4037053888755964 0.02601156069364162 0.03901734104046243
2.0 0.5197867769785276 0.35385377562586573 0.02167630057803468 0.030346820809248554
2.0 0.5150177084183 0.33401391771307004 0.017341040462427744 0.024566473988439308
2.0 0.5251175198494165 0.32709104953915985 0.01300578034682081 0.02023121387283237
2.0 0.5335836014438435 0.3133750575070838 0.008670520231213872 0.01300578034682081
2.0 0.4846618605165045 0.301935220472948 0.010115606936416185 0.014450867052023121
2.0 0.43572500515048135 0.27682842120494594 0.010115606936416185 0.014450867052023121
2.0 0.3787848710504339 0.24973710430119433 0.010115606936416185 0.01300578034682081
2.0 0.313173804665825 0.22168054435526224 0.008670520231213872 0.014450867052023121
2.0 0.32510059435430577 0.21846088290108584 0.008670520231213872 0.010115606936416185
2.0 0.3633433087579163 0.23378382883257656 0.005780346820809248 0.0072254335260115606
2.0 0.38775230621727697 0.24494392613623311 0.0072254335260115606 0.008670520231213872
2.0 0.41152296953894363 0.25621711944678643 0.0072254335260115606 0.010115606936416185
2.0 0.4308924108543439 0.26560264579423215 0.0072254335260115606 0.010115606936416185
2.0 0.45848508108966496 0.27572374679133793 0.0072254335260115606 0.011560693641618497
2.0 0.4991209618827765 0.29368505443808807 0.0072254335260115606 0.011560693641618497
2.0 0.568991045740746 0.33128814130480916 0.008670520231213872 0.014450867052023121
2.0 0.6020407615502217 0.3456766974771259 0.008670520231213872 0.014450867052023121
2.0 0.6379733178073516 0.3620505913938958 0.008670520231213872 0.014450867052023121
2.0 0.6844911609178536 0.38541867474187236 0.008670520231213872 0.015895953757225433
2.0 0.7351374429177499 0.41006849969941167 0.011560693641618497 0.015895953757225433
2.0 0.7836213709515045 0.433568580658563 0.011560693641618497 0.01878612716763006
2.0 0.8405549722601137 0.46065642401549173 0.01300578034682081 0.01878612716763006
