7.0 0.33227141899645146 0.6863255311062486 0.05128205128205128 0.018803418803418803
7.0 0.3666345086877805 0.6092345834592109 0.06324786324786325 0.023931623931623933
7.0 0.3165976306190136 0.7822647644770784 0.044444444444444446 0.018803418803418803
2.0 0.41369589321248806 0.3090795238957191 0.08034188034188035 0.03076923076923077
2.0 0.2908049307348573 0.8508417146903282 0.037606837606837605 0.013675213675213675
8.0 0.34961553665522005 0.09035448453841861 0.044444444444444446 0.018803418803418803
2.0 0.3124902331614722 0.5710358699696818 0.039316239316239315 0.015384615384615385
2.0 0.29652907787652427 0.6960919074788566 0.035897435897435895 0.013675213675213675
8.0 0.2972895625541723 0.1804885819867435 0.023931623931623933 0.008547008547008548
8.0 0.3744554230814964 0.2770959777408176 0.06153846153846154 0.023931623931623933
8.0 0.30791509082009333 0.21981401912789883 0.02735042735042735 0.011965811965811967
7.0 0.44049026184475476 0.568633187019021 0.09914529914529914 0.035897435897435895
8.0 0.3005287442013317 0.15091773111716247 0.02564102564102564 0.010256410256410256
8.0 0.29470748749246184 0.20893179689505884 0.022222222222222223 0.008547008547008548
8.0 0.3039006534107514 0.12353004313823616 0.023931623931623933 0.010256410256410256
2.0 0.34685071273285617 0.44226579667818977 0.0547008547008547 0.022222222222222223
8.0 0.3301028430252303 0.2378340526530281 0.041025641025641026 0.013675213675213675
8.0 0.32080218520982584 0.11108971888940189 0.03076923076923077 0.013675213675213675
7.0 0.6736658562699023 0.6623384943931148 0.2170940170940171 0.08717948717948718
1.0 0.28907651719883304 0.1867463953465071 0.017094017094017096 0.005128205128205128
1.0 0.2994077438361047 0.11541930641637597 0.018803418803418803 0.006837606837606838
1.0 0.28873534307175586 0.11896595303785595 0.015384615384615385 0.005128205128205128
