9.0 0.5617048705785174 0.5700520713574636 0.1911532385466035 0.09162717219589257
9.0 0.625752495967458 0.5988579953379078 0.1484992101105845 0.06635071090047394
7.0 0.30470258116758175 0.4855382111468773 0.2037914691943128 0.10742496050552923
7.0 0.5643145397257677 0.5967011393041605 0.11058451816745656 0.05529225908372828
7.0 0.6915490669903115 0.6464987734529761 0.06477093206951026 0.0315955766192733
7.0 0.742506509450954 0.6695331141553413 0.044233807266982623 0.020537124802527645
7.0 0.7746398526155966 0.6811194930225382 0.03475513428120063 0.017377567140600316
7.0 0.7908466245379707 0.6881935745726157 0.02843601895734597 0.014218009478672985
7.0 0.80759739051386 0.6971647888422853 0.022116903633491312 0.011058451816745656
7.0 0.8198985655623031 0.7097511138453092 0.020537124802527645 0.009478672985781991
7.0 0.8288348779920827 0.7169998908839552 0.017377567140600316 0.007898894154818325
7.0 0.8373389563223452 0.7195427272140805 0.01579778830963665 0.007898894154818325
7.0 0.8453725571971494 0.7332097141387404 0.01263823064770932 0.00631911532385466
7.0 0.8512511908887882 0.7473431682502996 0.014218009478672985 0.00631911532385466
