7.0 0.7063400253254049 0.6047346021254802 0.08226950354609928 0.1049645390070922
2.0 0.8603846605729046 0.5087720432732233 0.02695035460992908 0.03404255319148936
2.0 0.858316346693869 0.48607042077677365 0.018439716312056736 0.02553191489361702
2.0 0.8865557561583044 0.4976704051632862 0.009929078014184398 0.01276595744680851
8.0 0.740519251072632 0.5008911713816252 0.04397163120567376 0.05673758865248227
8.0 0.7897916975022227 0.48979506093173525 0.032624113475177303 0.0425531914893617
8.0 0.6071773090666066 0.39290648408009377 0.03404255319148936 0.04397163120567376
8.0 0.6766272763599944 0.4055857249324932 0.024113475177304965 0.03404255319148936
1.0 0.5138560981756586 0.32203000297965795 0.02269503546099291 0.031205673758865248
1.0 0.5713769378351776 0.3337634933278051 0.01702127659574468 0.02269503546099291
1.0 0.44642862166695246 0.2622040794093885 0.015602836879432624 0.02127659574468085
1.0 0.4022807441737666 0.25602662035536095 0.019858156028368795 0.02695035460992908
