7 0.5712 0.71087 0.06093 0.23913
7 0.61664 0.43696 0.02368 0.11087
7 0.55118 0.35761 0.01671 0.07174
7 0.46292 0.33152 0.01288 0.05435
7 0.36055 0.32826 0.01149 0.04565
7 0.2507 0.33696 0.00975 0.0413
7 0.11438 0.35978 0.01079 0.0413
7 0.94795 0.3038 0.00662 0.04674
2 0.72545 0.30707 0.01497 0.05978
2 0.58426 0.29185 0.01114 0.04457
2 0.44377 0.29457 0.0087 0.03696
2 0.3071 0.30761 0.00766 0.03261
2 0.14659 0.33478 0.00836 0.03478
8 0.91974 0.26793 0.01428 0.05326
8 0.87796 0.23478 0.0094 0.03696
8 0.85568 0.21739 0.00662 0.02826
8 0.84088 0.20435 0.00557 0.02609
8 0.81529 0.2087 0.00522 0.02174
8 0.78691 0.21141 0.00487 0.02283
8 0.75923 0.21413 0.00522 0.02174
8 0.75487 0.22717 0.00627 0.02609
8 0.74808 0.24674 0.00801 0.03478
8 0.73398 0.28152 0.01114 0.04783
9 0.51114 0.69457 0.04944 0.30652
9 0.60393 0.57011 0.04979 0.30978
