7.0 0.5819195904819383 0.1031028509173971 0.0315955766192733 0.01579778830963665
7.0 0.598830593530587 0.11583143953579124 0.02527646129541864 0.01263823064770932
7.0 0.6112991789907157 0.12104920775788175 0.020537124802527645 0.009478672985781991
7.0 0.6210802666657598 0.139196452457358 0.01579778830963665 0.00631911532385466
7.0 0.6268493698872264 0.15614648969194236 0.017377567140600316 0.009478672985781991
7.0 0.6376839469990553 0.1955157587386265 0.014218009478672985 0.007898894154818325
7.0 0.6518852740824721 0.25619261946648403 0.014218009478672985 0.007898894154818325
7.0 0.6634217964685523 0.313973324336324 0.014218009478672985 0.00631911532385466
7.0 0.6710242799466111 0.3532512354949696 0.014218009478672985 0.007898894154818325
7.0 0.6783689442207824 0.3947992409060463 0.01263823064770932 0.004739336492890996
7.0 0.6859057726232312 0.4386313552064261 0.01263823064770932 0.004739336492890996
7.0 0.6919917222122416 0.48377143171127107 0.01263823064770932 0.00631911532385466
7.0 0.6990900002147495 0.5372544311467639 0.014218009478672985 0.00631911532385466
7.0 0.7054662978583356 0.5897748495855885 0.017377567140600316 0.007898894154818325
7.0 0.7126946868426596 0.646880816606336 0.014218009478672985 0.007898894154818325
7.0 0.7205688252165744 0.7030695627074766 0.018957345971563982 0.009478672985781991
7.0 0.7277498537849088 0.7839262123330775 0.020537124802527645 0.01263823064770932
2.0 0.42003200276149283 0.43005199468102273 0.13112164296998421 0.0679304897314376
2.0 0.5210646582363354 0.30234644528287624 0.07582938388625593 0.037914691943127965
2.0 0.5678723130933395 0.25186742401716206 0.05055292259083728 0.023696682464454975
2.0 0.5937786776625329 0.22421902231894833 0.03475513428120063 0.018957345971563982
2.0 0.6056251507468908 0.20968981218837604 0.02843601895734597 0.014218009478672985
2.0 0.6164813042436965 0.2029165839571504 0.022116903633491312 0.009478672985781991
2.0 0.6296157910858085 0.2120412346109261 0.017377567140600316 0.007898894154818325
2.0 0.6453020671336573 0.2523669268693069 0.01579778830963665 0.007898894154818325
2.0 0.660033210447719 0.3117222597045295 0.014218009478672985 0.007898894154818325
2.0 0.6716282145704828 0.3760746925622933 0.01579778830963665 0.00631911532385466
2.0 0.6812247438971446 0.4430532993507125 0.014218009478672985 0.004739336492890996
2.0 0.690099292864884 0.5090693251424636 0.01579778830963665 0.007898894154818325
2.0 0.7007181552229659 0.5843964005118013 0.017377567140600316 0.00631911532385466
2.0 0.7100313409789959 0.6583392571081261 0.018957345971563982 0.009478672985781991
2.0 0.717585693390912 0.7357146720973361 0.018957345971563982 0.009478672985781991
2.0 0.720775231628963 0.8042359490266389 0.023696682464454975 0.01263823064770932
