2 0.57782 0.70924 0.05884 0.21413
2 0.32991 0.48859 0.03656 0.12717
2 0.12866 0.38043 0.02472 0.09348
2 0.08635 0.19565 0.00348 0.01522
2 0.12674 0.19891 0.00348 0.01522
2 0.15512 0.20054 0.00313 0.01413
2 0.45317 0.24783 0.00313 0.01522
2 0.48677 0.2538 0.00279 0.01413
2 0.52698 0.26033 0.00313 0.01413
2 0.56668 0.26793 0.00313 0.01413
2 0.59941 0.27283 0.00313 0.01522
2 0.62517 0.27717 0.00313 0.01304
2 0.65494 0.28207 0.00279 0.01413
2 0.79056 0.30652 0.00313 0.01304
2 0.81981 0.31359 0.00313 0.01413
2 0.84523 0.32065 0.00313 0.01522
2 0.85428 0.32446 0.00313 0.0163
2 0.84749 0.32609 0.00348 0.01739
2 0.83182 0.32717 0.00418 0.01957
2 0.81407 0.32772 0.00348 0.02065
2 0.78325 0.32826 0.00592 0.02391
2 0.75975 0.3288 0.00418 0.025
2 0.7554 0.33641 0.00662 0.02935
2 0.78308 0.35598 0.00905 0.03587
2 0.85759 0.38967 0.01323 0.04457
7 0.05014 0.18804 0.00279 0.01522
7 0.0773 0.19076 0.00348 0.01413
7 0.0968 0.19185 0.00348 0.01413
7 0.12274 0.19293 0.00313 0.01196
2 0.1969 0.20217 0.00313 0.01304
2 0.17758 0.20109 0.00279 0.01304
7 0.8179 0.30924 0.00279 0.01196
7 0.86682 0.32065 0.00313 0.01304
7 0.90895 0.33207 0.00313 0.01413
7 0.93384 0.34022 0.00418 0.01522
7 0.93367 0.34565 0.00453 0.01739
7 0.92549 0.34837 0.00487 0.02065
7 0.89537 0.35598 0.00662 0.02717
7 0.88336 0.3587 0.00696 0.02826
7 0.89467 0.36739 0.00731 0.03043
7 0.92897 0.38315 0.00905 0.03587
9 0.81511 0.32174 0.00348 0.03261
9 0.81006 0.3212 0.00662 0.0337
9 0.91643 0.34511 0.00418 0.03587
9 0.91243 0.34511 0.00731 0.03587
