8.0 0.4307793907984995 0.6487727681219604 0.1332398316970547 0.16269284712482468
8.0 0.38427460608940106 0.30891618236283747 0.05049088359046283 0.061711079943899017
8.0 0.3728509425070082 0.22278329018195248 0.030855539971949508 0.0364656381486676
8.0 0.36661901479764586 0.182206096917358 0.02244039270687237 0.028050490883590462
7.0 0.6631343449526014 0.6552015449079905 0.06872370266479663 0.08415147265077139
7.0 0.7278463787512925 0.6033215240716201 0.04067321178120617 0.047685834502103785
1.0 0.37584093177853156 0.1781876342695067 0.015427769985974754 0.019635343618513323
1.0 0.3752718291504352 0.15873122643072485 0.012622720897615708 0.016830294530154277
1.0 0.4138818463519531 0.19862640126921188 0.012622720897615708 0.015427769985974754
1.0 0.44419424544176783 0.21222469794106094 0.011220196353436185 0.012622720897615708
1.0 0.46371453953044195 0.23447515446398318 0.012622720897615708 0.014025245441795231
1.0 0.5116671273903699 0.26995420323239466 0.008415147265077139 0.012622720897615708
1.0 0.517560886993986 0.28027882628023865 0.009817671809256662 0.012622720897615708
1.0 0.5689872598623407 0.3286747302238592 0.009817671809256662 0.014025245441795231
1.0 0.575078881430703 0.3291267927299172 0.0070126227208976155 0.009817671809256662
1.0 0.6185260707087855 0.37955351955535316 0.008415147265077139 0.011220196353436185
1.0 0.6357679801445143 0.39306410633402084 0.0070126227208976155 0.008415147265077139
1.0 0.6619335242431671 0.42805890413286385 0.009817671809256662 0.014025245441795231
1.0 0.6843758179071313 0.4461488323484766 0.011220196353436185 0.014025245441795231
1.0 0.7125113242455396 0.4868184954303546 0.011220196353436185 0.015427769985974754
1.0 0.7294020062058516 0.4962610469555018 0.009817671809256662 0.014025245441795231
