2.0 0.5743758465552875 0.7617929824076095 0.07803468208092486 0.11849710982658959
2.0 0.5187427866919692 0.5190744601922636 0.06358381502890173 0.09248554913294797
2.0 0.5480579174505429 0.4513170055398418 0.03901734104046243 0.057803468208092484
2.0 0.5874631684875493 0.4367475625290754 0.028901734104046242 0.04335260115606936
2.0 0.6413566103769143 0.45584196586536596 0.02601156069364162 0.03757225433526012
2.0 0.6957246654510719 0.48611586610381263 0.02167630057803468 0.033236994219653176
2.0 0.7503234943261874 0.5219760412465144 0.02167630057803468 0.030346820809248554
2.0 0.8146479782848722 0.5716636783703005 0.023121387283236993 0.031791907514450865
7.0 0.36261529584673224 0.29442615848014597 0.03757225433526012 0.05346820809248555
7.0 0.478926616553495 0.33440732380906735 0.024566473988439308 0.036127167630057806
7.0 0.562812350614317 0.3744599777793137 0.01878612716763006 0.02601156069364162
7.0 0.6378827831346598 0.419839205086992 0.017341040462427744 0.024566473988439308
7.0 0.7093694098553478 0.4706032359193884 0.015895953757225433 0.024566473988439308
7.0 0.7861709162396863 0.5291959246972932 0.015895953757225433 0.02167630057803468
