9.0 0.3573721713479758 0.6630488352070738 0.1163575042158516 0.0387858347386172
2.0 0.2844281925250792 0.7065077118565602 0.0387858347386172 0.013490725126475547
2.0 0.4409709008777893 0.1267848885578632 0.025295109612141653 0.01011804384485666
2.0 0.31089483990700845 0.6942361525795392 0.048903878583473864 0.02023608768971332
9.0 0.3765732390805155 0.6487246394649655 0.1281618887015177 0.050590219224283306
2.0 0.25924733018516033 0.746640388319783 0.03372681281618887 0.013490725126475547
2.0 0.4302038521538018 0.13648545027673448 0.025295109612141653 0.01011804384485666
2.0 0.45908035528374674 0.09975733414486666 0.025295109612141653 0.006745362563237774
7.0 0.1880789065367174 0.825972343470778 0.016863406408094434 0.00505902192242833
2.0 0.2636442862522918 0.5352480361436789 0.008431703204047217 0.0016863406408094434
2.0 0.23073129602280526 0.8110576961898124 0.03204047217537943 0.011804384485666104
2.0 0.23692566849955365 0.6273098215689178 0.011804384485666104 0.00505902192242833
2.0 0.3823250700686221 0.1999346483711015 0.01011804384485666 0.003372681281618887
7.0 0.1987463626649868 0.7871030865887813 0.01517706576728499 0.00505902192242833
7.0 0.3595575776632336 0.2587989026836616 0.008431703204047217 0.003372681281618887
7.0 0.21028914940054777 0.7378499294691957 0.013490725126475547 0.00505902192242833
2.0 0.21045295698756553 0.761234789641315 0.01517706576728499 0.00505902192242833
7.0 0.34424444480811445 0.2997509639575527 0.01011804384485666 0.003372681281618887
2.0 0.5650217625966587 0.5770967877347831 0.14839797639123103 0.06239460370994941
7.0 0.2224783729828287 0.6687214073717506 0.01011804384485666 0.003372681281618887
2.0 0.43130357195949975 0.10324980413125634 0.01517706576728499 0.006745362563237774
7.0 0.23733872509912823 0.6195973291003547 0.008431703204047217 0.0016863406408094434
7.0 0.3729036473910825 0.21826274659165318 0.01011804384485666 0.00505902192242833
2.0 0.40575475558643026 0.13736463189237869 0.01011804384485666 0.003372681281618887
2.0 0.3307038410964263 0.3440753431378673 0.01011804384485666 0.0016863406408094434
2.0 0.3106346961290478 0.3849515426397679 0.006745362563237774 0.003372681281618887
2.0 0.4238328554883269 0.12940910319221208 0.016863406408094434 0.006745362563237774
2.0 0.2807761811446637 0.4705067109880201 0.008431703204047217 0.003372681281618887
7.0 0.258871917219129 0.543419280393975 0.01011804384485666 0.003372681281618887
2.0 0.27128416797931043 0.5027096995644329 0.008431703204047217 0.003372681281618887
7.0 0.25725580233851564 0.549850035698971 0.008431703204047217 0.003372681281618887
7.0 0.24929032033448265 0.5788152895314097 0.01011804384485666 0.003372681281618887
7.0 0.2183930635699205 0.6973100020509914 0.011804384485666104 0.003372681281618887
7.0 0.2167186002806785 0.6905971158193611 0.008431703204047217 0.00505902192242833
2.0 0.34150374361396807 0.3152942528129193 0.011804384485666104 0.00505902192242833
2.0 0.19645520524388035 0.8163061254585102 0.01854974704890388 0.006745362563237774
2.0 0.3672525708331011 0.24489194065789935 0.01011804384485666 0.00505902192242833
7.0 0.24478245435941787 0.5935910821178435 0.008431703204047217 0.003372681281618887
2.0 0.3064687873519009 0.39505331195072263 0.008431703204047217 0.0016863406408094434
2.0 0.29932466153339293 0.4139407697024614 0.008431703204047217 0.003372681281618887
2.0 0.39341133687942537 0.16952950543599196 0.011804384485666104 0.00505902192242833
2.0 0.23317270382226962 0.6648031813543919 0.013490725126475547 0.003372681281618887
7.0 0.20656753922732446 0.7562712635418399 0.01517706576728499 0.006745362563237774
7.0 0.3898567645653149 0.1734792473359973 0.01011804384485666 0.003372681281618887
2.0 0.24826218139224882 0.5873311212650024 0.008431703204047217 0.003372681281618887
2.0 0.31443477826977695 0.3769244792810612 0.008431703204047217 0.003372681281618887
7.0 0.2177037640532212 0.7039041799107806 0.011804384485666104 0.003372681281618887
7.0 0.21569471613191046 0.7152980568616509 0.011804384485666104 0.003372681281618887
2.0 0.3157459045877452 0.37485864451566825 0.008431703204047217 0.003372681281618887
2.0 0.26779644696707555 0.5198045822905578 0.01011804384485666 0.00505902192242833
2.0 0.22089976310336662 0.7181972474852266 0.013490725126475547 0.006745362563237774
2.0 0.27585151269040165 0.48764630789709734 0.008431703204047217 0.003372681281618887
2.0 0.2926481948434654 0.4329106883763436 0.008431703204047217 0.0016863406408094434
7.0 0.2619836902188093 0.5311414708390333 0.01011804384485666 0.003372681281618887
2.0 0.22815845164871448 0.6851357988244909 0.013490725126475547 0.00505902192242833
7.0 0.3525152843368882 0.2798435273097919 0.01011804384485666 0.003372681281618887
2.0 0.23136417566086537 0.650745995074142 0.01011804384485666 0.003372681281618887
2.0 0.2865613225748073 0.45122181697039365 0.006745362563237774 0.0016863406408094434
7.0 0.2760885196237734 0.4835674871489023 0.006745362563237774 0.0016863406408094434
2.0 0.2336398540370071 0.654049221113758 0.011804384485666104 0.00505902192242833
7.0 0.2936662124095624 0.42713722386168607 0.01011804384485666 0.0016863406408094434
2.0 0.26984784864452255 0.5108554712949805 0.008431703204047217 0.003372681281618887
7.0 0.23015587221071035 0.6441240726579021 0.008431703204047217 0.003372681281618887
2.0 0.3540470606673248 0.2819459778184907 0.011804384485666104 0.00505902192242833
2.0 0.38585724742040145 0.6636440571557343 0.07419898819561552 0.025295109612141653
2.0 0.2332194248715834 0.6483289736752996 0.013490725126475547 0.003372681281618887
2.0 0.23239231460309917 0.6422301633405493 0.01011804384485666 0.00505902192242833
2.0 0.25570429216964863 0.56406874079092 0.01011804384485666 0.003372681281618887
7.0 0.2542234916819916 0.5616771919118261 0.008431703204047217 0.003372681281618887
2.0 0.3173657653479812 0.37377657735659203 0.01011804384485666 0.00505902192242833
7.0 0.3263476464352214 0.3417817255179247 0.008431703204047217 0.00505902192242833
7.0 0.3380287528364104 0.3160579777556559 0.01011804384485666 0.003372681281618887
2.0 0.41856044830115213 0.10252835057973936 0.01011804384485666 0.003372681281618887
2.0 0.42578506098418717 0.13723180113936911 0.02023608768971332 0.006745362563237774
7.0 0.40740109464370666 0.12529309149208065 0.01011804384485666 0.00505902192242833
7.0 0.32862119741463025 0.3369923969031921 0.008431703204047217 0.003372681281618887
7.0 0.33093710215017536 0.33464783424375266 0.01011804384485666 0.003372681281618887
7.0 0.33331410410463674 0.3292718059949828 0.008431703204047217 0.003372681281618887
7.0 0.3038140431908213 0.39931952848396557 0.006745362563237774 0.0016863406408094434
7.0 0.2843402467276715 0.45571354432148403 0.006745362563237774 0.003372681281618887
7.0 0.31978936915836015 0.3546617050439117 0.008431703204047217 0.0016863406408094434
2.0 0.3207235570881233 0.36825786750572626 0.008431703204047217 0.0016863406408094434
7.0 0.26852447355368475 0.5075711186249601 0.006745362563237774 0.0016863406408094434
