7.0 0.7332089867773315 0.7118193873618089 0.043548387096774194 0.01935483870967742
7.0 0.6557422430850123 0.679421946387119 0.06935483870967742 0.03225806451612903
7.0 0.7900834415424337 0.7358698384423723 0.024193548387096774 0.01129032258064516
7.0 0.7694292421481638 0.727240403976868 0.03225806451612903 0.014516129032258065
7.0 0.80244398765776 0.7409329144325382 0.01935483870967742 0.00967741935483871
7.0 0.8116449950023701 0.7444177289861327 0.016129032258064516 0.0064516129032258064
7.0 0.8178442472229396 0.7470253882459351 0.014516129032258065 0.0064516129032258064
7.0 0.3060838340626374 0.521828847479334 0.1935483870967742 0.09838709677419355
8.0 0.8440210040268928 0.7926534246571577 0.012903225806451613 0.0064516129032258064
8.0 0.844163198156438 0.7895029918525135 0.00967741935483871 0.004838709677419355
7.0 0.8229243778759397 0.7488652383685064 0.01129032258064516 0.0032258064516129032
9.0 0.8305567571630922 0.7497793717257246 0.01935483870967742 0.008064516129032258
9.0 0.8457294785478714 0.7957849993830457 0.01935483870967742 0.0064516129032258064
2.0 0.8393648717227954 0.7981123201159105 0.014516129032258065 0.0064516129032258064
2.0 0.8125288202564633 0.6960428424005187 0.00967741935483871 0.004838709677419355
