7.0 0.4826531153598812 0.33371676199712236 0.019667170953101363 0.037821482602118005
7.0 0.593035694020732 0.42659199994039126 0.03479576399394856 0.06354009077155824
7.0 0.3100105952195132 0.2796170853477472 0.019667170953101363 0.03328290468986384
7.0 0.5807514963367062 0.5300932312279587 0.06354009077155824 0.11043872919818457
7.0 0.4063127512289783 0.30531680577675796 0.018154311649016642 0.03177004538577912
8.0 0.897308155573407 0.4049571888208444 0.01059001512859304 0.019667170953101363
2.0 0.7658418006234229 0.4527938600845041 0.03177004538577912 0.05597579425113464
8.0 0.7888918413189784 0.4341376607030367 0.024205748865355523 0.04236006051437216
2.0 0.4626247126876075 0.30347755717854685 0.015128593040847202 0.028744326777609682
7.0 0.5485238314831692 0.3720781026202666 0.025718608169440244 0.0453857791225416
8.0 0.8202256379243564 0.41009058166926315 0.018154311649016642 0.03177004538577912
2.0 0.34665669131857285 0.27294191029313924 0.015128593040847202 0.02723146747352496
2.0 0.6641858159650507 0.3853631386264523 0.0226928895612708 0.039334341906202726
8.0 0.8707741215297037 0.3965721585117067 0.01059001512859304 0.019667170953101363
8.0 0.8462701386727528 0.3885183583056198 0.01059001512859304 0.018154311649016642
8.0 0.8360268214880004 0.3967661919066713 0.012102874432677761 0.024205748865355523
2.0 0.5620538708086232 0.33758764243159123 0.018154311649016642 0.030257186081694403
9.0 0.42660150443704214 0.6287445551416595 0.12405446293494705 0.24205748865355523
1.0 0.866079061857754 0.3884642367763675 0.007564296520423601 0.015128593040847202
