7 0.34088 0.27989 0.00487 0.025
2 0.31511 0.37337 0.01671 0.07283
7 0.09732 0.29022 0.01358 0.05
2 0.44916 0.55 0.0376 0.14348
7 0.27211 0.27337 0.00662 0.02935
7 0.18994 0.27391 0.0087 0.03913
2 0.33653 0.325 0.01079 0.04783
2 0.35254 0.30924 0.00801 0.03587
2 0.87169 0.4125 0.00662 0.02935
7 0.39815 0.28533 0.00383 0.02065
2 0.85254 0.38587 0.00453 0.01957
9 0.52054 0.28967 0.00418 0.02717
2 0.53952 0.30707 0.00313 0.01848
7 0.43976 0.29076 0.00348 0.01848
2 0.39415 0.30326 0.00557 0.03043
7 0.47545 0.29293 0.00313 0.01848
2 0.56337 0.3087 0.00348 0.01739
7 0.55606 0.29565 0.00209 0.01522
2 0.51079 0.30707 0.00418 0.02065
2 0.44272 0.30489 0.00522 0.025
2 0.60811 0.31141 0.00244 0.01413
2 0.66173 0.30815 0.00244 0.01196
2 0.47893 0.30543 0.00453 0.02391
2 0.73242 0.30978 0.00174 0.0087
7 0.60202 0.29565 0.00209 0.01087
2 0.62935 0.31087 0.00244 0.01304
2 0.69481 0.30815 0.00174 0.00978
2 0.64467 0.3087 0.00244 0.01304
2 0.83896 0.39185 0.00522 0.02283
2 0.90634 0.39293 0.00348 0.01848
7 0.6398 0.2962 0.00174 0.00978
7 0.61751 0.29511 0.00244 0.01196
7 0.74669 0.30761 0.00174 0.0087
2 0.67949 0.30761 0.00174 0.01087
9 0.57921 0.3038 0.00453 0.02935
7 0.50192 0.29457 0.00313 0.01739
9 0.53081 0.28967 0.00383 0.02717
7 0.6774 0.29891 0.00174 0.0087
9 0.58722 0.30489 0.00453 0.02717
2 0.81459 0.32663 0.00174 0.00978
2 0.93106 0.36739 0.00279 0.01087
2 0.89641 0.35326 0.00244 0.01087
2 0.71118 0.3087 0.00174 0.0087
7 0.71953 0.30109 0.00174 0.0087
2 0.85864 0.34022 0.00209 0.0087
7 0.78847 0.31739 0.00174 0.0087
7 0.65999 0.29837 0.00174 0.00978
7 0.52594 0.29511 0.00313 0.0163
2 0.582 0.3087 0.00244 0.01739
7 0.58043 0.29565 0.00139 0.01522
7 0.9321 0.35815 0.00209 0.00978
7 0.89607 0.34837 0.00174 0.00978
2 0.76811 0.31576 0.00139 0.00761
7 0.70735 0.29946 0.00174 0.00761
7 0.8649 0.33859 0.00139 0.00761
7 0.69168 0.29837 0.00174 0.00761
7 0.83461 0.33043 0.00139 0.0087
2 0.83357 0.31793 0.00139 0.00761
