7 0.11804 0.37174 0.0188 0.07174
7 0.37291 0.30435 0.00627 0.02826
2 0.4953 0.45489 0.01845 0.08804
2 0.48921 0.37391 0.01114 0.05
2 0.50383 0.33641 0.00696 0.03587
7 0.23955 0.33207 0.01114 0.04674
2 0.51584 0.31957 0.00522 0.02826
7 0.31859 0.31576 0.00766 0.03587
7 0.5289 0.30272 0.00348 0.01848
7 0.20491 0.20978 0.00244 0.01304
7 0.66173 0.31576 0.00383 0.01848
2 0.31128 0.21739 0.00209 0.01087
7 0.26828 0.21902 0.00244 0.01196
7 0.47615 0.29891 0.00383 0.02174
2 0.34314 0.22065 0.00174 0.0087
7 0.42322 0.29891 0.00522 0.02391
2 0.80153 0.3337 0.00279 0.01522
7 0.11072 0.19022 0.00209 0.01304
7 0.05971 0.18152 0.00174 0.0087
7 0.31877 0.225 0.00244 0.01087
7 0.35063 0.22663 0.00209 0.00978
7 0.41696 0.23424 0.00174 0.00978
7 0.67653 0.28859 0.00209 0.01196
2 0.18802 0.19783 0.00209 0.01087
7 0.73677 0.31576 0.00279 0.01413
2 0.15146 0.19402 0.00209 0.00978
7 0.63127 0.27935 0.00209 0.01087
2 0.59384 0.31685 0.00383 0.02065
2 0.5437 0.31359 0.00453 0.02283
2 0.80919 0.32554 0.00279 0.01413
2 0.11786 0.19022 0.00174 0.0087
7 0.1546 0.20109 0.00209 0.01304
2 0.23451 0.20707 0.00174 0.01196
7 0.07782 0.18261 0.00174 0.01087
2 0.2782 0.21413 0.00209 0.01087
2 0.67114 0.325 0.00383 0.01957
2 0.16435 0.19457 0.00209 0.0087
7 0.73903 0.30761 0.00244 0.01304
7 0.59836 0.31033 0.00313 0.01848
7 0.59419 0.27174 0.00174 0.01087
2 0.79248 0.31359 0.00209 0.01196
2 0.76967 0.30435 0.00174 0.01087
7 0.70909 0.31793 0.00313 0.0163
2 0.75 0.33261 0.00348 0.01739
2 0.66556 0.28207 0.00174 0.00978
2 0.62378 0.27337 0.00174 0.00978
2 0.5907 0.26576 0.00174 0.00978
7 0.72214 0.29837 0.00209 0.00978
2 0.74304 0.81087 0.02019 0.07391
7 0.18019 0.1913 0.00174 0.0087
7 0.22441 0.19783 0.00174 0.0087
7 0.27037 0.20326 0.00174 0.0087
7 0.46501 0.23587 0.00174 0.0087
7 0.56772 0.26522 0.00174 0.01087
7 0.66278 0.26848 0.00174 0.0087
7 0.81337 0.29946 0.00209 0.00761
7 0.9046 0.31793 0.00209 0.00978
2 0.914 0.3212 0.00209 0.00978
2 0.24042 0.20272 0.00174 0.00761
2 0.56894 0.25978 0.00139 0.0087
7 0.54178 0.25761 0.00139 0.0087
7 0.50557 0.25 0.00139 0.0087
7 0.44429 0.23913 0.00139 0.0087
2 0.72563 0.29511 0.00139 0.00978
2 0.55763 0.2538 0.00104 0.00761
2 0.52298 0.25054 0.00139 0.00761
2 0.36995 0.22228 0.00174 0.00761
2 0.12187 0.19022 0.00139 0.0087
2 0.58339 0.25815 0.00104 0.00761
7 0.10341 0.18478 0.00139 0.0087
2 0.39519 0.22554 0.00139 0.00761
2 0.64903 0.26902 0.00139 0.00761
2 0.53099 0.25 0.00139 0.00652
7 0.47458 0.24457 0.00139 0.0087
2 0.19795 0.19783 0.00104 0.00652
2 0.42984 0.23315 0.00174 0.00761
2 0.42044 0.2288 0.00174 0.00761
7 0.3844 0.23043 0.00139 0.0087
2 0.33914 0.21739 0.00139 0.00652
2 0.61734 0.26304 0.00139 0.0087
7 0.94708 0.32717 0.00139 0.0087
7 0.3656 0.21957 0.00139 0.00652
2 0.13423 0.19239 0.00104 0.0087
2 0.73416 0.2837 0.00104 0.00652
2 0.49408 0.24293 0.00139 0.00761
7 0.24791 0.20109 0.00139 0.0087
2 0.28047 0.20815 0.00174 0.00761
7 0.29788 0.20815 0.00174 0.00761
2 0.3132 0.2125 0.00174 0.00761
7 0.42845 0.2288 0.00174 0.00761
2 0.45787 0.23478 0.00139 0.0087
2 0.47667 0.24185 0.00139 0.00978
7 0.4953 0.24239 0.00104 0.00652
7 0.56337 0.25163 0.00139 0.00761
7 0.59297 0.25707 0.00139 0.00761
7 0.63057 0.26304 0.00139 0.0087
2 0.67601 0.27337 0.00174 0.00761
7 0.69864 0.275 0.00104 0.00652
2 0.70352 0.27826 0.00104 0.00652
2 0.76288 0.29022 0.00139 0.00652
7 0.77507 0.2913 0.00139 0.00652
2 0.79701 0.2962 0.00139 0.00761
2 0.82799 0.30217 0.00139 0.0087
7 0.85655 0.30815 0.00139 0.00761
2 0.8743 0.31196 0.00139 0.0087
2 0.95021 0.33152 0.00139 0.0087
