2 0.36142 0.35598 0.01532 0.0663
2 0.20735 0.33859 0.01219 0.05109
8 0.57312 0.35598 0.0195 0.07717
2 0.51863 0.43098 0.02403 0.10543
7 0.11351 0.43913 0.02368 0.08913
8 0.63092 0.2788 0.01114 0.04891
8 0.79892 0.27065 0.01219 0.04783
8 0.85568 0.35054 0.02403 0.08804
8 0.6546 0.24457 0.00766 0.03261
8 0.66852 0.22554 0.00557 0.025
7 0.11229 0.57283 0.03935 0.15435
8 0.77542 0.2375 0.00836 0.03587
8 0.76149 0.21957 0.00557 0.02609
7 0.91922 0.44402 0.04387 0.1337
8 0.70021 0.22283 0.00557 0.02609
8 0.73276 0.2212 0.00662 0.02717
1 0.90233 0.19239 0.00244 0.01739
1 0.77019 0.21196 0.00348 0.02174
1 0.76549 0.2 0.00244 0.01739
1 0.69377 0.21413 0.00313 0.01957
1 0.81999 0.20163 0.00279 0.01848
1 0.86769 0.18913 0.00209 0.01739
