7 0.23572 0.33424 0.01741 0.06196
7 0.8508 0.3538 0.00662 0.02717
7 0.80118 0.3538 0.00696 0.02935
2 0.48729 0.49728 0.0289 0.1163
2 0.5867 0.37228 0.01323 0.05543
7 0.74199 0.34457 0.00696 0.03043
2 0.63823 0.36467 0.01114 0.04674
2 0.49774 0.40707 0.01706 0.07717
7 0.63005 0.32717 0.00731 0.03261
2 0.7359 0.37065 0.0094 0.0413
7 0.39119 0.31685 0.0101 0.04457
7 0.51114 0.31739 0.00766 0.03478
7 0.83339 0.34239 0.00383 0.01957
2 0.84227 0.3837 0.00905 0.03913
7 0.83565 0.35707 0.00627 0.02717
2 0.92009 0.39402 0.0094 0.03587
2 0.88719 0.33152 0.00279 0.01304
7 0.80658 0.33424 0.00453 0.02065
7 0.75035 0.3163 0.00418 0.01739
7 0.73955 0.30272 0.00348 0.01413
2 0.87674 0.34457 0.00418 0.01957
7 0.77211 0.30707 0.00244 0.01196
7 0.8663 0.32391 0.00279 0.01304
2 0.7977 0.31685 0.00279 0.01413
2 0.79022 0.31685 0.00244 0.01413
2 0.79439 0.32011 0.00313 0.0163
2 0.92984 0.34022 0.00244 0.01304
2 0.85115 0.325 0.00174 0.01304
2 0.92845 0.36087 0.00522 0.02174
7 0.7171 0.30054 0.00313 0.01413
7 0.92584 0.33641 0.00279 0.01196
2 0.81668 0.32772 0.00313 0.0163
2 0.82051 0.31957 0.00244 0.01304
2 0.61038 0.74402 0.06198 0.20543
7 0.71919 0.30543 0.00313 0.01739
7 0.81511 0.31467 0.00279 0.01196
7 0.85272 0.35 0.00279 0.02391
