7.0 0.6963320865151444 0.6373157651660029 0.035919540229885055 0.02586206896551724
7.0 0.6643473484095643 0.70000135127502 0.0603448275862069 0.041666666666666664
7.0 0.6940875302093755 0.5656376091138725 0.028735632183908046 0.021551724137931036
7.0 0.6575185694662427 0.42132400544574894 0.020114942528735632 0.014367816091954023
2.0 0.6374514152966639 0.3892491283944501 0.02442528735632184 0.015804597701149427
7.0 0.6315842345671897 0.3506235857733023 0.015804597701149427 0.011494252873563218
2.0 0.42341058283649224 0.23729905178419416 0.07902298850574713 0.05890804597701149
2.0 0.6508080111833286 0.5164195343866428 0.03735632183908046 0.02442528735632184
2.0 0.6517027534630272 0.44051161608558276 0.02586206896551724 0.01867816091954023
7.0 0.5658384287863913 0.20315476801500487 0.01867816091954023 0.014367816091954023
2.0 0.6577256360700552 0.48519920539166117 0.03017241379310345 0.020114942528735632
7.0 0.534794166028744 0.6757531867307379 0.11494252873563218 0.08333333333333333
2.0 0.5360606651799854 0.4256853697443607 0.07040229885057471 0.04885057471264368
2.0 0.616825770712512 0.5128496122181314 0.05172413793103448 0.03735632183908046
7.0 0.5188498368971443 0.11425787691082842 0.022988505747126436 0.015804597701149427
7.0 0.6019202821344177 0.2797952870479364 0.017241379310344827 0.011494252873563218
2.0 0.616896882277942 0.3340201076601732 0.021551724137931036 0.015804597701149427
7.0 0.6791468071157545 0.49251047480721083 0.020114942528735632 0.01293103448275862
2.0 0.5643520277821659 0.21613241586722112 0.021551724137931036 0.015804597701149427
2.0 0.5271614459344137 0.14903883016754577 0.02586206896551724 0.01867816091954023
2.0 0.5929395623495182 0.27759890024736594 0.021551724137931036 0.014367816091954023
1.0 0.7085019146942235 0.5380334119984379 0.017241379310344827 0.011494252873563218
1.0 0.7370432993948403 0.6134370740132765 0.015804597701149427 0.011494252873563218
1.0 0.5333867594442727 0.10502240589278553 0.01293103448275862 0.008620689655172414
1.0 0.5509956460736266 0.13597030226473128 0.01293103448275862 0.008620689655172414
1.0 0.7089120521668546 0.5222795836833144 0.014367816091954023 0.010057471264367816
1.0 0.7392480427600122 0.6009359740602727 0.014367816091954023 0.010057471264367816
1.0 0.7740559872137396 0.6917568628839155 0.01293103448275862 0.008620689655172414
1.0 0.7672821439069544 0.7018114150359636 0.017241379310344827 0.01293103448275862
1.0 0.7754433232021045 0.710753419161509 0.014367816091954023 0.010057471264367816
