7 0.93524 0.39076 0.00905 0.0337
7 0.2554 0.35978 0.01985 0.07391
7 0.4234 0.33261 0.01114 0.05
2 0.50331 0.42935 0.02263 0.08913
2 0.57799 0.3875 0.01741 0.06196
2 0.79178 0.38641 0.01114 0.04457
7 0.57347 0.33478 0.00836 0.0413
7 0.79492 0.34239 0.00487 0.02174
7 0.83339 0.35815 0.00662 0.02935
7 0.70613 0.35 0.00836 0.03478
2 0.74164 0.34293 0.00696 0.02935
8 0.49739 0.29457 0.00592 0.02826
7 0.92409 0.35272 0.00418 0.01848
8 0.54822 0.29402 0.00592 0.02717
2 0.707 0.32337 0.00592 0.025
8 0.59714 0.32011 0.00836 0.0337
2 0.72058 0.31685 0.00453 0.02065
2 0.92166 0.41087 0.01253 0.04348
8 0.64032 0.31739 0.00696 0.03043
2 0.89763 0.34239 0.00348 0.01739
2 0.48033 0.57065 0.03656 0.15
2 0.76166 0.31957 0.00453 0.01957
2 0.67653 0.37663 0.01184 0.04891
7 0.86542 0.34185 0.00453 0.01848
7 0.82103 0.33587 0.00418 0.01957
1 0.41052 0.27391 0.00348 0.02174
1 0.15564 0.22609 0.00279 0.01957
1 0.30223 0.2538 0.00418 0.02065
1 0.44899 0.27228 0.00313 0.01848
2 0.82312 0.32935 0.00279 0.01739
1 0.17148 0.23533 0.00383 0.02283
1 0.32225 0.24891 0.00383 0.01739
