7.0 0.8056569411199145 0.35884311859426943 0.009025270758122744 0.02707581227436823
7.0 0.5067277163463791 0.28832672678010535 0.005415162454873646 0.019855595667870037
7.0 0.34961026280478164 0.2528999617334169 0.007220216606498195 0.018050541516245487
7.0 0.41538447022636976 0.26722657330206245 0.007220216606498195 0.021660649819494584
2.0 0.8193337287901992 0.3797073034880591 0.010830324909747292 0.036101083032490974
2.0 0.10794619310233751 0.25897634056909336 0.01263537906137184 0.03790613718411552
2.0 0.21522139545386235 0.4634886258299403 0.04332129963898917 0.11732851985559567
7.0 0.2782108938414492 0.2400943602999157 0.007220216606498195 0.019855595667870037
2.0 0.5278424607399473 0.3073089785017719 0.009025270758122744 0.02707581227436823
7.0 0.16039155203180722 0.21516566829925904 0.005415162454873646 0.018050541516245487
2.0 0.43922440052039285 0.2864472478960195 0.007220216606498195 0.02527075812274368
2.0 0.2927106761401029 0.253460369237388 0.009025270758122744 0.023465703971119134
2.0 0.6105496759699288 0.3256404291785287 0.009025270758122744 0.030685920577617327
7.0 0.21459532583415614 0.22696781779879874 0.005415162454873646 0.018050541516245487
2.0 0.7028069237742072 0.3473215151475945 0.009025270758122744 0.030685920577617327
7.0 0.6946645702676746 0.3314873485679196 0.009025270758122744 0.02707581227436823
7.0 0.5913156377185612 0.30732368562893403 0.007220216606498195 0.02527075812274368
2.0 0.35621322615684176 0.26607605624035124 0.007220216606498195 0.02527075812274368
2.0 0.16764805399910615 0.2263857920256542 0.005415162454873646 0.019855595667870037
2.0 0.23216774923137387 0.24211482829482248 0.007220216606498195 0.021660649819494584
