7 0.45578 0.39674 0.01741 0.06957
2 0.78778 0.49511 0.02124 0.08152
7 0.40146 0.27717 0.00627 0.02391
7 0.43646 0.31141 0.00801 0.03587
7 0.42758 0.27283 0.00487 0.02174
7 0.47023 0.32772 0.0087 0.04022
7 0.38423 0.28587 0.00592 0.02826
2 0.74808 0.43315 0.01428 0.05978
2 0.90756 0.37337 0.00522 0.02283
2 0.84749 0.35761 0.00487 0.01957
7 0.47441 0.27554 0.00383 0.01848
7 0.87709 0.35815 0.00418 0.01848
7 0.92653 0.3712 0.00418 0.02065
2 0.63022 0.35054 0.00766 0.03587
2 0.55728 0.32283 0.00662 0.03043
7 0.3179 0.44076 0.02368 0.09891
7 0.4906 0.37554 0.01253 0.05761
2 0.50487 0.29674 0.00487 0.02391
2 0.54352 0.29293 0.00418 0.02065
2 0.79231 0.71902 0.04422 0.1837
2 0.68141 0.31576 0.00348 0.01848
2 0.6196 0.3038 0.00383 0.01848
2 0.51671 0.30761 0.00557 0.02609
7 0.80171 0.33804 0.00383 0.01739
7 0.66052 0.30652 0.00348 0.01522
2 0.68698 0.38043 0.01045 0.04348
7 0.59244 0.29348 0.00313 0.01522
2 0.78099 0.33913 0.00418 0.01957
7 0.53047 0.28261 0.00313 0.01739
2 0.51636 0.2913 0.00418 0.01957
2 0.57799 0.29783 0.00418 0.01957
7 0.48834 0.34674 0.0087 0.04565
7 0.72806 0.3212 0.00348 0.0163
2 0.7204 0.32446 0.00418 0.01848
