7 0.67549 0.29457 0.00557 0.02609
2 0.0726 0.33043 0.01845 0.06957
7 0.63649 0.28967 0.00557 0.025
2 0.10132 0.38533 0.02368 0.09239
2 0.11421 0.29783 0.01532 0.05435
7 0.7507 0.30054 0.00557 0.02283
7 0.57451 0.27989 0.00557 0.025
7 0.47145 0.26522 0.00557 0.02391
2 0.48677 0.27935 0.00627 0.02826
7 0.77281 0.30109 0.00522 0.02174
2 0.85045 0.32391 0.00592 0.02609
7 0.36891 0.25598 0.00522 0.025
2 0.54753 0.2875 0.00592 0.02935
2 0.4079 0.27283 0.00662 0.03043
2 0.87639 0.32337 0.00557 0.025
2 0.8038 0.32283 0.00592 0.02826
2 0.17375 0.2788 0.01045 0.04457
2 0.65738 0.30652 0.00627 0.03043
2 0.73938 0.31848 0.00662 0.03043
7 0.71936 0.29946 0.00557 0.025
7 0.14972 0.24891 0.00766 0.03261
2 0.25296 0.27065 0.00801 0.03696
2 0.332 0.27011 0.00662 0.03152
2 0.88545 0.31141 0.00348 0.01848
7 0.91696 0.29946 0.00244 0.01196
2 0.89067 0.32011 0.00418 0.02065
7 0.26497 0.25 0.00557 0.02826
2 0.86908 0.30272 0.00348 0.0163
7 0.78447 0.28478 0.00279 0.01522
2 0.93193 0.30435 0.00244 0.01304
2 0.36525 0.56467 0.04457 0.16196
2 0.8602 0.29511 0.00313 0.01413
2 0.87274 0.29565 0.00244 0.01304
2 0.89537 0.31739 0.00383 0.01957
2 0.87883 0.30707 0.00418 0.01848
7 0.86334 0.29076 0.00174 0.01196
7 0.82016 0.28478 0.00244 0.01304
2 0.8555 0.2962 0.00279 0.01413
7 0.79022 0.28967 0.00244 0.01413
7 0.78865 0.30109 0.00418 0.01957
7 0.79648 0.29783 0.00453 0.02174
7 0.7937 0.29348 0.00313 0.01739
7 0.79213 0.28207 0.00209 0.01196
2 0.89537 0.29946 0.00313 0.01413
1 0.92792 0.29293 0.00209 0.00761
1 0.78952 0.26902 0.00244 0.00761
