7.0 0.5109988706662403 0.21902578465094133 0.033426183844011144 0.02924791086350975
7.0 0.5000233058134791 0.168860305304084 0.019498607242339833 0.016713091922005572
7.0 0.5258546404579986 0.29065616796153826 0.0584958217270195 0.04874651810584958
7.0 0.5044463605797636 0.18775402286330206 0.022284122562674095 0.020891364902506964
7.0 0.5873458393238652 0.5600524627245831 0.14623955431754876 0.12674094707520892
7.0 0.49788997325150475 0.1571126804890202 0.01532033426183844 0.012534818941504178
9.0 0.49125321545157585 0.13980146006351066 0.019498607242339833 0.016713091922005572
8.0 0.4937737217520761 0.1372008158854779 0.011142061281337047 0.011142061281337047
8.0 0.4931706012156036 0.13357141251249963 0.009749303621169917 0.009749303621169917
7.0 0.49568263947896535 0.14861022182066638 0.01532033426183844 0.012534818941504178
8.0 0.4921755210003271 0.1304321121177824 0.008356545961002786 0.008356545961002786
8.0 0.4919483381850647 0.1282094832476442 0.008356545961002786 0.006963788300835654
8.0 0.4911838050363673 0.12603759213737858 0.008356545961002786 0.008356545961002786
8.0 0.4906475639645372 0.12357350049363079 0.006963788300835654 0.006963788300835654
9.0 0.49171193484784603 0.13795182993758365 0.016713091922005572 0.013927576601671309
