2 0.43489 0.48424 0.03203 0.11196
2 0.28499 0.35217 0.01497 0.06087
2 0.22702 0.30054 0.01045 0.04022
8 0.35742 0.30272 0.0094 0.03587
8 0.30084 0.26304 0.00557 0.02174
2 0.19708 0.27337 0.00766 0.03152
2 0.17688 0.25598 0.00627 0.025
2 0.16504 0.24511 0.00487 0.02065
2 0.15494 0.23641 0.00418 0.01848
2 0.14711 0.22989 0.00383 0.0163
2 0.14224 0.22554 0.00313 0.01413
2 0.13788 0.22174 0.00348 0.01522
2 0.13388 0.21902 0.00313 0.01196
2 0.13109 0.21576 0.00244 0.00978
2 0.12883 0.21413 0.00209 0.0087
9 0.12657 0.2087 0.00244 0.01522
7 0.05014 0.21576 0.00279 0.01413
7 0.05414 0.21359 0.00313 0.01413
7 0.05832 0.21033 0.00244 0.01196
7 0.06146 0.2087 0.00244 0.01087
7 0.06424 0.20707 0.00174 0.00978
9 0.06685 0.20163 0.00209 0.0163
