2.0 0.20431356195948944 0.33853122770287036 0.04784688995215311 0.09090909090909091
2.0 0.21798830346932774 0.18644015927533064 0.012759170653907496 0.022328548644338118
2.0 0.3026631469274256 0.2164751802772697 0.009569377990430622 0.02073365231259968
2.0 0.8795409793465947 0.43859602946052223 0.007974481658692184 0.014354066985645933
9.0 0.3671797247144099 0.2333058329794219 0.014354066985645933 0.03349282296650718
7.0 0.44743331244203727 0.26169966986456 0.007974481658692184 0.01594896331738437
7.0 0.24476444323273303 0.1881028420103019 0.009569377990430622 0.019138755980861243
7.0 0.47985863541469354 0.27360895625911386 0.007974481658692184 0.017543859649122806
2.0 0.3122375275233266 0.47403651522646695 0.06698564593301436 0.13078149920255183
7.0 0.8672571608703094 0.4284061834261168 0.006379585326953748 0.014354066985645933
7.0 0.3168796315154228 0.21339452297801298 0.007974481658692184 0.017543859649122806
7.0 0.5412373531659378 0.2928113152585456 0.007974481658692184 0.014354066985645933
2.0 0.6043075095759958 0.31614435338465535 0.006379585326953748 0.012759170653907496
2.0 0.48743508929035134 0.7171709114738831 0.06060606060606061 0.13875598086124402
2.0 0.6922137210511279 0.34566722626444246 0.004784688995215311 0.009569377990430622
2.0 0.7320251330013532 0.36736704045805446 0.004784688995215311 0.011164274322169059
2.0 0.8291095685408757 0.4158935518669094 0.006379585326953748 0.017543859649122806
7.0 0.8431606838242974 0.41781558014291065 0.006379585326953748 0.012759170653907496
2.0 0.7519101038342344 0.37774219848111334 0.007974481658692184 0.014354066985645933
2.0 0.5980885747571112 0.31080053531815127 0.006379585326953748 0.012759170653907496
2.0 0.6407921709428664 0.3222429294300292 0.006379585326953748 0.009569377990430622
2.0 0.5825374532233806 0.3144450560840842 0.006379585326953748 0.01594896331738437
7.0 0.5081030733529437 0.2830115333823928 0.006379585326953748 0.01594896331738437
2.0 0.4530089492239502 0.2705485762455671 0.009569377990430622 0.017543859649122806
2.0 0.7873508427866694 0.39597142544334885 0.006379585326953748 0.01594896331738437
7.0 0.7865103381996938 0.3897692844827938 0.006379585326953748 0.011164274322169059
2.0 0.7106962826524362 0.35521855158204774 0.004784688995215311 0.011164274322169059
2.0 0.5465163030365434 0.30387173962260683 0.007974481658692184 0.017543859649122806
7.0 0.5293154520259088 0.29007336369012104 0.006379585326953748 0.014354066985645933
2.0 0.5038154788515845 0.28967410712057573 0.007974481658692184 0.017543859649122806
7.0 0.5344033978664261 0.28316873123263686 0.004784688995215311 0.011164274322169059
2.0 0.6678212156121316 0.3345407901981096 0.003189792663476874 0.009569377990430622
7.0 0.771150091526087 0.3833625037897142 0.006379585326953748 0.011164274322169059
7.0 0.5518457064698646 0.28508640259153456 0.003189792663476874 0.009569377990430622
7.0 0.649265107583485 0.32359176760192887 0.004784688995215311 0.011164274322169059
2.0 0.5995011745761 0.3176124809484079 0.006379585326953748 0.012759170653907496
2.0 0.5853667506563409 0.30003681381609487 0.003189792663476874 0.011164274322169059
7.0 0.746486404731332 0.36939896982268117 0.003189792663476874 0.011164274322169059
7.0 0.6837662899660578 0.33926977220878834 0.004784688995215311 0.009569377990430622
2.0 0.5796922920314473 0.300359303927019 0.004784688995215311 0.009569377990430622
7.0 0.6141155115407646 0.3086614994369457 0.003189792663476874 0.009569377990430622
7.0 0.5474439839149331 0.2921749080242189 0.004784688995215311 0.012759170653907496
7.0 0.7173130698479883 0.3546920454363464 0.003189792663476874 0.009569377990430622
7.0 0.8131670360478398 0.40288885357932525 0.004784688995215311 0.012759170653907496
9.0 0.3860350615152541 0.233767621315643 0.009569377990430622 0.02711323763955343
1.0 0.23535862157952042 0.167203716104056 0.003189792663476874 0.009569377990430622
1.0 0.2571658290392508 0.17258197358788452 0.004784688995215311 0.009569377990430622
1.0 0.28573203106593975 0.18299224549728818 0.004784688995215311 0.007974481658692184
1.0 0.2910626505659651 0.18120808732765958 0.003189792663476874 0.007974481658692184
1.0 0.29627871363400116 0.1881176895054657 0.003189792663476874 0.007974481658692184
1.0 0.3057039392927882 0.189730146680639 0.003189792663476874 0.009569377990430622
1.0 0.30952736409579124 0.19028966412474058 0.003189792663476874 0.007974481658692184
1.0 0.3429806359964279 0.20385237917717117 0.004784688995215311 0.007974481658692184
9.0 0.37414378155394945 0.22873840573609083 0.011164274322169059 0.02711323763955343
9.0 0.38097773685346115 0.2383809897619995 0.014354066985645933 0.03189792663476874
2.0 0.3728716030323689 0.24172092004195533 0.009569377990430622 0.019138755980861243
7.0 0.37827342533735286 0.2358218688881222 0.007974481658692184 0.017543859649122806
7.0 0.5344061698672226 0.2804134928424836 0.003189792663476874 0.009569377990430622
2.0 0.5773802888904137 0.29744033562124267 0.003189792663476874 0.011164274322169059
7.0 0.5795837079794675 0.29527475884121396 0.004784688995215311 0.007974481658692184
2.0 0.60150738711515 0.30573967489332105 0.004784688995215311 0.011164274322169059
2.0 0.6178199228069252 0.31241007458967424 0.004784688995215311 0.009569377990430622
7.0 0.5478314068067378 0.29457818660644547 0.003189792663476874 0.011164274322169059
