2.0 0.7833887749028945 0.4732183967083642 0.0058823529411764705 0.010294117647058823
7.0 0.3157974898463814 0.17480747121941506 0.011764705882352941 0.01764705882352941
7.0 0.33482023791107424 0.1845751652830014 0.008823529411764706 0.014705882352941176
2.0 0.8196554032770226 0.49779789036397 0.007352941176470588 0.010294117647058823
7.0 0.35751792078198646 0.19606481737663217 0.008823529411764706 0.013235294117647059
2.0 0.8451506891844655 0.51600876309595 0.0058823529411764705 0.011764705882352941
7.0 0.3692824356043954 0.2015507007327994 0.008823529411764706 0.013235294117647059
2.0 0.3340208352650451 0.3196608595890603 0.04264705882352941 0.06470588235294118
2.0 0.41929033065768145 0.4379811091811175 0.054411764705882354 0.08529411764705883
2.0 0.39084695114097745 0.22199113282685123 0.008823529411764706 0.013235294117647059
2.0 0.7227535874358595 0.4304881956087438 0.0058823529411764705 0.010294117647058823
2.0 0.40997452367416315 0.23091046638099094 0.007352941176470588 0.013235294117647059
2.0 0.5227892595047757 0.28983906731802683 0.0058823529411764705 0.010294117647058823
7.0 0.7482036817996209 0.44507241575698564 0.0058823529411764705 0.010294117647058823
2.0 0.6569008657376852 0.3763027620016845 0.0058823529411764705 0.007352941176470588
2.0 0.6479615834312749 0.3694259677448272 0.004411764705882353 0.007352941176470588
7.0 0.4693351252931417 0.2549768823010891 0.007352941176470588 0.008823529411764706
2.0 0.357281102196223 0.2058904999305049 0.008823529411764706 0.014705882352941176
2.0 0.4773338773934198 0.2623206488686517 0.007352941176470588 0.011764705882352941
7.0 0.834396343524426 0.5055772524382904 0.007352941176470588 0.008823529411764706
2.0 0.75229666119702 0.45149213156404994 0.007352941176470588 0.011764705882352941
7.0 0.7976440367729711 0.4798657344873859 0.0058823529411764705 0.008823529411764706
7.0 0.7159800224847865 0.42236988174872825 0.0058823529411764705 0.007352941176470588
7.0 0.7031009588600634 0.4118448397945841 0.004411764705882353 0.008823529411764706
2.0 0.6612705012168214 0.3815056232155375 0.004411764705882353 0.008823529411764706
7.0 0.4973609807420842 0.27210806101172896 0.004411764705882353 0.008823529411764706
2.0 0.49810468166699035 0.2751631929073583 0.0058823529411764705 0.010294117647058823
7.0 0.5835632650535955 0.32359512844013305 0.004411764705882353 0.007352941176470588
2.0 0.44049274789614357 0.23927605065012103 0.0058823529411764705 0.008823529411764706
2.0 0.6383627859642034 0.36269856478550166 0.004411764705882353 0.007352941176470588
2.0 0.5732169579533097 0.31786501745709556 0.004411764705882353 0.007352941176470588
7.0 0.6317264173695449 0.3555331598123362 0.004411764705882353 0.007352941176470588
2.0 0.6963475877846901 0.41050678864087675 0.007352941176470588 0.011764705882352941
7.0 0.5216567038096998 0.2838942710061885 0.004411764705882353 0.007352941176470588
7.0 0.48277386521516286 0.2630545671397826 0.004411764705882353 0.008823529411764706
7.0 0.6533047476458609 0.37191752613686835 0.004411764705882353 0.007352941176470588
2.0 0.6643809409313188 0.38475883478505485 0.0058823529411764705 0.008823529411764706
7.0 0.40029752113195055 0.2119507649441777 0.004411764705882353 0.008823529411764706
7.0 0.374475583806807 0.20126396705054922 0.0058823529411764705 0.010294117647058823
2.0 0.6050107631073207 0.3390129379487869 0.004411764705882353 0.007352941176470588
7.0 0.5072786105783682 0.2771896560227521 0.004411764705882353 0.007352941176470588
2.0 0.4198149585214222 0.22872829036242157 0.0058823529411764705 0.011764705882352941
7.0 0.7653645532416331 0.4575857897003958 0.0058823529411764705 0.008823529411764706
7.0 0.7304113081211353 0.43361042892736645 0.0058823529411764705 0.008823529411764706
7.0 0.6717168139911761 0.3854712701131506 0.004411764705882353 0.007352941176470588
7.0 0.6853123938898856 0.3963304290930474 0.004411764705882353 0.007352941176470588
2.0 0.6713151545673882 0.39160619891435633 0.007352941176470588 0.010294117647058823
2.0 0.535271467497993 0.2965651652444985 0.0058823529411764705 0.008823529411764706
7.0 0.4458199103880578 0.23994904981923498 0.004411764705882353 0.008823529411764706
2.0 0.4268821763608783 0.2315668598951921 0.0058823529411764705 0.011764705882352941
2.0 0.30931433433295114 0.18126351076088296 0.011764705882352941 0.01911764705882353
7.0 0.38026924088646447 0.2012572552565488 0.0058823529411764705 0.010294117647058823
2.0 0.5475658421552944 0.30184119803180737 0.004411764705882353 0.007352941176470588
2.0 0.5037664040933925 0.6823592777949069 0.11176470588235295 0.1676470588235294
2.0 0.4236579162325779 0.2341341781806188 0.007352941176470588 0.011764705882352941
2.0 0.5892872831770155 0.32806707163691967 0.004411764705882353 0.007352941176470588
2.0 0.5415061616667217 0.29901552261401354 0.004411764705882353 0.007352941176470588
7.0 0.5122099275248926 0.27903223861208853 0.004411764705882353 0.008823529411764706
2.0 0.559346358700375 0.30914564061090183 0.0058823529411764705 0.008823529411764706
7.0 0.5405874470616594 0.29633570876666293 0.0058823529411764705 0.007352941176470588
7.0 0.6964215857046612 0.4069274072301273 0.004411764705882353 0.008823529411764706
7.0 0.375621954241617 0.20315269759286791 0.0058823529411764705 0.011764705882352941
2.0 0.41869678282364775 0.2345291021378747 0.008823529411764706 0.011764705882352941
7.0 0.4232110502629668 0.22579247799323032 0.0058823529411764705 0.010294117647058823
7.0 0.5609885803546437 0.3081003236475736 0.004411764705882353 0.007352941176470588
7.0 0.6929482989740918 0.40259944856972607 0.004411764705882353 0.007352941176470588
2.0 0.6212609208056066 0.34975577765631005 0.0029411764705882353 0.004411764705882353
7.0 0.6080201870616331 0.33906208615583355 0.004411764705882353 0.007352941176470588
