2 0.82608 0.3087 0.00313 0.01522
7 0.09575 0.21196 0.00418 0.02174
7 0.12413 0.21304 0.00383 0.01957
2 0.88353 0.31793 0.00383 0.01413
7 0.1579 0.21413 0.00383 0.01739
2 0.92444 0.32554 0.00348 0.01413
7 0.17514 0.21413 0.00348 0.01739
2 0.19899 0.37609 0.02194 0.08478
2 0.36804 0.47065 0.02646 0.11304
2 0.21257 0.22663 0.00453 0.01848
2 0.72911 0.2913 0.00348 0.01304
2 0.2406 0.22663 0.00418 0.01848
2 0.40947 0.23424 0.00279 0.01196
7 0.76793 0.29457 0.00244 0.01304
2 0.61943 0.26304 0.00209 0.01087
2 0.60481 0.25978 0.00209 0.01087
7 0.32556 0.22228 0.00279 0.01196
2 0.16313 0.22609 0.00453 0.02174
2 0.33931 0.22663 0.00313 0.01413
7 0.90564 0.31902 0.00279 0.01196
2 0.77646 0.3 0.00418 0.01522
7 0.84697 0.3087 0.00313 0.01087
7 0.7164 0.28533 0.00244 0.01196
7 0.69499 0.27989 0.00209 0.01196
2 0.62761 0.26685 0.00244 0.01196
7 0.36891 0.22717 0.00244 0.01087
2 0.37152 0.23043 0.00279 0.01304
7 0.50157 0.24076 0.00174 0.00978
2 0.28203 0.21957 0.00279 0.01304
2 0.58948 0.25707 0.00209 0.00978
2 0.4859 0.23967 0.00174 0.00978
7 0.57747 0.25217 0.00174 0.0087
2 0.68611 0.28207 0.00244 0.01413
7 0.40477 0.22772 0.00174 0.00978
7 0.34627 0.22446 0.00244 0.01196
7 0.61264 0.25978 0.00174 0.0087
2 0.63318 0.26902 0.00244 0.01196
7 0.21831 0.20924 0.00279 0.01196
7 0.18123 0.21087 0.00244 0.01522
2 0.53604 0.24728 0.00174 0.00978
7 0.3837 0.22772 0.00209 0.00978
2 0.25122 0.21848 0.00244 0.01522
7 0.79561 0.3 0.00279 0.01304
7 0.74008 0.29076 0.00244 0.01196
7 0.64241 0.26576 0.00209 0.00978
7 0.66487 0.2712 0.00174 0.00978
2 0.64537 0.27337 0.00244 0.01196
2 0.42827 0.23533 0.00209 0.01196
7 0.28882 0.21739 0.00244 0.01087
2 0.26132 0.21793 0.00244 0.01413
2 0.09157 0.22337 0.00696 0.025
7 0.1882 0.20761 0.00244 0.01304
2 0.44603 0.23478 0.00209 0.01087
2 0.60689 0.71739 0.05989 0.21957
2 0.25888 0.22283 0.00383 0.01522
2 0.51097 0.24293 0.00174 0.00978
2 0.43715 0.23478 0.00244 0.01087
7 0.39067 0.22717 0.00209 0.01087
2 0.46431 0.23696 0.00174 0.01087
7 0.43454 0.23207 0.00209 0.00978
7 0.68419 0.27772 0.00209 0.01196
7 0.18367 0.2125 0.00313 0.0163
2 0.25313 0.22609 0.00348 0.01522
7 0.25366 0.21304 0.00174 0.01304
7 0.4657 0.23478 0.00174 0.0087
7 0.67758 0.27446 0.00139 0.00978
2 0.56163 0.25109 0.00139 0.0087
7 0.53969 0.24565 0.00139 0.0087
