7.0 0.6312405478079877 0.8821208441082449 0.10288808664259928 0.04151624548736462
7.0 0.45206590318743284 0.5398830004735002 0.16606498194945848 0.05956678700361011
1.0 0.7736258488958554 0.5443779916764577 0.016245487364620937 0.005415162454873646
1.0 0.7713002995274283 0.4773961153067383 0.01444043321299639 0.005415162454873646
1.0 0.7683802282636136 0.553557472957407 0.018050541516245487 0.005415162454873646
1.0 0.722998978978897 0.17895394472626022 0.010830324909747292 0.0036101083032490976
1.0 0.7573983983309895 0.4684353079034267 0.018050541516245487 0.0018050541516245488
1.0 0.7611930858209559 0.4656819718579365 0.016245487364620937 0.0036101083032490976
1.0 0.760878926816832 0.4332486053479547 0.01444043321299639 0.0036101083032490976
1.0 0.7606678903555478 0.43083644755768724 0.01444043321299639 0.005415162454873646
1.0 0.7606269694599638 0.39580011984692787 0.01263537906137184 0.0036101083032490976
1.0 0.7474361678258674 0.3257239795162539 0.01263537906137184 0.0018050541516245488
1.0 0.7443511691742708 0.29046228357455733 0.01263537906137184 0.0036101083032490976
1.0 0.7438179396423239 0.2843674421350265 0.01263537906137184 0.0036101083032490976
1.0 0.7510207830581517 0.2860009068441411 0.010830324909747292 0.0018050541516245488
1.0 0.7416301693320605 0.27664541292926753 0.009025270758122744 0.0036101083032490976
1.0 0.744787540543638 0.27233360556088726 0.009025270758122744 0.0018050541516245488
1.0 0.7526277002378547 0.275525541592892 0.007220216606498195 0.0018050541516245488
1.0 0.7399395613144478 0.26887988765896903 0.010830324909747292 0.0036101083032490976
1.0 0.7373110124989 0.26184582415637064 0.010830324909747292 0.0036101083032490976
1.0 0.7381743898075859 0.2601560591571855 0.009025270758122744 0.0036101083032490976
1.0 0.7364273980026073 0.25174606424826584 0.010830324909747292 0.005415162454873646
1.0 0.7377879376039437 0.2500128031845413 0.009025270758122744 0.0018050541516245488
1.0 0.7329219373937956 0.21167846614428068 0.007220216606498195 0.0036101083032490976
1.0 0.7198283610821866 0.19456651593572633 0.01263537906137184 0.0036101083032490976
1.0 0.7179918605794086 0.1735752191349252 0.010830324909747292 0.0018050541516245488
