7 0.24304 0.33641 0.01393 0.05761
2 0.51724 0.52663 0.03099 0.12717
7 0.74304 0.37935 0.00627 0.02826
7 0.625 0.35326 0.00627 0.03043
7 0.87187 0.40543 0.00557 0.02826
7 0.3743 0.32283 0.01045 0.04348
2 0.64345 0.39674 0.01114 0.05
2 0.75157 0.4038 0.0087 0.03804
7 0.50662 0.33098 0.00766 0.03587
7 0.08113 0.3788 0.02159 0.0837
2 0.86751 0.42826 0.0094 0.03478
2 0.56685 0.41141 0.01671 0.07065
2 0.05797 0.19891 0.00174 0.0087
2 0.09001 0.20326 0.00174 0.0087
2 0.08548 0.2087 0.00174 0.01087
9 0.59819 0.27989 0.00209 0.02065
2 0.15669 0.21522 0.00209 0.01087
2 0.1203 0.20761 0.00174 0.0087
7 0.17601 0.21196 0.00174 0.0087
2 0.168 0.20761 0.00174 0.0087
9 0.15338 0.20598 0.00174 0.01413
9 0.15477 0.20652 0.00174 0.01304
9 0.60776 0.28315 0.00313 0.02283
9 0.61299 0.28478 0.00244 0.02174
9 0.60237 0.28533 0.00209 0.01413
9 0.59297 0.28315 0.00209 0.01413
7 0.11438 0.20598 0.00174 0.00761
7 0.1593 0.21033 0.00174 0.00761
7 0.14711 0.20707 0.00174 0.00761
7 0.13614 0.20543 0.00139 0.00652
2 0.10167 0.19348 0.00139 0.00652
7 0.08391 0.19348 0.00139 0.00652
2 0.05867 0.18533 0.00174 0.00761
7 0.04979 0.1875 0.00139 0.00761
7 0.12396 0.20163 0.00139 0.00761
7 0.10829 0.19783 0.00139 0.00652
2 0.13162 0.2 0.00139 0.00652
2 0.15077 0.2125 0.00139 0.00761
2 0.09749 0.18804 0.00139 0.00652
7 0.44708 0.25707 0.00139 0.00761
7 0.46379 0.25707 0.00139 0.00761
7 0.47458 0.2587 0.00139 0.00652
7 0.47806 0.26033 0.00139 0.00761
