7.0 0.397557655058016 0.2408080993171384 0.03296703296703297 0.009157509157509158
7.0 0.34367448362368536 0.6240835518432387 0.056776556776556776 0.016483516483516484
2.0 0.48799246098086785 0.5109387863431745 0.10622710622710622 0.03296703296703297
7.0 0.34681331177521335 0.49894213609206267 0.040293040293040296 0.01098901098901099
2.0 0.41467269363954534 0.46359552552039723 0.06593406593406594 0.018315018315018316
2.0 0.3991379156645214 0.38624550470741087 0.05128205128205128 0.014652014652014652
2.0 0.4081509835317279 0.2939173030285385 0.04212454212454213 0.01098901098901099
8.0 0.2818303184851236 0.653797066424813 0.031135531135531136 0.009157509157509158
2.0 0.3063384619648028 0.8219411670952189 0.06043956043956044 0.020146520146520148
2.0 0.43211612876997735 0.1849716996469325 0.04395604395604396 0.01098901098901099
8.0 0.24175442967138724 0.7519715042261014 0.027472527472527472 0.007326007326007326
8.0 0.28442085934296896 0.7993051174922311 0.04945054945054945 0.016483516483516484
8.0 0.2575001705816214 0.7679624511050092 0.03296703296703297 0.01098901098901099
8.0 0.3166942805888503 0.6374158162464686 0.04395604395604396 0.014652014652014652
8.0 0.2617617943919973 0.6631945542533672 0.02564102564102564 0.007326007326007326
7.0 0.4434096420898469 0.0892026903354433 0.03296703296703297 0.009157509157509158
8.0 0.23226970836963365 0.7414850716917705 0.02197802197802198 0.005494505494505495
8.0 0.24954478048858275 0.6698698078171751 0.020146520146520148 0.007326007326007326
7.0 0.36572726859599697 0.37458421841281064 0.0347985347985348 0.009157509157509158
8.0 0.24342390396590666 0.6915322356768765 0.02197802197802198 0.005494505494505495
8.0 0.23811550067019516 0.7163629393484258 0.02197802197802198 0.007326007326007326
9.0 0.6305645855860296 0.46658471541092017 0.29853479853479853 0.08608058608058608
9.0 0.7335799985673006 0.33042599126003 0.2087912087912088 0.05128205128205128
2.0 0.7468905916061093 0.432324175350385 0.17216117216117216 0.04945054945054945
1.0 0.23114867841689793 0.7209518730704779 0.01282051282051282 0.005494505494505495
1.0 0.24598843142885407 0.6622513764596845 0.016483516483516484 0.0018315018315018315
1.0 0.23873298496780562 0.6637086654617418 0.01282051282051282 0.003663003663003663
1.0 0.2516453298644061 0.6251777969125365 0.014652014652014652 0.0018315018315018315
1.0 0.25358858575314674 0.5901287798076132 0.01282051282051282 0.003663003663003663
1.0 0.2621671337335882 0.5696158286050296 0.014652014652014652 0.003663003663003663
1.0 0.27476991674456264 0.5063408195654079 0.01098901098901099 0.0018315018315018315
1.0 0.2781040114806297 0.5024848805044502 0.01282051282051282 0.0018315018315018315
1.0 0.29715846804581947 0.43459431522433495 0.01282051282051282 0.003663003663003663
1.0 0.2975891864685216 0.4210411626740627 0.01282051282051282 0.003663003663003663
1.0 0.31855435820062067 0.36964993450813777 0.01282051282051282 0.003663003663003663
1.0 0.32548615508338347 0.33625637627012556 0.014652014652014652 0.003663003663003663
1.0 0.33862548754953364 0.3163913527582666 0.016483516483516484 0.0018315018315018315
1.0 0.34829123632045267 0.27320597165631566 0.014652014652014652 0.003663003663003663
1.0 0.3629324491779762 0.25377497642382413 0.018315018315018316 0.0018315018315018315
1.0 0.370927356210532 0.21243739792815247 0.016483516483516484 0.0018315018315018315
