7 0.12604 0.29022 0.00975 0.03913
7 0.43019 0.2788 0.00453 0.02283
2 0.27524 0.31304 0.0087 0.0413
2 0.33148 0.30163 0.00696 0.0337
7 0.38353 0.28207 0.00453 0.02283
2 0.27455 0.34891 0.01428 0.0587
7 0.93994 0.35815 0.00383 0.02065
2 0.42531 0.30054 0.00522 0.02717
9 0.78221 0.31957 0.00453 0.02826
2 0.4993 0.29674 0.00418 0.02174
7 0.2063 0.28261 0.00592 0.03261
2 0.94795 0.37065 0.00522 0.02391
2 0.69377 0.2962 0.00244 0.01413
7 0.23938 0.21848 0.00244 0.01522
2 0.35898 0.44293 0.02646 0.09674
2 0.51776 0.27663 0.00279 0.0163
7 0.10237 0.19076 0.00209 0.01196
9 0.82103 0.32391 0.00418 0.02609
7 0.44499 0.26957 0.00279 0.01739
7 0.34697 0.23641 0.00244 0.01413
7 0.20056 0.21087 0.00209 0.01304
2 0.32451 0.22826 0.00209 0.01087
7 0.30223 0.28261 0.00557 0.02609
2 0.16905 0.19402 0.00174 0.00978
7 0.05171 0.1837 0.00244 0.01304
7 0.43228 0.25761 0.00244 0.01522
2 0.53151 0.28913 0.00383 0.01957
2 0.19342 0.20217 0.00174 0.01087
2 0.12639 0.19076 0.00209 0.01196
7 0.79735 0.32283 0.00279 0.01522
2 0.88162 0.35543 0.00418 0.02174
2 0.22632 0.21033 0.00209 0.01196
9 0.76671 0.31413 0.00487 0.02826
2 0.24774 0.20489 0.00174 0.00978
2 0.20369 0.19837 0.00209 0.00978
2 0.39432 0.24076 0.00174 0.01196
7 0.29004 0.22717 0.00209 0.01304
7 0.71971 0.29891 0.00209 0.01304
7 0.1586 0.19946 0.00174 0.01196
2 0.44882 0.25 0.00209 0.01304
2 0.48468 0.26141 0.00209 0.01413
2 0.67235 0.28967 0.00209 0.01196
7 0.87987 0.34402 0.00279 0.01848
7 0.40251 0.24565 0.00209 0.01304
2 0.27263 0.21957 0.00209 0.01304
7 0.68733 0.2875 0.00209 0.01196
2 0.13179 0.18967 0.00174 0.00978
2 0.71849 0.30435 0.00244 0.01304
9 0.83757 0.32826 0.00522 0.02826
2 0.63127 0.27609 0.00139 0.01087
7 0.74896 0.30761 0.00209 0.01087
2 0.07469 0.18043 0.00174 0.0087
2 0.65355 0.2837 0.00139 0.01087
7 0.26097 0.20489 0.00174 0.00978
7 0.29962 0.21087 0.00174 0.0087
2 0.82295 0.33804 0.00383 0.01957
2 0.82521 0.79946 0.02437 0.09674
2 0.77524 0.32174 0.00313 0.01739
7 0.82765 0.33043 0.00348 0.01739
7 0.77281 0.31522 0.00313 0.01522
7 0.65494 0.2788 0.00209 0.00978
2 0.52768 0.25109 0.00174 0.0087
2 0.48311 0.24185 0.00174 0.00978
7 0.46222 0.23913 0.00174 0.0087
2 0.45212 0.23696 0.00174 0.0087
2 0.41591 0.23098 0.00174 0.00978
7 0.17462 0.19185 0.00174 0.00978
7 0.12987 0.18696 0.00209 0.0087
2 0.05258 0.17826 0.00209 0.01304
2 0.38405 0.225 0.00139 0.0087
2 0.28691 0.21141 0.00139 0.00978
7 0.21379 0.19674 0.00139 0.0087
2 0.34958 0.22011 0.00139 0.00761
2 0.59819 0.26739 0.00139 0.0087
2 0.56442 0.25978 0.00139 0.0087
2 0.31825 0.21576 0.00139 0.00978
7 0.61804 0.26848 0.00139 0.0087
7 0.58531 0.2625 0.00139 0.00761
7 0.5484 0.25543 0.00139 0.0087
7 0.50383 0.24674 0.00139 0.0087
7 0.42305 0.23152 0.00139 0.0087
7 0.34088 0.2163 0.00139 0.0087
