7 0.58061 0.32609 0.01358 0.0587
7 0.21605 0.30707 0.00801 0.03587
7 0.59714 0.43587 0.02646 0.10652
2 0.79944 0.29783 0.01323 0.05217
7 0.06076 0.28804 0.00522 0.02391
7 0.29109 0.31196 0.00905 0.0413
7 0.42444 0.31304 0.01184 0.04783
2 0.76671 0.22935 0.00418 0.02174
2 0.46448 0.28152 0.00696 0.03261
7 0.18854 0.29728 0.00662 0.03152
2 0.94237 0.22391 0.00662 0.02609
2 0.30797 0.27663 0.00592 0.025
7 0.19412 0.28261 0.00522 0.02391
2 0.06529 0.27174 0.00244 0.01304
2 0.85306 0.22717 0.00487 0.02174
2 0.64398 0.28478 0.00801 0.03696
2 0.29231 0.26902 0.00453 0.02065
2 0.57678 0.23696 0.00313 0.01739
2 0.24408 0.26033 0.00279 0.01413
7 0.88405 0.225 0.00348 0.01957
2 0.30205 0.25707 0.00313 0.0163
7 0.10045 0.26467 0.00244 0.01196
2 0.11438 0.26576 0.00313 0.01413
2 0.18402 0.26087 0.00313 0.01304
2 0.52281 0.24076 0.00383 0.01848
2 0.34993 0.25326 0.00348 0.01522
7 0.50209 0.23696 0.00279 0.01522
2 0.21466 0.27065 0.00453 0.01957
2 0.63405 0.23424 0.00418 0.01848
7 0.43297 0.24076 0.00313 0.0163
7 0.13336 0.2837 0.00487 0.02174
2 0.46083 0.24511 0.00383 0.0163
7 0.21971 0.25707 0.00279 0.01413
2 0.35515 0.2837 0.00627 0.03043
2 0.69969 0.23043 0.00522 0.02174
7 0.79283 0.225 0.00348 0.01957
7 0.38144 0.24457 0.00313 0.01304
7 0.05084 0.26685 0.00279 0.01413
7 0.70404 0.22609 0.00348 0.01739
7 0.32382 0.25 0.00279 0.01304
7 0.1579 0.25978 0.00244 0.01087
7 0.56285 0.2337 0.00313 0.01522
2 0.3985 0.24837 0.00313 0.0163
2 0.12483 0.27446 0.00453 0.01848
7 0.26758 0.25435 0.00244 0.01304
7 0.63231 0.22826 0.00279 0.01739
