2 0.73259 0.28098 0.00279 0.0163
2 0.7789 0.28804 0.00348 0.01522
2 0.30971 0.22228 0.00244 0.01413
7 0.24025 0.21467 0.00279 0.01413
2 0.54422 0.24565 0.00209 0.01304
2 0.39763 0.225 0.00209 0.01087
2 0.68628 0.27391 0.00279 0.01522
2 0.64798 0.26739 0.00348 0.01522
2 0.1781 0.44402 0.02751 0.11413
2 0.22197 0.21685 0.00313 0.0163
2 0.1062 0.20598 0.00348 0.0163
2 0.55449 0.25 0.00244 0.01304
7 0.72719 0.27663 0.00313 0.01413
2 0.07103 0.20109 0.00348 0.01739
2 0.81703 0.29402 0.00313 0.0163
2 0.5719 0.25435 0.00244 0.01304
7 0.12465 0.20217 0.00279 0.01522
7 0.78552 0.28533 0.00279 0.01413
7 0.61804 0.25815 0.00279 0.01196
2 0.14694 0.21087 0.00279 0.01522
7 0.75644 0.28098 0.00244 0.01413
7 0.80937 0.28804 0.00244 0.01304
7 0.59627 0.25272 0.00244 0.01196
7 0.26445 0.21576 0.00313 0.01413
2 0.35515 0.22283 0.00209 0.01304
7 0.17845 0.20815 0.00244 0.01413
2 0.93646 0.31033 0.00244 0.01413
2 0.27315 0.2212 0.00383 0.0163
7 0.21187 0.21196 0.00313 0.01522
7 0.15286 0.20707 0.00279 0.01413
2 0.88318 0.30326 0.00313 0.01522
7 0.69412 0.2712 0.00244 0.01413
2 0.42549 0.22772 0.00209 0.01196
2 0.53412 0.24348 0.00279 0.01304
7 0.49878 0.23478 0.00174 0.01087
7 0.28116 0.2163 0.00313 0.01304
2 0.45561 0.23098 0.00244 0.01196
2 0.43663 0.62446 0.05223 0.18804
7 0.07521 0.1962 0.00279 0.01413
2 0.60846 0.26033 0.00313 0.01413
2 0.33531 0.22283 0.00209 0.01304
2 0.48503 0.23533 0.00209 0.01196
7 0.33339 0.21685 0.00244 0.01196
7 0.89067 0.29946 0.00279 0.01196
2 0.51184 0.23859 0.00279 0.01196
2 0.84714 0.29891 0.00279 0.01522
7 0.66783 0.2663 0.00279 0.01304
7 0.30414 0.21576 0.00244 0.01196
7 0.84001 0.29239 0.00244 0.01304
7 0.5376 0.2413 0.00209 0.01087
2 0.37326 0.22337 0.00209 0.01196
7 0.64067 0.26196 0.00279 0.01304
7 0.60585 0.25598 0.00209 0.01196
7 0.41347 0.22446 0.00174 0.00978
7 0.37082 0.21957 0.00209 0.01087
7 0.45682 0.22826 0.00139 0.01087
7 0.57312 0.24674 0.00209 0.01087
7 0.95038 0.3087 0.00174 0.01304
