2.0 0.6346258942589411 0.36109042563784305 0.0661625708884688 0.015122873345935728
2.0 0.6462426235684927 0.2114750758328484 0.04914933837429111 0.013232514177693762
8.0 0.6417766889798917 0.5658623944411144 0.07561436672967864 0.020793950850661626
2.0 0.5673905554674215 0.515688965173193 0.10207939508506617 0.026465028355387523
7.0 0.5458231416596836 0.12410209212356811 0.08506616257088846 0.026465028355387523
8.0 0.7183832855179522 0.6191638656752484 0.04725897920604915 0.00945179584120983
8.0 0.7319412687908211 0.7813906572764474 0.045368620037807186 0.015122873345935728
8.0 0.6565829623225536 0.8389916678552403 0.0888468809073724 0.02835538752362949
8.0 0.7522929468836966 0.6409127013765394 0.03213610586011342 0.00945179584120983
8.0 0.7711703660090716 0.6537343649674787 0.022684310018903593 0.005671077504725898
7.0 0.41645735895511615 0.12743813110444238 0.14933837429111532 0.043478260869565216
8.0 0.7632126296310956 0.757539971816474 0.034026465028355386 0.011342155009451797
8.0 0.7800853307656247 0.7434602019781357 0.026465028355387523 0.005671077504725898
7.0 0.5683084127374775 0.9036098406860117 0.13043478260869565 0.045368620037807186
8.0 0.7748621029961467 0.6842957491794859 0.026465028355387523 0.003780718336483932
8.0 0.7775382327897993 0.715725469487239 0.026465028355387523 0.005671077504725898
1.0 0.8111331344527838 0.8787730290246039 0.015122873345935728 0.001890359168241966
1.0 0.7877401564466127 0.7516184380705403 0.022684310018903593 0.003780718336483932
1.0 0.7991500006209097 0.7466682644369174 0.017013232514177693 0.003780718336483932
1.0 0.7830598593050061 0.6777726344266973 0.01890359168241966 0.003780718336483932
1.0 0.7994142424874305 0.7994397717358 0.017013232514177693 0.003780718336483932
1.0 0.8131163800322119 0.8451565311968494 0.017013232514177693 0.001890359168241966
