7 0.06616 0.30217 0.01253 0.05
2 0.32538 0.3538 0.01288 0.05761
7 0.14102 0.28043 0.00975 0.03913
2 0.36595 0.29022 0.00627 0.02609
2 0.44986 0.29565 0.00487 0.02391
7 0.20874 0.27283 0.00662 0.02826
7 0.27211 0.27228 0.00522 0.025
2 0.30014 0.31087 0.00836 0.03913
7 0.35254 0.27772 0.00383 0.02065
2 0.41765 0.47935 0.0282 0.10217
2 0.31424 0.29348 0.00801 0.03261
2 0.88492 0.36848 0.00383 0.01957
7 0.42322 0.27989 0.00453 0.02065
2 0.22127 0.19837 0.00174 0.00978
7 0.46814 0.28098 0.00313 0.01848
7 0.24739 0.20707 0.00174 0.01196
2 0.55571 0.2837 0.00209 0.01522
7 0.1203 0.18207 0.00174 0.01196
7 0.35776 0.23424 0.00174 0.01196
2 0.77472 0.32772 0.00279 0.01413
2 0.83722 0.35163 0.00313 0.01848
2 0.75122 0.31848 0.00244 0.01304
7 0.20125 0.19837 0.00209 0.00978
9 0.84958 0.3413 0.00418 0.02391
2 0.30501 0.21739 0.00139 0.01087
7 0.31442 0.225 0.00209 0.01304
7 0.90007 0.36196 0.00348 0.01739
2 0.93907 0.38261 0.00418 0.02174
2 0.09732 0.17391 0.00174 0.01087
2 0.50139 0.25978 0.00139 0.01087
7 0.28186 0.21685 0.00174 0.01196
7 0.48694 0.27554 0.00313 0.0163
2 0.53047 0.27065 0.00174 0.01304
7 0.4079 0.24402 0.00174 0.01196
2 0.56041 0.29402 0.00244 0.0163
7 0.76114 0.31467 0.00209 0.01196
2 0.71309 0.3038 0.00209 0.01196
2 0.52298 0.29891 0.00348 0.01957
7 0.48068 0.26576 0.00244 0.01413
2 0.67792 0.2913 0.00139 0.01087
7 0.16156 0.19076 0.00209 0.01196
2 0.34471 0.22717 0.00139 0.01087
9 0.86334 0.34511 0.00453 0.02717
7 0.45717 0.2538 0.00209 0.01196
2 0.69673 0.29891 0.00209 0.01087
7 0.82799 0.33913 0.00279 0.01522
2 0.73068 0.31087 0.00244 0.01304
7 0.08113 0.17609 0.00209 0.01087
7 0.94969 0.37554 0.00244 0.01848
7 0.85428 0.34728 0.00244 0.0163
7 0.80763 0.33207 0.00244 0.01413
2 0.7984 0.33587 0.00279 0.01522
7 0.73276 0.3038 0.00244 0.01196
7 0.78708 0.325 0.00244 0.01304
9 0.79091 0.3288 0.00453 0.02717
2 0.22702 0.19728 0.00209 0.00978
2 0.07956 0.16793 0.00174 0.00978
7 0.09036 0.16739 0.00174 0.0087
7 0.26341 0.19946 0.00174 0.00978
7 0.60463 0.26902 0.00174 0.00978
7 0.6391 0.27663 0.00174 0.00978
2 0.64798 0.28207 0.00209 0.00978
7 0.70352 0.29293 0.00244 0.01196
9 0.80345 0.33315 0.00453 0.02717
2 0.2883 0.20707 0.00139 0.00761
2 0.25836 0.20217 0.00139 0.0087
2 0.32678 0.21413 0.00104 0.0087
2 0.36142 0.22065 0.00139 0.0087
2 0.27716 0.21033 0.00139 0.00978
2 0.39015 0.22554 0.00104 0.00761
2 0.45369 0.25054 0.00139 0.00978
2 0.58287 0.26413 0.00139 0.0087
2 0.51236 0.24946 0.00104 0.00761
7 0.22545 0.19402 0.00174 0.00761
2 0.13231 0.17717 0.00139 0.0087
2 0.61769 0.27337 0.00139 0.00761
7 0.14067 0.1788 0.00139 0.00978
7 0.33931 0.21304 0.00104 0.0087
2 0.41835 0.22935 0.00104 0.0087
7 0.29735 0.20598 0.00139 0.00761
2 0.18001 0.18804 0.00139 0.0087
7 0.37396 0.22065 0.00139 0.0087
2 0.39067 0.23641 0.00139 0.00978
7 0.41139 0.22717 0.00104 0.00652
2 0.45021 0.23587 0.00139 0.0087
7 0.4469 0.23424 0.00104 0.00761
2 0.47946 0.24185 0.00139 0.00978
7 0.48781 0.24293 0.00139 0.00761
2 0.54143 0.25489 0.00139 0.00761
7 0.52385 0.25217 0.00104 0.00652
7 0.56302 0.26033 0.00139 0.00761
7 0.66957 0.2837 0.00139 0.0087
