2.0 0.6701758365498307 0.7137370368591613 0.07115384615384615 0.01730769230769231
7.0 0.637327198839214 0.18077438261092432 0.04423076923076923 0.011538461538461539
7.0 0.6042289955224334 0.49218345501762384 0.08846153846153847 0.023076923076923078
7.0 0.4809053940162504 0.5406200488391895 0.14038461538461539 0.03461538461538462
7.0 0.6501972908385876 0.3048468192136728 0.04807692307692308 0.013461538461538462
7.0 0.6428479182446022 0.405096198071057 0.05961538461538462 0.013461538461538462
2.0 0.6934633255037694 0.5454871427093717 0.04807692307692308 0.011538461538461539
2.0 0.637611750894163 0.07465109955662609 0.038461538461538464 0.009615384615384616
2.0 0.6909563651836363 0.4018634821591036 0.04038461538461539 0.009615384615384616
2.0 0.6721991610005944 0.24686384869981517 0.03461538461538462 0.009615384615384616
