7.0 0.588852616981627 0.8451505719780908 0.09702660406885759 0.07042253521126761
2.0 0.6675983881020763 0.2816325530958891 0.07042253521126761 0.054773082942097026
7.0 0.5310142979493516 0.5290880064785058 0.03755868544600939 0.028169014084507043
7.0 0.46170085600435234 0.5326137063191387 0.010954616588419406 0.006259780907668232
7.0 0.4731742403387641 0.5202439763150917 0.014084507042253521 0.009389671361502348
7.0 0.4681919616093804 0.4868819633569074 0.009389671361502348 0.006259780907668232
2.0 0.4773823845354525 0.47241503152144615 0.012519561815336464 0.009389671361502348
2.0 0.4791181010485818 0.4492258040859848 0.010954616588419406 0.006259780907668232
2.0 0.4945567413476432 0.4276956359299189 0.01564945226917058 0.009389671361502348
7.0 0.520999720204735 0.43578006587569446 0.025039123630672927 0.02034428794992175
7.0 0.48756574949189335 0.39964318607647475 0.009389671361502348 0.006259780907668232
2.0 0.4930911997028156 0.3853795824886916 0.009389671361502348 0.006259780907668232
7.0 0.5189089151351148 0.38084734837591694 0.017214397496087636 0.012519561815336464
7.0 0.5125610355794683 0.29782664637512635 0.00782472613458529 0.006259780907668232
2.0 0.511687296583937 0.30959122399644207 0.010954616588419406 0.00782472613458529
2.0 0.5352908103971226 0.29892755521270103 0.01564945226917058 0.012519561815336464
2.0 0.5826561074896544 0.27420499033296986 0.03599374021909233 0.03129890453834116
2.0 0.5660798134701303 0.23291630996199467 0.02190923317683881 0.017214397496087636
2.0 0.5335012547353327 0.22900541272160024 0.010954616588419406 0.00782472613458529
7.0 0.5366672138795596 0.21070250456292572 0.00782472613458529 0.006259780907668232
2.0 0.5571111436248485 0.14797161612229293 0.012519561815336464 0.010954616588419406
