8 0.75738 0.66473 0.0468 0.09201
8 0.55679 0.53834 0.01935 0.0381
8 0.50333 0.51034 0.01332 0.02625
8 0.48556 0.49651 0.0111 0.02138
8 0.46478 0.48455 0.00888 0.01696
8 0.42893 0.47758 0.00603 0.01417
8 0.3723 0.47363 0.00603 0.01231
8 0.35216 0.4806 0.0073 0.0151
8 0.34224 0.48954 0.01031 0.01859
8 0.32115 0.47607 0.00619 0.01348
8 0.29227 0.47142 0.00555 0.01115
8 0.26507 0.47375 0.00603 0.01208
8 0.20289 0.47061 0.00571 0.01092
8 0.17893 0.47258 0.00571 0.01162
8 0.10002 0.47061 0.00619 0.01092
8 0.07931 0.47328 0.00635 0.01208
2 0.23104 0.58178 0.03252 0.05019
2 0.29188 0.53032 0.01999 0.03044
2 0.32321 0.50511 0.01348 0.02184
