2.0 0.15547350625887066 0.3653078157260023 0.11731044349070101 0.10014306151645208
2.0 0.30889473809365237 0.33696713558273217 0.044349070100143065 0.03862660944206009
2.0 0.3362393991517328 0.3017941988811205 0.02861230329041488 0.02575107296137339
2.0 0.43704722141583274 0.3758150067542164 0.00715307582260372 0.00715307582260372
2.0 0.44115690421818443 0.3875331289462752 0.010014306151645207 0.008583690987124463
7.0 0.40988639007629074 0.42799212555354244 0.02861230329041488 0.02575107296137339
7.0 0.4580585614104908 0.41084531172659194 0.00715307582260372 0.005722460658082976
2.0 0.4586175145098325 0.4082389690682348 0.00715307582260372 0.004291845493562232
7.0 0.464817033203853 0.42612580607968137 0.00715307582260372 0.00715307582260372
7.0 0.470045509141652 0.4285455688741347 0.005722460658082976 0.005722460658082976
2.0 0.4529470377621968 0.4520345826201661 0.017167381974248927 0.01430615164520744
2.0 0.4750549586261988 0.45033349175911924 0.008583690987124463 0.008583690987124463
2.0 0.48600979592860716 0.4531347793452409 0.004291845493562232 0.004291845493562232
7.0 0.4919864959911736 0.46484913094868263 0.00715307582260372 0.00715307582260372
7.0 0.49057471287003257 0.473640016804957 0.010014306151645207 0.008583690987124463
8.0 0.5085511166032133 0.4918405535398135 0.008583690987124463 0.00715307582260372
8.0 0.5113987583202001 0.4945607392833988 0.005722460658082976 0.004291845493562232
2.0 0.5079586310734587 0.5093606045939498 0.010014306151645207 0.008583690987124463
7.0 0.49600341968053974 0.5351071332779476 0.01859799713876967 0.017167381974248927
2.0 0.506318415757799 0.5294900832102724 0.012875536480686695 0.011444921316165951
7.0 0.5270815657916124 0.5385710828066022 0.008583690987124463 0.00715307582260372
2.0 0.5307005985817226 0.5512998606578801 0.010014306151645207 0.008583690987124463
2.0 0.530756343278239 0.563819188697918 0.012875536480686695 0.011444921316165951
2.0 0.5401959539106727 0.5731959122574468 0.011444921316165951 0.010014306151645207
9.0 0.5567829887671653 0.7074458427234475 0.05722460658082976 0.04721030042918455
7.0 0.48496243270514344 0.6563990335146316 0.05007153075822604 0.04291845493562232
7.0 0.5586757939467782 0.5975422459898331 0.010014306151645207 0.010014306151645207
7.0 0.557106445787223 0.6195084615374256 0.01430615164520744 0.012875536480686695
7.0 0.573369454453809 0.6350782494470499 0.010014306151645207 0.010014306151645207
9.0 0.6359409149200094 0.8052321365618442 0.045779685264663805 0.04005722460658083
