2 0.44575 0.49071 0.00666 0.01208
2 0.47232 0.49628 0.00809 0.01441
2 0.51134 0.48385 0.00555 0.01092
7 0.51927 0.48838 0.0065 0.01162
7 0.55322 0.48362 0.00523 0.01092
7 0.55703 0.4921 0.00682 0.01348
2 0.59819 0.47921 0.00508 0.00999
7 0.62571 0.48048 0.00619 0.01022
2 0.62484 0.50035 0.01079 0.01743
7 0.67243 0.49419 0.00857 0.0158
8 0.68457 0.4756 0.00365 0.00976
8 0.68361 0.47839 0.00492 0.01208
2 0.79275 0.61222 0.03569 0.05994
2 0.77895 0.50151 0.01126 0.01928
7 0.83907 0.49466 0.01095 0.01719
2 0.90966 0.50418 0.01317 0.0223
