7.0 0.5842026157314659 0.4579322244600787 0.014035087719298246 0.007017543859649123
7.0 0.5766128976288185 0.44321682540209617 0.010526315789473684 0.007017543859649123
7.0 0.5737940187699258 0.44428693323047636 0.017543859649122806 0.010526315789473684
7.0 0.5664512353252061 0.43843727870919647 0.021052631578947368 0.012280701754385965
7.0 0.5521770342404391 0.4266241109072125 0.02631578947368421 0.014035087719298246
7.0 0.5224649808188998 0.39352059638556564 0.02631578947368421 0.02456140350877193
9.0 0.5016478307888648 0.3713160595407767 0.07017543859649122 0.03684210526315789
2.0 0.600985577358694 0.5372755016853485 0.012280701754385965 0.007017543859649123
2.0 0.5981939954226734 0.5488130070036471 0.014035087719298246 0.008771929824561403
2.0 0.5935380929462458 0.5554119218817144 0.014035087719298246 0.008771929824561403
2.0 0.5899941685024056 0.559937621682231 0.017543859649122806 0.012280701754385965
2.0 0.5767338257661309 0.5624255287602515 0.02456140350877193 0.014035087719298246
2.0 0.5757934588637375 0.5915459618796416 0.02631578947368421 0.017543859649122806
2.0 0.5599323905509411 0.6181816183558106 0.03333333333333333 0.01929824561403509
9.0 0.5249746315191239 0.6965474278652943 0.05263157894736842 0.042105263157894736
