2 0.80647 0.52846 0.04029 0.06622
2 0.70241 0.45098 0.01808 0.02416
2 0.63301 0.42286 0.01253 0.02416
2 0.6066 0.40939 0.00888 0.01859
8 0.59319 0.40207 0.00746 0.01789
8 0.58344 0.39661 0.00666 0.01533
8 0.56647 0.38604 0.00412 0.00999
8 0.56924 0.38848 0.00492 0.01162
8 0.57456 0.39196 0.00539 0.01255
7 0.28934 0.56482 0.03173 0.06506
7 0.3999 0.47014 0.01999 0.03322
7 0.43718 0.43913 0.01142 0.02277
8 0.45939 0.41984 0.00825 0.02045
8 0.46946 0.41229 0.00682 0.01696
8 0.477 0.40579 0.00603 0.0151
8 0.4843 0.39998 0.00539 0.01324
8 0.49016 0.39556 0.00476 0.01138
8 0.49389 0.39219 0.00428 0.00976
8 0.49778 0.38964 0.00412 0.00883
8 0.5004 0.38697 0.00333 0.00813
9 0.50571 0.38185 0.00349 0.01046
8 0.50349 0.38464 0.00286 0.00767
8 0.56076 0.38441 0.00317 0.00953
9 0.55354 0.37802 0.00333 0.00976
8 0.55544 0.38081 0.00238 0.00743
8 0.55727 0.38255 0.00317 0.00767
