8 0.72866 0.59503 0.04521 0.08039
2 0.64515 0.50767 0.02062 0.03717
2 0.60081 0.47549 0.01317 0.02533
2 0.57337 0.45725 0.00968 0.01859
2 0.5552 0.44714 0.00825 0.0151
2 0.50182 0.44087 0.0065 0.01278
2 0.40649 0.43785 0.00555 0.01231
2 0.2711 0.43901 0.00571 0.01138
2 0.17251 0.44389 0.00777 0.01371
2 0.1016 0.454 0.00968 0.0158
9 0.13714 0.47363 0.01919 0.03787
8 0.19456 0.60723 0.04045 0.08295
7 0.34764 0.50929 0.01856 0.03671
7 0.39919 0.47595 0.01285 0.02486
7 0.4379 0.44726 0.00777 0.01487
7 0.43234 0.45841 0.00968 0.01859
7 0.35969 0.44424 0.00682 0.01348
7 0.25381 0.45109 0.00761 0.01464
