8 0.03704 0.87384 0.02966 0.10316
9 0.04894 0.55588 0.01475 0.02579
9 0.10303 0.54566 0.01126 0.02114
8 0.14657 0.5553 0.0111 0.01905
8 0.20677 0.55634 0.01285 0.02207
8 0.21463 0.63836 0.0349 0.05785
8 0.26793 0.58364 0.02062 0.03625
8 0.25349 0.56145 0.01237 0.02625
2 0.21114 0.54229 0.00793 0.01441
2 0.30108 0.53996 0.00952 0.01626
2 0.41466 0.53334 0.0092 0.01696
2 0.46669 0.53822 0.0111 0.02068
2 0.4885 0.55367 0.01539 0.02695
2 0.55036 0.53636 0.0138 0.023
2 0.56313 0.58051 0.01935 0.03834
2 0.63412 0.51766 0.01126 0.01859
2 0.66577 0.55832 0.02189 0.03346
2 0.74358 0.65265 0.03982 0.07017
2 0.77697 0.50581 0.01047 0.01766
7 0.75619 0.52776 0.01681 0.02486
7 0.76785 0.5165 0.01348 0.02138
2 0.9287 0.60246 0.0414 0.05669
7 0.94916 0.52358 0.02046 0.02951
8 0.95646 0.49861 0.01317 0.0237
