7.0 0.4323665752122301 0.6342721201701579 0.04602510460251046 0.043235704323570434
7.0 0.42693321148944224 0.5546503611142075 0.022315202231520222 0.02092050209205021
7.0 0.4242640614512974 0.5244112292567432 0.016736401673640166 0.015341701534170154
7.0 0.42346072549134683 0.5096249206875456 0.012552301255230125 0.011157601115760111
9.0 0.42023863053016014 0.47131533531801717 0.005578800557880056 0.0041841004184100415
8.0 0.4209191466100559 0.4728921593954734 0.0041841004184100415 0.0041841004184100415
8.0 0.42092303926267394 0.47495159892749206 0.0041841004184100415 0.0041841004184100415
8.0 0.421235701857016 0.47688606004610384 0.00697350069735007 0.005578800557880056
8.0 0.42106166807795714 0.4793121369498724 0.00697350069735007 0.00697350069735007
8.0 0.4213659250676386 0.4818035678653791 0.00697350069735007 0.005578800557880056
8.0 0.4215540151640644 0.4851373592071969 0.008368200836820083 0.00697350069735007
8.0 0.4216983469274806 0.48950219470924056 0.008368200836820083 0.008368200836820083
8.0 0.42211169014419636 0.4936405609771903 0.009762900976290097 0.009762900976290097
8.0 0.4222713471184328 0.49880378201171094 0.009762900976290097 0.009762900976290097
2.0 0.6020517658384001 0.3742194226847997 0.043235704323570434 0.03905160390516039
2.0 0.5249575554640871 0.4074694091726642 0.02510460251046025 0.022315202231520222
2.0 0.5021537963576355 0.4112708487920699 0.011157601115760111 0.011157601115760111
2.0 0.4779709005035725 0.42681019681249444 0.01394700139470014 0.012552301255230125
2.0 0.46702127110371305 0.43238235748054593 0.011157601115760111 0.009762900976290097
8.0 0.4605890235866397 0.4354126242220782 0.011157601115760111 0.009762900976290097
8.0 0.4557365732324697 0.4377109672762631 0.008368200836820083 0.00697350069735007
8.0 0.44327020339618545 0.4439195069818691 0.00697350069735007 0.005578800557880056
8.0 0.4458401506471167 0.44174308872561335 0.005578800557880056 0.0041841004184100415
8.0 0.44778617981050184 0.44136761262755353 0.00697350069735007 0.005578800557880056
8.0 0.45115818868570334 0.44007277242819454 0.00697350069735007 0.005578800557880056
9.0 0.4377022085307849 0.4449722833958398 0.00697350069735007 0.005578800557880056
8.0 0.4409159136647931 0.44483676315257475 0.005578800557880056 0.0041841004184100415
