2.0 0.5844033675670839 0.7827585317919009 0.06837606837606838 0.044444444444444446
7.0 0.4828901845500259 0.8712606977851155 0.03247863247863248 0.022222222222222223
8.0 0.46428250700771184 0.7872775532333816 0.022222222222222223 0.015384615384615385
2.0 0.5378813709684122 0.7034280962747553 0.042735042735042736 0.02905982905982906
7.0 0.4976132975157139 0.720452776978678 0.02905982905982906 0.020512820512820513
7.0 0.4862389323808653 0.6856874668786308 0.023931623931623933 0.017094017094017096
8.0 0.47329588490469193 0.6581968889226844 0.017094017094017096 0.010256410256410256
2.0 0.5562694742515122 0.4898694189589376 0.041025641025641026 0.02905982905982906
2.0 0.5244902548499452 0.49095033601405924 0.02735042735042735 0.017094017094017096
7.0 0.49926843340979593 0.5598392353210982 0.020512820512820513 0.013675213675213675
7.0 0.4926785451572418 0.5657515676499839 0.013675213675213675 0.011965811965811967
8.0 0.47974531004497967 0.5596269771558162 0.015384615384615385 0.008547008547008548
8.0 0.48388952350187836 0.49189235795646685 0.013675213675213675 0.006837606837606838
7.0 0.49856299053840614 0.4973798670865145 0.015384615384615385 0.010256410256410256
7.0 0.493801399532975 0.47737024533461697 0.013675213675213675 0.008547008547008548
7.0 0.49724200319109296 0.443338651326014 0.011965811965811967 0.008547008547008548
8.0 0.4875540677380526 0.44531328145349963 0.006837606837606838 0.008547008547008548
7.0 0.4958667237495371 0.4162712917512456 0.013675213675213675 0.006837606837606838
8.0 0.48732418833893176 0.40648239301902633 0.008547008547008548 0.003418803418803419
8.0 0.4894077334628544 0.3758158002820143 0.008547008547008548 0.005128205128205128
7.0 0.49676802107124673 0.3735433968192827 0.011965811965811967 0.006837606837606838
7.0 0.50034262448415 0.3580795874532799 0.010256410256410256 0.005128205128205128
2.0 0.5121519014741982 0.36346790277533947 0.015384615384615385 0.011965811965811967
2.0 0.5181603436776985 0.4146007103558654 0.018803418803418803 0.013675213675213675
2.0 0.5405753689545248 0.3835743694958234 0.02735042735042735 0.018803418803418803
2.0 0.5323504403473593 0.32042026078276 0.022222222222222223 0.017094017094017096
7.0 0.4977800081539877 0.3372219825875276 0.008547008547008548 0.006837606837606838
8.0 0.49796762187431554 0.3178544581243682 0.010256410256410256 0.006837606837606838
2.0 0.5160798170685478 0.2951407676661138 0.015384615384615385 0.010256410256410256
2.0 0.527460402926608 0.27593329138130207 0.018803418803418803 0.011965811965811967
8.0 0.5115695036119108 0.27488738490454284 0.013675213675213675 0.006837606837606838
2.0 0.5281197014411015 0.21783713410253705 0.013675213675213675 0.011965811965811967
8.0 0.5280231692667797 0.18465424889955023 0.013675213675213675 0.008547008547008548
8.0 0.5459681290506052 0.10055889201681716 0.017094017094017096 0.013675213675213675
8.0 0.5542968855431442 0.10257807487826279 0.020512820512820513 0.017094017094017096
8.0 0.558857780229378 0.12838660092635346 0.023931623931623933 0.015384615384615385
8.0 0.5750232670866235 0.14135005033583173 0.03418803418803419 0.02735042735042735
8.0 0.6048459748732098 0.16884687263837392 0.04786324786324787 0.035897435897435895
