2.0 0.3938090727503587 0.8097146454477075 0.04941860465116279 0.0436046511627907
2.0 0.34649458972536407 0.8128933341208116 0.027616279069767442 0.023255813953488372
7.0 0.3428240912199967 0.7637246399806586 0.0188953488372093 0.015988372093023256
2.0 0.3713545748082116 0.7109596580758314 0.0188953488372093 0.01744186046511628
7.0 0.40714855464920363 0.5988281859799 0.011627906976744186 0.011627906976744186
2.0 0.41777368569517476 0.5863515584119404 0.01744186046511628 0.014534883720930232
2.0 0.46735066254981555 0.471905119767651 0.014534883720930232 0.01308139534883721
7.0 0.46936352683999655 0.455775316292381 0.01308139534883721 0.010174418604651164
2.0 0.521602157021159 0.36029983755230616 0.015988372093023256 0.01308139534883721
7.0 0.5249495720899303 0.342862199191249 0.014534883720930232 0.011627906976744186
2.0 0.643241320352355 0.4567225401638605 0.07848837209302326 0.06395348837209303
2.0 0.5852821154763376 0.2408450218722942 0.020348837209302327 0.01744186046511628
7.0 0.5981782527650502 0.19971654490940347 0.01744186046511628 0.014534883720930232
