2.0 0.33391263569725266 0.7171678656863957 0.10805860805860806 0.06776556776556776
2.0 0.4405978971317856 0.25960791504199554 0.047619047619047616 0.03296703296703297
2.0 0.5291086300799417 0.17140200343872244 0.01098901098901099 0.007326007326007326
2.0 0.5351741224791053 0.1456255564976568 0.007326007326007326 0.005494505494505495
2.0 0.5282010502455678 0.13180607543429135 0.01098901098901099 0.007326007326007326
2.0 0.5296167066817594 0.11306651076040626 0.009157509157509158 0.005494505494505495
2.0 0.5333868823313055 0.11079123421565001 0.005494505494505495 0.0018315018315018315
7.0 0.5207121895280206 0.093403570065979 0.01098901098901099 0.007326007326007326
8.0 0.5285844201982097 0.06079844980313682 0.009157509157509158 0.005494505494505495
8.0 0.5251987907424822 0.05297923516516987 0.01282051282051282 0.003663003663003663
8.0 0.52947031432645 0.05007668912866479 0.007326007326007326 0.0018315018315018315
