9 0.78783 0.75302 0.06202 0.13569
9 0.15466 0.76638 0.06536 0.13824
8 0.33693 0.67437 0.02253 0.04995
8 0.40918 0.63534 0.01634 0.03137
8 0.44139 0.61559 0.01095 0.0244
8 0.45765 0.60235 0.00857 0.01928
8 0.4751 0.5934 0.0073 0.0158
8 0.48509 0.58783 0.00635 0.01301
2 0.49937 0.57586 0.00317 0.00488
2 0.50198 0.57656 0.00333 0.0072
2 0.49857 0.57865 0.00317 0.00813
8 0.49643 0.58039 0.0046 0.01022
8 0.49128 0.58341 0.00444 0.01162
2 0.50865 0.57307 0.00333 0.00674
2 0.51459 0.5697 0.00159 0.00511
2 0.51348 0.57052 0.00222 0.00581
2 0.51126 0.57179 0.00254 0.00651
2 0.51896 0.56901 0.0027 0.00511
7 0.5537 0.56901 0.0027 0.00511
7 0.55568 0.57017 0.00254 0.00558
7 0.5575 0.57121 0.00206 0.00581
7 0.55941 0.57272 0.00238 0.00651
7 0.56131 0.57447 0.00238 0.00674
7 0.56321 0.57598 0.00333 0.0079
8 0.56567 0.5776 0.00317 0.00976
8 0.56821 0.57993 0.00412 0.01022
8 0.57234 0.58271 0.00539 0.01162
8 0.57701 0.5869 0.00587 0.01301
8 0.58273 0.59189 0.0065 0.0151
8 0.59335 0.6006 0.00872 0.01859
8 0.60684 0.6135 0.01031 0.02347
8 0.63238 0.6336 0.01697 0.03299
8 0.67893 0.67495 0.02475 0.05204
2 0.53783 0.56808 0.00333 0.00558
2 0.56234 0.56761 0.00286 0.00511
7 0.5721 0.56796 0.0027 0.00534
7 0.60343 0.56691 0.00254 0.00511
2 0.59359 0.56645 0.00286 0.00511
2 0.63198 0.56552 0.00254 0.00465
7 0.63967 0.56645 0.00301 0.00511
7 0.67981 0.56587 0.00238 0.00488
2 0.67394 0.56529 0.00238 0.00465
2 0.71288 0.5654 0.00317 0.00488
7 0.72192 0.56575 0.00286 0.00511
7 0.77094 0.56564 0.00286 0.00488
2 0.75198 0.56482 0.00301 0.00511
2 0.7876 0.56401 0.00286 0.00441
8 0.79029 0.56506 0.00349 0.00604
8 0.82519 0.56355 0.00317 0.00627
