9 0.15347 0.48618 0.06551 0.13638
9 0.70884 0.46468 0.056 0.12314
2 0.59335 0.39324 0.02268 0.04391
7 0.50135 0.34166 0.01317 0.02347
7 0.48263 0.32203 0.00968 0.01022
7 0.48913 0.3283 0.00872 0.01766
7 0.46463 0.3168 0.00888 0.0086
7 0.45154 0.31145 0.00587 0.01046
8 0.43853 0.30658 0.00301 0.00953
7 0.44067 0.30913 0.00476 0.00953
2 0.35493 0.36884 0.02015 0.03322
2 0.31773 0.34514 0.01269 0.01696
2 0.34359 0.33004 0.01015 0.01882
2 0.35842 0.31738 0.00492 0.01301
2 0.35485 0.32203 0.00761 0.01533
2 0.36643 0.31506 0.00571 0.00836
2 0.37207 0.31192 0.00492 0.00813
8 0.37016 0.30588 0.00206 0.00581
