2 0.06647 0.74489 0.08154 0.13987
2 0.3029 0.51522 0.02395 0.04577
2 0.25079 0.47014 0.01713 0.02951
2 0.2247 0.45016 0.01253 0.02207
2 0.2063 0.43866 0.01158 0.01719
2 0.19448 0.43053 0.00761 0.01441
7 0.71225 0.56506 0.03966 0.06645
7 0.56361 0.47851 0.02189 0.03415
8 0.43528 0.45016 0.01301 0.02625
8 0.35945 0.4339 0.01015 0.01928
8 0.31948 0.42751 0.00825 0.01626
8 0.2991 0.42251 0.0065 0.01464
8 0.27522 0.41717 0.00603 0.01231
8 0.2389 0.41508 0.00508 0.01092
8 0.18726 0.42333 0.00714 0.01348
8 0.18147 0.4188 0.00635 0.01185
8 0.18441 0.41427 0.00492 0.00976
8 0.14404 0.41694 0.00571 0.01092
8 0.10446 0.41496 0.00523 0.00976
8 0.08455 0.41717 0.00571 0.01046
