2 0.85545 0.6515 0.08397 0.131
7 0.16026 0.61 0.07949 0.116
2 0.71346 0.433 0.04615 0.082
7 0.26603 0.4335 0.04615 0.079
2 0.61058 0.207 0.00833 0.032
7 0.31571 0.3535 0.03526 0.063
2 0.60417 0.213 0.01603 0.032
7 0.36699 0.298 0.03013 0.05
2 0.61346 0.225 0.01667 0.034
7 0.38622 0.265 0.025 0.042
2 0.61795 0.243 0.02179 0.038
7 0.4109 0.2405 0.02179 0.039
2 0.63558 0.2695 0.03013 0.047
7 0.42276 0.222 0.01987 0.034
2 0.65897 0.203 0.01667 0.032
7 0.43462 0.2095 0.01795 0.031
2 0.65994 0.3035 0.03269 0.053
7 0.49712 0.1965 0.01731 0.029
2 0.6891 0.357 0.04231 0.066
7 0.57147 0.1895 0.01731 0.027
