9.0 0.5283674496704576 0.5146809939690167 0.025806451612903226 0.03870967741935484
9.0 0.36647041078379794 0.5473356076396619 0.025806451612903226 0.03870967741935484
7.0 0.3764422315740278 0.5386193938247067 0.01129032258064516 0.01935483870967742
2.0 0.45162574327065397 0.4949542003961807 0.0064516129032258064 0.01129032258064516
2.0 0.4570890703549344 0.49577082366902564 0.008064516129032258 0.01129032258064516
2.0 0.4614781915893657 0.4976382769345541 0.0064516129032258064 0.012903225806451613
2.0 0.46551030326080334 0.5002926343364945 0.008064516129032258 0.01129032258064516
2.0 0.4761304745638646 0.5019937847691025 0.00967741935483871 0.014516129032258065
2.0 0.48666701273780255 0.5060903210847885 0.01129032258064516 0.017741935483870968
2.0 0.5016086330609253 0.5121524616491128 0.012903225806451613 0.020967741935483872
7.0 0.3896615313614621 0.5096121023319103 0.008064516129032258 0.012903225806451613
7.0 0.3849866486697106 0.5130500848128846 0.004838709677419355 0.00967741935483871
7.0 0.3850269010893548 0.515908213242365 0.004838709677419355 0.01129032258064516
7.0 0.383241680968623 0.5201151248480316 0.00967741935483871 0.014516129032258065
7.0 0.38018055743425344 0.527601939000787 0.01129032258064516 0.017741935483870968
