8 0.24754 0.60908 0.04616 0.07969
8 0.35517 0.52625 0.02855 0.0474
8 0.4076 0.48583 0.01983 0.03392
8 0.44012 0.46108 0.0138 0.0244
8 0.45828 0.44737 0.01015 0.01975
8 0.47057 0.43785 0.00682 0.01557
8 0.47993 0.43146 0.00587 0.01394
8 0.48612 0.42612 0.00523 0.01208
8 0.49191 0.42205 0.00412 0.01046
9 0.49532 0.41775 0.00492 0.01394
9 0.56036 0.41217 0.00523 0.01348
8 0.56345 0.41647 0.00412 0.01046
8 0.56694 0.41961 0.00571 0.01162
8 0.57289 0.42379 0.00555 0.01394
8 0.58407 0.42821 0.0073 0.0158
8 0.59216 0.43471 0.00857 0.01905
8 0.60771 0.44598 0.01174 0.0244
8 0.69646 0.50186 0.02998 0.05065
8 0.64078 0.46573 0.01539 0.03415
2 0.81678 0.57667 0.04569 0.07574
