2.0 0.6320926737366139 0.41442890369335883 0.014084507042253521 0.02034428794992175
2.0 0.6542348115973842 0.43112710599104526 0.01564945226917058 0.02190923317683881
2.0 0.6696046540421392 0.44975141423334203 0.018779342723004695 0.02190923317683881
2.0 0.6879440032561688 0.47258477031167134 0.0297339593114241 0.03599374021909233
2.0 0.7326454994959223 0.556330214193363 0.051643192488262914 0.06729264475743349
2.0 0.840469693023958 0.6316409524161735 0.0594679186228482 0.08450704225352113
7.0 0.5214431945758377 0.39530445105010537 0.014084507042253521 0.023474178403755867
7.0 0.4913625002489645 0.4019685982387357 0.017214397496087636 0.02034428794992175
7.0 0.4845836312191053 0.41304215364260066 0.023474178403755867 0.03286384976525822
7.0 0.4539924597651649 0.43464013711502647 0.03599374021909233 0.04538341158059468
7.0 0.37030755525260106 0.49207889584086245 0.054773082942097026 0.07668231611893583
