2.0 0.702135498493369 0.41514277223992524 0.043478260869565216 0.07750472589792061
2.0 0.3382973071470801 0.33526530358756285 0.026465028355387523 0.04725897920604915
2.0 0.314538507996539 0.2876399380041948 0.017013232514177693 0.022684310018903593
2.0 0.3569103454815973 0.26650619777508416 0.013232514177693762 0.020793950850661626
2.0 0.3834827240155156 0.24909160976060482 0.00945179584120983 0.015122873345935728
2.0 0.37627539347318056 0.255251088719473 0.011342155009451797 0.017013232514177693
2.0 0.3952559266121538 0.24613251965645774 0.005671077504725898 0.00945179584120983
2.0 0.3992138906637604 0.242890830870056 0.005671077504725898 0.00945179584120983
2.0 0.402682597769095 0.2425664720202889 0.005671077504725898 0.007561436672967864
8.0 0.4024422539994885 0.23613723000502312 0.003780718336483932 0.007561436672967864
7.0 0.544075585559916 0.29363148083297247 0.01890359168241966 0.02835538752362949
7.0 0.521462774078976 0.2614445502367866 0.015122873345935728 0.011342155009451797
7.0 0.5286348506236539 0.27182503194019336 0.00945179584120983 0.022684310018903593
7.0 0.5015323491388433 0.2536691668176513 0.011342155009451797 0.00945179584120983
7.0 0.4876515339614506 0.24654084465908205 0.005671077504725898 0.011342155009451797
8.0 0.47445343017982466 0.2395525777698008 0.003780718336483932 0.011342155009451797
7.0 0.4768082974481433 0.24255954217403836 0.005671077504725898 0.013232514177693762
