8 0.09518 0.7471 0.08407 0.13917
8 0.3608 0.53938 0.0303 0.05321
8 0.42862 0.48652 0.01618 0.03439
8 0.46114 0.46073 0.01206 0.02416
8 0.48128 0.44633 0.00825 0.01859
8 0.49294 0.43634 0.00682 0.0158
8 0.50222 0.42972 0.00571 0.01371
9 0.50761 0.42344 0.00698 0.01696
9 0.59089 0.41671 0.0073 0.0165
8 0.59684 0.42263 0.00619 0.01301
8 0.6024 0.42809 0.0065 0.01557
8 0.61461 0.43587 0.00809 0.01998
8 0.63698 0.44598 0.01126 0.0244
8 0.66355 0.46526 0.01523 0.03322
8 0.72716 0.5079 0.02855 0.05251
