2.0 0.7270977776684585 0.2718084768744656 0.05890603085553997 0.056100981767180924
2.0 0.692008585519514 0.24076923683820006 0.03506311360448808 0.03225806451612903
2.0 0.6570694682469289 0.25996950189098267 0.021037868162692847 0.02244039270687237
2.0 0.5856150519673988 0.3375913189191326 0.019635343618513323 0.016830294530154277
2.0 0.5152993792736109 0.4249170450324214 0.016830294530154277 0.015427769985974754
7.0 0.5244650963003306 0.4442652292638218 0.02664796633941094 0.023842917251051893
7.0 0.5173164808040828 0.5229690330751315 0.043478260869565216 0.03927068723702665
7.0 0.4481940889987716 0.5283151469330504 0.019635343618513323 0.0182328190743338
2.0 0.4725685104447405 0.47314805797387194 0.014025245441795231 0.011220196353436185
2.0 0.45412338243945044 0.4904763462422537 0.012622720897615708 0.011220196353436185
8.0 0.44768269932532573 0.4915243602343929 0.011220196353436185 0.011220196353436185
8.0 0.40916770932202784 0.5465294664372953 0.009817671809256662 0.008415147265077139
7.0 0.40757259460742473 0.5569577610968364 0.012622720897615708 0.009817671809256662
7.0 0.4069110520922343 0.5718618531754767 0.014025245441795231 0.012622720897615708
