8 0.56432 0.48269 0.00365 0.00813
8 0.60351 0.48153 0.00333 0.00674
8 0.61207 0.48292 0.00365 0.00767
8 0.65704 0.48164 0.00317 0.0079
8 0.66164 0.48025 0.00317 0.0079
8 0.71455 0.48106 0.00333 0.0086
8 0.72525 0.48083 0.00317 0.00813
8 0.77197 0.48199 0.00365 0.0086
8 0.78775 0.4813 0.00381 0.0086
8 0.81361 0.48339 0.00444 0.00953
8 0.84827 0.48211 0.00397 0.00929
8 0.83899 0.48478 0.00349 0.00953
8 0.83748 0.4878 0.0046 0.00999
8 0.89197 0.48385 0.00381 0.00906
8 0.91791 0.48641 0.00492 0.01092
8 0.92885 0.49094 0.0065 0.01115
8 0.93512 0.49408 0.00603 0.01324
8 0.95273 0.49895 0.00666 0.01557
2 0.69043 0.53996 0.01475 0.02695
2 0.81258 0.5223 0.01253 0.0223
2 0.82464 0.51092 0.00999 0.01673
2 0.83074 0.50221 0.00698 0.01464
2 0.83249 0.49675 0.00635 0.01208
2 0.83455 0.49303 0.00539 0.01208
2 0.42679 0.56587 0.023 0.03508
2 0.1691 0.6322 0.03712 0.05809
7 0.56932 0.62175 0.03553 0.05762
7 0.8305 0.56796 0.02427 0.03927
7 0.95201 0.54333 0.02268 0.02904
8 0.97605 0.50953 0.00349 0.01859
