8.0 0.6622955384231781 0.6301283739983905 0.05394190871369295 0.05255878284923928
8.0 0.6504508487377044 0.551926692750448 0.029045643153526972 0.027662517289073305
8.0 0.6465364585841444 0.522403400463406 0.02074688796680498 0.02074688796680498
8.0 0.6401533886545908 0.5021635401667455 0.016597510373443983 0.015214384508990318
9.0 0.638766553489142 0.4778843193994914 0.013831258644536652 0.012448132780082987
8.0 0.6382856535803129 0.4844813896665943 0.009681881051175657 0.009681881051175657
8.0 0.6383588599683242 0.4907069905355742 0.012448132780082987 0.012448132780082987
8.0 0.42176255508756744 0.40898783984164233 0.05255878284923928 0.051175656984785614
8.0 0.506881426002731 0.4224622701270296 0.030428769017980636 0.029045643153526972
8.0 0.5445114956765108 0.42831084612673337 0.019363762102351315 0.019363762102351315
8.0 0.5646424333658 0.43265145897551605 0.015214384508990318 0.015214384508990318
8.0 0.5770363782103723 0.43400118707420865 0.011065006915629323 0.011065006915629323
8.0 0.586181339327629 0.43584372899675755 0.011065006915629323 0.011065006915629323
9.0 0.5926365071390228 0.4356532766936697 0.013831258644536652 0.012448132780082987
