7 0.85237 0.39076 0.01253 0.04674
7 0.61072 0.43913 0.02228 0.08696
2 0.93071 0.54402 0.02855 0.10543
7 0.71814 0.3913 0.01497 0.05652
8 0.08844 0.23261 0.00905 0.03478
8 0.20996 0.32174 0.01741 0.06304
7 0.53865 0.6587 0.04318 0.19348
2 0.9328 0.46957 0.02228 0.07391
8 0.35341 0.46957 0.03273 0.12174
8 0.15651 0.26576 0.01079 0.04457
8 0.12761 0.23587 0.00801 0.03261
1 0.18663 0.22283 0.00348 0.02174
1 0.61177 0.28804 0.00348 0.02174
1 0.53325 0.26902 0.00313 0.01848
1 0.44446 0.25163 0.00244 0.01413
1 0.12169 0.21033 0.00383 0.02065
1 0.13405 0.22772 0.00418 0.02717
1 0.7359 0.31196 0.00313 0.02174
1 0.70439 0.3125 0.00418 0.025
1 0.65355 0.2913 0.00279 0.01957
1 0.56511 0.27011 0.00279 0.01848
1 0.45386 0.24783 0.00244 0.01739
1 0.35411 0.2375 0.00279 0.0163
1 0.34244 0.23098 0.00244 0.01413
1 0.2641 0.22717 0.00313 0.01957
1 0.22893 0.21739 0.00313 0.01739
