7 0.2641 0.35978 0.02054 0.07174
7 0.42671 0.34022 0.01219 0.05217
7 0.55745 0.34076 0.00905 0.04022
7 0.67949 0.35272 0.00731 0.03587
7 0.79979 0.37174 0.00836 0.03261
2 0.56302 0.46304 0.02368 0.09565
2 0.64136 0.41522 0.01671 0.06739
7 0.87779 0.37228 0.00696 0.025
7 0.86699 0.375 0.00766 0.03043
2 0.79683 0.40326 0.01219 0.04565
7 0.83478 0.37391 0.00731 0.03261
7 0.89171 0.34348 0.00348 0.01522
2 0.85655 0.34239 0.00487 0.01739
7 0.86316 0.35598 0.00557 0.02283
2 0.93245 0.3663 0.00557 0.01957
7 0.90094 0.33967 0.00244 0.01196
2 0.52298 0.57609 0.03552 0.14783
7 0.91191 0.34511 0.00279 0.01413
2 0.88318 0.35163 0.00522 0.01848
7 0.7984 0.32609 0.00348 0.01522
2 0.92775 0.35543 0.00453 0.01522
7 0.94864 0.34674 0.00313 0.01087
2 0.71797 0.4 0.01323 0.05217
7 0.90616 0.34511 0.00313 0.01413
7 0.8125 0.33913 0.00453 0.01957
2 0.86891 0.34402 0.00383 0.0163
7 0.83618 0.3337 0.00313 0.01522
7 0.84384 0.34891 0.00453 0.01957
7 0.87326 0.34022 0.00279 0.01304
7 0.77037 0.32174 0.00313 0.01522
7 0.92166 0.34239 0.00209 0.01087
7 0.77385 0.32663 0.00313 0.0163
2 0.94795 0.42446 0.00592 0.04457
7 0.87535 0.36685 0.00418 0.025
7 0.87465 0.36087 0.00418 0.02174
7 0.90877 0.34348 0.00209 0.01304
2 0.60811 0.77609 0.02751 0.14348
