7 0.47371 0.51413 0.02194 0.08913
2 0.86212 0.67065 0.03621 0.15435
7 0.48886 0.44348 0.01323 0.05435
7 0.1828 0.74457 0.06616 0.2
2 0.88492 0.41196 0.0094 0.03478
7 0.48311 0.40761 0.00592 0.03261
7 0.91086 0.38913 0.00557 0.02609
2 0.76132 0.50272 0.01288 0.075
2 0.93384 0.43207 0.01114 0.04457
7 0.51462 0.37283 0.00418 0.01957
7 0.46953 0.37826 0.00453 0.02174
2 0.68733 0.43913 0.01462 0.05
2 0.83322 0.39239 0.00557 0.02826
7 0.56685 0.3712 0.00557 0.02065
2 0.64102 0.41304 0.01114 0.03696
2 0.60063 0.39674 0.00836 0.03261
2 0.711 0.38315 0.00557 0.025
2 0.58809 0.38261 0.00557 0.02826
7 0.6734 0.37174 0.00487 0.02174
7 0.8454 0.37935 0.00557 0.02391
2 0.64293 0.3788 0.00592 0.025
2 0.77611 0.38696 0.00557 0.02391
7 0.74234 0.37446 0.00487 0.02283
