7.0 0.37856035136857935 0.45128828412507865 0.09728183118741059 0.0715307582260372
7.0 0.5237817509021202 0.5236703997109273 0.05007153075822604 0.034334763948497854
7.0 0.5736116996989168 0.4993160851689679 0.022889842632331903 0.017167381974248927
2.0 0.6137438945096648 0.6834740670024384 0.04864091559370529 0.0357653791130186
2.0 0.5644565927780254 0.7525702766930582 0.0815450643776824 0.058655221745350504
7.0 0.6418225093889777 0.5688975830488093 0.01430615164520744 0.010014306151645207
2.0 0.7049032196177123 0.7107956625488022 0.01859799713876967 0.012875536480686695
2.0 0.7104596652192696 0.7474919833183038 0.02145922746781116 0.01430615164520744
2.0 0.6235353489312696 0.593741060250238 0.027181688125894134 0.01859799713876967
7.0 0.5595164724141111 0.5123172565405577 0.034334763948497854 0.024320457796852647
7.0 0.584905210245525 0.48146219805840385 0.015736766809728183 0.010014306151645207
7.0 0.7182608893271206 0.7172167464723872 0.01430615164520744 0.010014306151645207
2.0 0.6673592602804277 0.6298436117368648 0.015736766809728183 0.011444921316165951
2.0 0.6250939935103834 0.6267065773743794 0.031473533619456366 0.022889842632331903
2.0 0.620523822330676 0.5654373322969896 0.02145922746781116 0.01430615164520744
7.0 0.6228401955016005 0.5376013968733986 0.012875536480686695 0.010014306151645207
7.0 0.6034367273885107 0.5063961221411741 0.01430615164520744 0.010014306151645207
2.0 0.6870929914101973 0.6727838372487754 0.015736766809728183 0.011444921316165951
2.0 0.6158369129413794 0.48407187068079394 0.005722460658082976 0.004291845493562232
2.0 0.6240902455502966 0.5541084068694581 0.017167381974248927 0.011444921316165951
8.0 0.6046572943467655 0.4750653992599585 0.008583690987124463 0.00715307582260372
7.0 0.6608107351958699 0.6041740232753422 0.012875536480686695 0.008583690987124463
2.0 0.6450064996537678 0.5863517578752548 0.015736766809728183 0.012875536480686695
7.0 0.5775653533192058 0.4886432129703452 0.02145922746781116 0.01430615164520744
8.0 0.6126266219576382 0.4888686795841516 0.008583690987124463 0.00715307582260372
8.0 0.6188827142933406 0.5013013447884619 0.008583690987124463 0.005722460658082976
8.0 0.6273327754574404 0.5151315575910891 0.00715307582260372 0.005722460658082976
7.0 0.6836725659226728 0.648547612415014 0.015736766809728183 0.010014306151645207
