7 0.33948 0.51576 0.02437 0.09022
7 0.37082 0.40978 0.00975 0.0413
7 0.52298 0.38696 0.00836 0.03043
2 0.71936 0.54402 0.02646 0.10109
2 0.61786 0.46957 0.01706 0.06957
2 0.91852 0.42663 0.01114 0.04457
7 0.3508 0.45652 0.01497 0.06304
2 0.73224 0.40272 0.00696 0.0337
7 0.59453 0.38207 0.00731 0.02935
7 0.20404 0.78098 0.07382 0.13152
7 0.67009 0.38424 0.00662 0.02935
2 0.27507 0.33967 0.00279 0.01196
7 0.4462 0.39348 0.00801 0.03478
2 0.83322 0.41087 0.00905 0.03696
8 0.75992 0.35272 0.00313 0.0163
7 0.91347 0.39457 0.00662 0.03261
2 0.55554 0.4125 0.0101 0.04239
8 0.67845 0.35054 0.00313 0.0163
2 0.56424 0.43804 0.01288 0.05217
2 0.63614 0.40163 0.00905 0.03587
2 0.25104 0.3375 0.00139 0.01196
2 0.32103 0.33424 0.00279 0.01196
7 0.28691 0.3375 0.00139 0.00978
8 0.44272 0.34783 0.00313 0.01522
8 0.49373 0.34674 0.00348 0.01522
8 0.73259 0.35272 0.00348 0.0163
2 0.35324 0.3337 0.00174 0.0087
8 0.34105 0.34076 0.00244 0.01196
2 0.26114 0.3375 0.00279 0.01196
2 0.44446 0.34022 0.00174 0.01522
8 0.37953 0.34946 0.00418 0.0163
8 0.70578 0.35217 0.00348 0.01522
8 0.30449 0.34022 0.00313 0.01304
8 0.41487 0.34783 0.00383 0.01739
8 0.46605 0.34891 0.00313 0.01522
7 0.76219 0.38587 0.00627 0.02826
2 0.9321 0.74076 0.0383 0.19022
