7.0 0.4843858947536588 0.4709379362992356 0.06166666666666667 0.028333333333333332
7.0 0.3951089655915953 0.8208829710626279 0.06 0.025
2.0 0.41847005854617475 0.5062499156654086 0.03333333333333333 0.015
7.0 0.5304886749900949 0.5643436882252858 0.09666666666666666 0.045
2.0 0.3674592228401583 0.7492239059006058 0.041666666666666664 0.015
2.0 0.38986558266718435 0.6144991680150126 0.035 0.015
7.0 0.4354240895264369 0.5454129661600361 0.04833333333333333 0.02
2.0 0.46459843914347365 0.40019863150313956 0.03833333333333333 0.016666666666666666
7.0 0.4116320910880408 0.6532328606488065 0.04666666666666667 0.021666666666666667
2.0 0.5810289228878783 0.22169065414990854 0.06833333333333333 0.03
2.0 0.5119939937270584 0.3167869555716692 0.04666666666666667 0.02
2.0 0.6822208376917549 0.18718528765179068 0.11333333333333333 0.051666666666666666
