7 0.29439 0.43043 0.01428 0.05435
7 0.36995 0.40163 0.0101 0.04239
2 0.60881 0.50054 0.02681 0.09239
2 0.61125 0.38152 0.0087 0.03696
2 0.57608 0.40598 0.01079 0.04891
2 0.86351 0.36793 0.00836 0.0337
7 0.20334 0.50435 0.02159 0.08913
7 0.44708 0.38152 0.00836 0.03261
2 0.68019 0.34239 0.00522 0.01957
7 0.87761 0.34565 0.00522 0.02391
7 0.07416 0.77391 0.03343 0.14783
2 0.94046 0.3837 0.01114 0.04348
2 0.77698 0.34783 0.00592 0.02609
2 0.61142 0.34348 0.00557 0.01957
2 0.52786 0.44022 0.01671 0.06304
2 0.81442 0.35707 0.00766 0.02935
7 0.46675 0.35978 0.00592 0.02609
2 0.72998 0.34348 0.00592 0.02174
2 0.5726 0.34783 0.00522 0.02174
7 0.83339 0.33967 0.00453 0.02065
7 0.79352 0.33641 0.00348 0.01848
7 0.92949 0.35489 0.00731 0.02935
7 0.69133 0.33478 0.00383 0.01739
7 0.56755 0.33859 0.00418 0.01848
7 0.51288 0.34185 0.00487 0.02065
2 0.92932 0.7538 0.04387 0.18804
7 0.44394 0.35272 0.00418 0.02065
2 0.58705 0.35652 0.00557 0.02609
2 0.6304 0.36576 0.00731 0.02935
7 0.63353 0.33641 0.00383 0.01848
7 0.73851 0.33478 0.00418 0.01739
7 0.49965 0.36739 0.00696 0.03043
