7.0 0.3271448606139309 0.29129127776597197 0.007561436672967864 0.026465028355387523
7.0 0.30327576121038774 0.33686737295692587 0.00945179584120983 0.045368620037807186
7.0 0.4371802777032547 0.38113698178453587 0.01890359168241966 0.07372400756143667
7.0 0.8425065094521578 0.2075073823875249 0.00945179584120983 0.026465028355387523
7.0 0.743459126591097 0.21516928292243118 0.005671077504725898 0.020793950850661626
2.0 0.8320964473291174 0.35839769168192576 0.022684310018903593 0.08695652173913043
7.0 0.5643388443836856 0.23721978330314863 0.005671077504725898 0.022684310018903593
7.0 0.28530757869468293 0.314862069240873 0.00945179584120983 0.035916824196597356
7.0 0.3953723337513917 0.27048872967541987 0.007561436672967864 0.024574669187145556
7.0 0.47868409678089063 0.2517839365082599 0.005671077504725898 0.022684310018903593
7.0 0.4000842609518892 0.35716544228654357 0.015122873345935728 0.06049149338374291
7.0 0.45406428950146227 0.44475586935931966 0.026465028355387523 0.10396975425330812
2.0 0.5164088697745782 0.25521198227170594 0.007561436672967864 0.024574669187145556
2.0 0.8018571619245158 0.2215555270872917 0.007561436672967864 0.02835538752362949
2.0 0.7309016354380442 0.22719050822308237 0.005671077504725898 0.024574669187145556
2.0 0.6962708009689573 0.3120839407944474 0.017013232514177693 0.06049149338374291
2.0 0.5832437218564797 0.2960323613667498 0.013232514177693762 0.05103969754253308
2.0 0.5774111737376915 0.24465618638103478 0.007561436672967864 0.02835538752362949
7.0 0.4307259117318853 0.5682061745026421 0.043478260869565216 0.15879017013232513
2.0 0.4583544836991759 0.29250069078646346 0.00945179584120983 0.03780718336483932
7.0 0.6502398941532369 0.22527153897050559 0.003780718336483932 0.022684310018903593
2.0 0.47574020675999557 0.2639924125388211 0.00945179584120983 0.02835538752362949
2.0 0.4408996941686134 0.27521319831910435 0.005671077504725898 0.030245746691871456
2.0 0.4327142828407414 0.28708174722798085 0.007561436672967864 0.034026465028355386
2.0 0.6546134491932396 0.23459028971666723 0.005671077504725898 0.026465028355387523
1.0 0.3295452919825949 0.2490990794549184 0.0 0.00945179584120983
1.0 0.18923761357454508 0.2771641476439297 0.001890359168241966 0.011342155009451797
1.0 0.10943637863596858 0.28047383325340824 0.001890359168241966 0.005671077504725898
1.0 0.11542789030272366 0.27816306020095927 0.001890359168241966 0.007561436672967864
1.0 0.16131056160918802 0.2739266075404412 0.001890359168241966 0.007561436672967864
1.0 0.16401856186384695 0.2790907464935828 0.0 0.00945179584120983
1.0 0.16840921956855795 0.2794700709654917 0.001890359168241966 0.00945179584120983
1.0 0.17092342513393471 0.269378144701383 0.001890359168241966 0.005671077504725898
1.0 0.17559797059125637 0.2728950306072118 0.001890359168241966 0.007561436672967864
1.0 0.18117837568202314 0.2732328081848988 0.001890359168241966 0.011342155009451797
1.0 0.21861784775643361 0.2687682334595045 0.0 0.007561436672967864
1.0 0.21954087210274237 0.26136606694012593 0.003780718336483932 0.007561436672967864
1.0 0.22180094780198065 0.2681244275390126 0.001890359168241966 0.00945179584120983
1.0 0.2278292774481681 0.26686798347095453 0.001890359168241966 0.00945179584120983
1.0 0.2297772447713007 0.2646887295599582 0.001890359168241966 0.00945179584120983
1.0 0.2319818625634212 0.2651443922277544 0.003780718336483932 0.013232514177693762
1.0 0.23403994604522313 0.26611845252695493 0.001890359168241966 0.007561436672967864
1.0 0.23589637508921646 0.26131788526944527 0.003780718336483932 0.00945179584120983
1.0 0.23905263767892387 0.26489747531981794 0.005671077504725898 0.00945179584120983
1.0 0.24438529743725682 0.2631326749620238 0.003780718336483932 0.00945179584120983
1.0 0.249105596009576 0.2629678385036476 0.003780718336483932 0.00945179584120983
1.0 0.2798125011930182 0.25872868565624013 0.003780718336483932 0.011342155009451797
1.0 0.3556337851750889 0.24766508411872465 0.001890359168241966 0.00945179584120983
1.0 0.3574630389836148 0.24707824008910353 0.001890359168241966 0.007561436672967864
1.0 0.3785931610143318 0.243706165496177 0.0 0.011342155009451797
1.0 0.38053253098152706 0.24627263567675273 0.003780718336483932 0.011342155009451797
1.0 0.3860382247263904 0.2397563689737136 0.001890359168241966 0.011342155009451797
1.0 0.42722884808304173 0.23621641585562744 0.001890359168241966 0.00945179584120983
1.0 0.4306682608179489 0.23819785377095193 0.001890359168241966 0.013232514177693762
