7.0 0.28967859964478593 0.6452184630279355 0.05446293494704992 0.0907715582450832
7.0 0.3085049374587457 0.5347282757091101 0.02723146747352496 0.049924357034795766
2.0 0.7767153852250387 0.39377891567113715 0.03479576399394856 0.059001512859304085
2.0 0.6765990907253014 0.38846861218880513 0.02723146747352496 0.0453857791225416
2.0 0.4765910680927026 0.44766333093433563 0.02118003025718608 0.03479576399394856
2.0 0.5211440797568094 0.4007999895745597 0.015128593040847202 0.025718608169440244
2.0 0.4853868650776899 0.42354464744083736 0.01664145234493192 0.030257186081694403
2.0 0.5611781992948575 0.3809188078719585 0.012102874432677761 0.024205748865355523
2.0 0.7532874136122045 0.32295572649364673 0.01361573373676248 0.024205748865355523
7.0 0.5017095022257774 0.39383188565562277 0.01059001512859304 0.01664145234493192
7.0 0.44647012059728236 0.4177410926360402 0.009077155824508321 0.02118003025718608
2.0 0.7315816918429825 0.3371536930007933 0.01664145234493192 0.02723146747352496
2.0 0.5979424552527338 0.36680633223489323 0.012102874432677761 0.019667170953101363
7.0 0.6139051289467454 0.3534688147248269 0.01059001512859304 0.018154311649016642
7.0 0.3374537555967923 0.48709283540061593 0.02118003025718608 0.03328290468986384
7.0 0.5498292970635608 0.3735516990621211 0.009077155824508321 0.015128593040847202
7.0 0.7877540579052714 0.3092771878043555 0.01059001512859304 0.019667170953101363
8.0 0.17411798294407319 0.4943266716813555 0.01059001512859304 0.01664145234493192
7.0 0.6926112171524629 0.33272316081907416 0.012102874432677761 0.019667170953101363
8.0 0.22440076938616974 0.47367252085704714 0.007564296520423601 0.015128593040847202
2.0 0.6672281764286407 0.345619625845255 0.012102874432677761 0.02118003025718608
2.0 0.679003175381052 0.3672598076349661 0.019667170953101363 0.03328290468986384
7.0 0.3884528045159094 0.4494786363837086 0.01664145234493192 0.025718608169440244
2.0 0.49855119287092114 0.47214749994896543 0.03177004538577912 0.05597579425113464
2.0 0.5935211518411171 0.5114511006015431 0.05446293494704992 0.08925869894099848
