7 0.32904 0.27826 0.00627 0.02826
7 0.30275 0.32446 0.01079 0.04674
7 0.43942 0.375 0.01671 0.07609
7 0.86421 0.21033 0.00627 0.02717
7 0.76166 0.21467 0.00592 0.02283
2 0.84802 0.36576 0.02263 0.09022
7 0.57591 0.23098 0.00487 0.02283
7 0.28499 0.30109 0.00801 0.03696
7 0.40024 0.25924 0.00592 0.025
7 0.48694 0.24293 0.00453 0.02283
7 0.40198 0.34891 0.01358 0.06304
7 0.45456 0.4413 0.02263 0.10652
2 0.52577 0.24783 0.00627 0.02609
2 0.82173 0.22337 0.00766 0.02935
2 0.74826 0.22663 0.00696 0.02717
2 0.70944 0.31304 0.01497 0.06304
2 0.59331 0.29239 0.01184 0.05
2 0.58914 0.23913 0.00627 0.02609
7 0.42601 0.56793 0.03935 0.16196
2 0.46448 0.28424 0.00975 0.03804
7 0.66504 0.22174 0.00418 0.02174
2 0.48346 0.25543 0.00662 0.02826
2 0.44708 0.26576 0.00696 0.03152
2 0.4382 0.27772 0.00801 0.03587
2 0.66922 0.23152 0.00627 0.02609
1 0.33304 0.23478 0.00174 0.0087
1 0.18715 0.2587 0.00244 0.01087
1 0.10463 0.25924 0.00174 0.00543
1 0.1109 0.25707 0.00174 0.00761
1 0.15843 0.25435 0.00139 0.0087
1 0.16104 0.25978 0.00174 0.0087
1 0.16556 0.26033 0.00174 0.00978
1 0.16852 0.25 0.00139 0.00652
1 0.17322 0.2538 0.00174 0.00761
1 0.17897 0.25435 0.00209 0.01087
1 0.21779 0.25109 0.00174 0.0087
1 0.21901 0.24348 0.00139 0.0087
1 0.2211 0.25054 0.00209 0.00978
1 0.22737 0.24946 0.00209 0.00978
1 0.22946 0.24728 0.00139 0.00978
1 0.23172 0.24783 0.00174 0.01304
1 0.23381 0.24891 0.00174 0.0087
1 0.2359 0.24402 0.00174 0.00978
1 0.23903 0.24783 0.00244 0.01087
1 0.2446 0.2462 0.00244 0.00978
1 0.24948 0.2462 0.00174 0.00978
1 0.28134 0.24293 0.00209 0.01196
1 0.36003 0.23424 0.00139 0.00978
1 0.36194 0.2337 0.00174 0.0087
1 0.38388 0.23098 0.00174 0.01196
1 0.38579 0.2337 0.00209 0.01304
1 0.39171 0.22717 0.00209 0.01087
1 0.43437 0.225 0.00174 0.01087
1 0.43785 0.22717 0.00244 0.01304
