7 0.67653 0.55707 0.05084 0.1837
1 0.77577 0.1625 0.00139 0.00761
1 0.77925 0.1625 0.00139 0.00761
1 0.79318 0.16359 0.00139 0.00761
1 0.79997 0.17554 0.00174 0.01196
1 0.80989 0.16033 0.00139 0.00761
1 0.81337 0.1587 0.00139 0.0087
1 0.81946 0.17717 0.00244 0.01304
1 0.82155 0.17065 0.00174 0.01087
1 0.82242 0.16087 0.00139 0.0087
1 0.82399 0.16196 0.00174 0.0087
1 0.8468 0.15978 0.00139 0.0087
1 0.86455 0.1712 0.00209 0.01196
1 0.86943 0.16087 0.00139 0.0087
1 0.87134 0.16957 0.00174 0.01087
1 0.87517 0.18152 0.00313 0.01522
1 0.87587 0.16685 0.00174 0.01196
1 0.88109 0.17283 0.00244 0.01304
1 0.88458 0.15815 0.00174 0.00978
1 0.90616 0.16685 0.00244 0.01196
1 0.91922 0.15652 0.00139 0.0087
1 0.92322 0.15707 0.00174 0.00978
1 0.94342 0.16467 0.00174 0.01196
1 0.94586 0.16196 0.00174 0.01304
1 0.78534 0.16087 0.00104 0.00652
