7.0 0.3167170030324713 0.7188659024694302 0.05789473684210526 0.02280701754385965
2.0 0.42242378304902783 0.514891503048553 0.07543859649122807 0.02456140350877193
7.0 0.43562466161883384 0.09899463926162114 0.02280701754385965 0.008771929824561403
7.0 0.28684182383872675 0.6818035134112326 0.04035087719298246 0.015789473684210527
7.0 0.21832299258329296 0.7551564211139994 0.02982456140350877 0.008771929824561403
2.0 0.4085624585753974 0.19918472135794363 0.02280701754385965 0.008771929824561403
7.0 0.1847663465122617 0.8241413788058632 0.02456140350877193 0.010526315789473684
7.0 0.40237700406660043 0.1855110174505865 0.01929824561403509 0.007017543859649123
2.0 0.3493436619719756 0.5172669831453447 0.0456140350877193 0.015789473684210527
2.0 0.30460915664420113 0.5491142168391796 0.03333333333333333 0.010526315789473684
7.0 0.25253760728606844 0.704840772740166 0.031578947368421054 0.012280701754385965
2.0 0.22726081258599362 0.6903976318407341 0.02280701754385965 0.007017543859649123
2.0 0.43810235221076227 0.1188376231874046 0.02982456140350877 0.008771929824561403
9.0 0.3448593337635207 0.3334827920461067 0.03333333333333333 0.010526315789473684
2.0 0.26443967904937976 0.6158663846036194 0.028070175438596492 0.007017543859649123
2.0 0.6143267899114443 0.5502734156226146 0.16666666666666666 0.06140350877192982
2.0 0.375920387130113 0.27678889274271007 0.021052631578947368 0.007017543859649123
2.0 0.19787337175757394 0.7614691883979854 0.021052631578947368 0.007017543859649123
2.0 0.16656533544928664 0.8601967567881279 0.017543859649122806 0.007017543859649123
7.0 0.2725194319984624 0.5020060099464501 0.014035087719298246 0.0035087719298245615
2.0 0.279565983922179 0.4967263269267547 0.015789473684210527 0.005263157894736842
7.0 0.37696858455972443 0.25218418347182225 0.017543859649122806 0.005263157894736842
9.0 0.35152056059469866 0.30325948689137017 0.02982456140350877 0.008771929824561403
2.0 0.34544096582152406 0.34473989972619745 0.021052631578947368 0.008771929824561403
2.0 0.26766961910172965 0.5255104456342148 0.014035087719298246 0.005263157894736842
2.0 0.3093210145260889 0.4266410956517679 0.017543859649122806 0.007017543859649123
7.0 0.29245413428761136 0.4598647631586954 0.014035087719298246 0.005263157894736842
7.0 0.30945901168335965 0.4214633896145072 0.014035087719298246 0.005263157894736842
2.0 0.2933928587233019 0.4642334830508742 0.017543859649122806 0.007017543859649123
7.0 0.3234194381803854 0.38788285446115084 0.015789473684210527 0.005263157894736842
2.0 0.3277169464199982 0.38494440551397424 0.017543859649122806 0.007017543859649123
7.0 0.3519117172831357 0.3160678919672051 0.01929824561403509 0.005263157894736842
9.0 0.3349637635610508 0.354005659393125 0.031578947368421054 0.007017543859649123
7.0 0.2541235001045531 0.5437027000842437 0.012280701754385965 0.0035087719298245615
2.0 0.16527364368324232 0.7946525368706302 0.012280701754385965 0.0035087719298245615
2.0 0.1485699339900494 0.8505753207236136 0.014035087719298246 0.005263157894736842
2.0 0.2533416028292137 0.558104655505307 0.014035087719298246 0.0035087719298245615
7.0 0.14807433266605632 0.846577756456766 0.012280701754385965 0.005263157894736842
2.0 0.20042714961717048 0.692614269221948 0.012280701754385965 0.005263157894736842
2.0 0.17944454134690857 0.7513239384834433 0.012280701754385965 0.005263157894736842
2.0 0.21935203959578947 0.6426294574391631 0.010526315789473684 0.0035087719298245615
7.0 0.16840473279251061 0.7891997925043486 0.014035087719298246 0.005263157894736842
7.0 0.18710003015291013 0.7330509494020386 0.012280701754385965 0.005263157894736842
9.0 0.34363518772197915 0.3234047314503972 0.028070175438596492 0.008771929824561403
7.0 0.20642032652033598 0.6758657072517379 0.012280701754385965 0.0035087719298245615
7.0 0.2218859463113481 0.6300263564710922 0.012280701754385965 0.0035087719298245615
2.0 0.2357180698113725 0.6014708691302997 0.010526315789473684 0.0035087719298245615
7.0 0.23523167543815227 0.5894381127523368 0.010526315789473684 0.0035087719298245615
