7.0 0.5502055041843301 0.20376731456585995 0.01971830985915493 0.02535211267605634
7.0 0.49355678316657015 0.22732062205728393 0.016901408450704224 0.02112676056338028
7.0 0.6638122516919045 0.2637550445166086 0.059154929577464786 0.07183098591549296
7.0 0.66121055314996 0.19838466500048302 0.036619718309859155 0.04647887323943662
7.0 0.6083641275390557 0.19053822707281648 0.02535211267605634 0.030985915492957747
7.0 0.43182714980864345 0.2684880740362274 0.014084507042253521 0.016901408450704224
7.0 0.37464896047971813 0.3098909152122822 0.014084507042253521 0.016901408450704224
2.0 0.5981395989751579 0.16056240886058917 0.015492957746478873 0.02112676056338028
7.0 0.32501273899826005 0.3438406808079412 0.015492957746478873 0.018309859154929577
7.0 0.5501587229385405 0.4524588981662236 0.08450704225352113 0.10422535211267606
7.0 0.303468367802296 0.3361569301636444 0.008450704225352112 0.011267605633802818
2.0 0.3537554729790291 0.31641617691491686 0.01267605633802817 0.014084507042253521
2.0 0.2348756696949434 0.3956621937855079 0.009859154929577466 0.01267605633802817
7.0 0.28938173420574015 0.36645626425611627 0.014084507042253521 0.015492957746478873
7.0 0.21169146203607847 0.40798606398863385 0.005633802816901409 0.008450704225352112
2.0 0.4699946486042909 0.2370724400398581 0.009859154929577466 0.014084507042253521
7.0 0.17568961821819848 0.4459782302836161 0.009859154929577466 0.014084507042253521
7.0 0.13497909227450092 0.47722161353933507 0.009859154929577466 0.014084507042253521
2.0 0.3590286096728611 0.29773295253862864 0.008450704225352112 0.009859154929577466
7.0 0.2560914790026745 0.3851270381368815 0.011267605633802818 0.014084507042253521
2.0 0.27198187229030485 0.3640142918296297 0.008450704225352112 0.009859154929577466
2.0 0.40190339940533726 0.28205244626149806 0.011267605633802818 0.014084507042253521
2.0 0.20948535481933317 0.41278817741441803 0.007042253521126761 0.008450704225352112
2.0 0.5336015032645349 0.19463878630450365 0.01267605633802817 0.015492957746478873
2.0 0.18220487337553196 0.4354425927359227 0.009859154929577466 0.01267605633802817
2.0 0.3126249150345504 0.34321966562587164 0.011267605633802818 0.014084507042253521
2.0 0.2463398051579522 0.38414574999591283 0.009859154929577466 0.011267605633802818
7.0 0.10572811457101033 0.48796624081515355 0.007042253521126761 0.008450704225352112
7.0 0.2142330979951396 0.41714465940925954 0.008450704225352112 0.011267605633802818
2.0 0.12226088152440905 0.4805985354796756 0.009859154929577466 0.01267605633802817
7.0 0.2758263938184987 0.35668922124862396 0.005633802816901409 0.007042253521126761
2.0 0.296482062770611 0.34465303919033546 0.007042253521126761 0.008450704225352112
2.0 0.3291094464923567 0.32027963695420464 0.007042253521126761 0.009859154929577466
7.0 0.36804185251646493 0.2897658992656772 0.004225352112676056 0.005633802816901409
2.0 0.28603866158594515 0.3592560774368983 0.008450704225352112 0.011267605633802818
2.0 0.5014555043447968 0.19929884502146122 0.005633802816901409 0.007042253521126761
7.0 0.14193527999486413 0.45835127819686555 0.008450704225352112 0.009859154929577466
7.0 0.33840653578860896 0.3111730055459719 0.005633802816901409 0.008450704225352112
7.0 0.504994724124962 0.1969116111367627 0.004225352112676056 0.005633802816901409
2.0 0.5308009962082137 0.1790353493661179 0.004225352112676056 0.005633802816901409
2.0 0.38451802593119944 0.28007041272049904 0.007042253521126761 0.008450704225352112
2.0 0.6243095912432519 0.11785924818800407 0.007042253521126761 0.008450704225352112
2.0 0.12935479796832883 0.4720298416389227 0.007042253521126761 0.009859154929577466
7.0 0.5913953170214798 0.13911208519078197 0.004225352112676056 0.005633802816901409
2.0 0.40988728825812626 0.26201050792948277 0.005633802816901409 0.007042253521126761
7.0 0.18200259581693612 0.43132553242786265 0.007042253521126761 0.009859154929577466
7.0 0.24616052607016053 0.38095259994849817 0.007042253521126761 0.009859154929577466
2.0 0.46773726184457515 0.22204208676081907 0.005633802816901409 0.005633802816901409
2.0 0.4392202376023663 0.24127706248719089 0.004225352112676056 0.005633802816901409
2.0 0.5771368049003754 0.1487295730539679 0.005633802816901409 0.005633802816901409
7.0 0.5440047762364181 0.1696595758200416 0.0028169014084507044 0.004225352112676056
