8 0.20857 0.33098 0.01741 0.06848
8 0.10393 0.26576 0.01149 0.04674
8 0.35446 0.50543 0.0383 0.1413
8 0.15669 0.26902 0.01045 0.04674
1 0.14293 0.22663 0.00383 0.02283
1 0.87744 0.34076 0.00418 0.02283
1 0.31163 0.24239 0.00487 0.01957
1 0.22336 0.2413 0.00522 0.02609
1 0.39554 0.24239 0.00279 0.01739
1 0.1626 0.25326 0.00627 0.03478
1 0.26741 0.22935 0.00348 0.02174
1 0.41435 0.25163 0.00348 0.02065
1 0.51845 0.26685 0.00279 0.02065
1 0.52263 0.26033 0.00279 0.01848
1 0.62604 0.28696 0.00348 0.02174
1 0.65494 0.28696 0.00279 0.01957
1 0.72911 0.31359 0.00418 0.025
1 0.76758 0.31413 0.00383 0.02174
1 0.85689 0.34565 0.00418 0.02826
