7 0.15251 0.22989 0.00696 0.025
2 0.23311 0.49022 0.04004 0.13696
2 0.11978 0.24674 0.00905 0.03478
2 0.19847 0.24511 0.00696 0.03152
7 0.45421 0.25652 0.00522 0.02174
7 0.64276 0.28533 0.00487 0.02283
2 0.77159 0.3125 0.00627 0.02717
7 0.70961 0.29076 0.00487 0.02065
7 0.68315 0.28913 0.00487 0.02174
2 0.53099 0.28043 0.00627 0.02826
2 0.44168 0.26685 0.00592 0.02717
2 0.60498 0.29239 0.00662 0.02826
2 0.80937 0.31196 0.00522 0.02391
7 0.60028 0.27989 0.00557 0.02283
2 0.29857 0.25054 0.00592 0.02935
2 0.79439 0.28804 0.00383 0.01522
7 0.35916 0.24511 0.00383 0.02283
2 0.85272 0.29511 0.00279 0.01413
7 0.7211 0.28913 0.00418 0.01957
2 0.67775 0.30326 0.00731 0.02826
7 0.70491 0.27717 0.00383 0.01739
7 0.26253 0.23587 0.00627 0.02391
2 0.81563 0.30707 0.00453 0.02065
7 0.77246 0.27935 0.00313 0.01304
7 0.87622 0.29565 0.00313 0.01304
2 0.35568 0.25652 0.00662 0.02609
7 0.54614 0.2712 0.00522 0.02283
7 0.73172 0.275 0.00313 0.01304
2 0.93924 0.30978 0.00383 0.01522
2 0.89363 0.30217 0.00313 0.01522
2 0.78012 0.28804 0.00244 0.01522
2 0.80449 0.3 0.00383 0.01957
7 0.70804 0.27446 0.00313 0.01413
2 0.78221 0.2913 0.00313 0.01739
2 0.8179 0.29022 0.00209 0.01522
2 0.54213 0.7337 0.06616 0.22609
7 0.71866 0.28641 0.00279 0.01848
7 0.82033 0.28641 0.00209 0.01196
