2 0.29439 0.44891 0.01636 0.06957
7 0.09697 0.37826 0.0101 0.03913
2 0.23172 0.40489 0.01219 0.04891
2 0.88109 0.61848 0.04979 0.15435
7 0.20682 0.36359 0.00766 0.03152
7 0.17671 0.33533 0.00453 0.02065
7 0.21675 0.34239 0.00522 0.02391
7 0.05867 0.54837 0.01915 0.11413
7 0.17026 0.33098 0.00418 0.01848
7 0.24913 0.35054 0.00662 0.02717
7 0.05223 0.34457 0.00627 0.02391
7 0.08304 0.33641 0.00522 0.02065
2 0.34993 0.36141 0.00696 0.03152
2 0.28325 0.37663 0.0087 0.03804
2 0.37639 0.34946 0.00627 0.02717
2 0.06041 0.32663 0.00383 0.01848
2 0.29979 0.32554 0.00279 0.01413
7 0.15738 0.31848 0.00279 0.01304
2 0.29248 0.31739 0.00209 0.01087
2 0.27542 0.33587 0.00348 0.01957
7 0.24095 0.32337 0.00348 0.0163
2 0.09627 0.3212 0.00313 0.0163
7 0.10707 0.33098 0.00383 0.0163
2 0.25731 0.33098 0.00418 0.01848
2 0.10985 0.31902 0.00313 0.01413
2 0.30397 0.32283 0.00279 0.01304
7 0.19655 0.32717 0.00313 0.01739
2 0.20108 0.31467 0.00244 0.01196
7 0.13701 0.32337 0.00313 0.0163
2 0.27455 0.32663 0.00174 0.01413
7 0.12256 0.32663 0.00348 0.0163
7 0.14868 0.3212 0.00279 0.01413
7 0.25383 0.31957 0.00279 0.01304
2 0.22876 0.31413 0.00209 0.01087
2 0.33078 0.34293 0.00418 0.02283
2 0.29788 0.32011 0.00174 0.01196
7 0.26114 0.32174 0.00279 0.01304
7 0.05989 0.79402 0.02228 0.10761
2 0.08043 0.32391 0.00348 0.01957
2 0.25905 0.31576 0.00279 0.01196
2 0.27698 0.31685 0.00244 0.01196
2 0.51062 0.51196 0.02681 0.09565
