7 0.80519 0.22989 0.0087 0.03587
7 0.64032 0.4625 0.03482 0.13587
7 0.83461 0.27174 0.01323 0.05435
7 0.76619 0.225 0.00731 0.03261
7 0.52124 0.21685 0.00487 0.02283
7 0.67758 0.21902 0.00627 0.02717
7 0.58182 0.21902 0.00557 0.025
7 0.85515 0.25435 0.01184 0.04565
9 0.77942 0.30652 0.01845 0.12391
7 0.83983 0.24076 0.00766 0.04022
2 0.86542 0.21141 0.00801 0.02935
2 0.94725 0.21848 0.00801 0.03478
2 0.92792 0.18315 0.00627 0.02065
2 0.6539 0.19457 0.00487 0.01739
7 0.50679 0.21141 0.00383 0.02065
7 0.57155 0.19837 0.00383 0.0163
2 0.87204 0.18533 0.00592 0.01848
7 0.68524 0.18804 0.00418 0.01522
9 0.75905 0.31957 0.03134 0.13261
7 0.72006 0.22011 0.00696 0.02935
2 0.63353 0.20761 0.00592 0.02174
2 0.61804 0.19783 0.00418 0.01739
2 0.79561 0.20707 0.00696 0.02717
2 0.79596 0.18696 0.00418 0.01739
2 0.70282 0.19076 0.00453 0.0163
7 0.91417 0.1788 0.00453 0.01848
7 0.88109 0.18043 0.00453 0.01739
2 0.72441 0.20652 0.00522 0.02391
2 0.60306 0.20707 0.00487 0.02065
7 0.81215 0.18152 0.00453 0.01739
7 0.74739 0.18424 0.00313 0.0163
7 0.62726 0.19239 0.00383 0.01522
2 0.75139 0.18804 0.00487 0.01739
2 0.58931 0.20435 0.00522 0.01957
7 0.52733 0.20489 0.00383 0.0163
2 0.59784 0.20109 0.00487 0.01739
1 0.35811 0.20272 0.00174 0.00761
1 0.41208 0.19783 0.00174 0.0087
1 0.42549 0.20054 0.00139 0.00978
1 0.05292 0.23967 0.00209 0.00978
1 0.05832 0.23098 0.00174 0.00761
1 0.0672 0.25217 0.00209 0.01304
1 0.27716 0.21141 0.00209 0.00978
1 0.31476 0.20815 0.00139 0.00978
1 0.39189 0.20109 0.00174 0.01087
1 0.41939 0.19946 0.00174 0.00978
1 0.45891 0.19565 0.00139 0.0087
1 0.46901 0.19511 0.00139 0.00978
7 0.77263 0.33424 0.01184 0.07935
