7.0 0.32564794748528914 0.7063600875359757 0.06500691562932227 0.06500691562932227
7.0 0.35988507019642185 0.5662870039460862 0.030428769017980636 0.0318118948824343
2.0 0.5873806350724936 0.5001529842181724 0.07607192254495158 0.07745504840940526
7.0 0.5634477172528206 0.34456576132967204 0.022130013831258646 0.02074688796680498
2.0 0.2569720227542702 0.6480176312124121 0.022130013831258646 0.022130013831258646
7.0 0.35242865294468995 0.606122393724685 0.040110650069156296 0.04149377593360996
7.0 0.310019881487257 0.6032085812990509 0.024896265560165973 0.024896265560165973
7.0 0.6225735637827977 0.3142163423669019 0.027662517289073305 0.027662517289073305
2.0 0.48521170019017784 0.48646008763098 0.042876901798063624 0.04426002766251729
2.0 0.673026843205025 0.333982979938256 0.051175656984785614 0.051175656984785614
2.0 0.4785520406102791 0.41637910322892646 0.015214384508990318 0.013831258644536652
2.0 0.5059215878850284 0.41295544230351966 0.02351313969571231 0.02351313969571231
2.0 0.37310383657582 0.517677642402063 0.015214384508990318 0.016597510373443983
7.0 0.5118837451597422 0.37724077072118184 0.012448132780082987 0.012448132780082987
2.0 0.5608974642406053 0.3919690591735743 0.034578146611341634 0.034578146611341634
2.0 0.41203222024461805 0.479543486896576 0.015214384508990318 0.013831258644536652
2.0 0.2280397131177056 0.6695287214764105 0.019363762102351315 0.02074688796680498
2.0 0.31504924774722465 0.587650710906801 0.019363762102351315 0.02074688796680498
2.0 0.36435994131356514 0.5400319276518347 0.019363762102351315 0.019363762102351315
2.0 0.4094153835895655 0.49920012091174415 0.022130013831258646 0.022130013831258646
2.0 0.4454703358323728 0.4477941263979255 0.016597510373443983 0.016597510373443983
2.0 0.4479522735647288 0.48177310201116713 0.027662517289073305 0.027662517289073305
7.0 0.5400028713564611 0.3538273898784513 0.016597510373443983 0.016597510373443983
7.0 0.3780528274795174 0.5070113934336111 0.013831258644536652 0.015214384508990318
7.0 0.4704617067125771 0.4156369003310773 0.013831258644536652 0.015214384508990318
2.0 0.32831951045760693 0.5630616391563862 0.019363762102351315 0.017980636237897647
2.0 0.2823050667007159 0.6117796670293774 0.017980636237897647 0.017980636237897647
7.0 0.32839346688372306 0.5571031562597321 0.013831258644536652 0.015214384508990318
7.0 0.27714665323809745 0.610342417213406 0.013831258644536652 0.013831258644536652
2.0 0.48477569180795665 0.41732911729679584 0.017980636237897647 0.019363762102351315
