7 0.12047 0.53859 0.02716 0.10326
7 0.29265 0.42989 0.01219 0.05109
2 0.58861 0.58587 0.03238 0.12174
7 0.71692 0.40435 0.00836 0.03478
2 0.10794 0.41196 0.00836 0.03696
7 0.246 0.46304 0.01706 0.06522
7 0.20578 0.41848 0.00836 0.0413
7 0.80675 0.43152 0.01114 0.04348
2 0.49826 0.47174 0.01741 0.06957
2 0.83861 0.50109 0.02054 0.08043
2 0.56024 0.39402 0.00418 0.025
2 0.5914 0.41739 0.00801 0.03913
2 0.35376 0.39348 0.00557 0.02609
7 0.63249 0.38696 0.00453 0.02174
2 0.66783 0.45 0.01532 0.05652
2 0.43071 0.39293 0.00557 0.025
2 0.05745 0.40543 0.00766 0.03043
2 0.22615 0.40761 0.00592 0.03261
2 0.32295 0.40761 0.00801 0.03043
2 0.40877 0.41033 0.00836 0.03804
2 0.49582 0.39348 0.00627 0.02826
2 0.46501 0.43043 0.0087 0.04783
7 0.68402 0.39076 0.00592 0.02717
7 0.36925 0.3875 0.00453 0.02283
7 0.55275 0.38533 0.00522 0.02283
2 0.26375 0.39565 0.00801 0.02609
2 0.16922 0.4 0.00627 0.02826
7 0.26967 0.38967 0.00522 0.02283
7 0.16539 0.39348 0.00348 0.02174
2 0.56563 0.40109 0.00592 0.03261
