7 0.65703 0.34076 0.00836 0.03804
2 0.54283 0.39076 0.0195 0.06848
7 0.37013 0.33533 0.01532 0.05543
2 0.46988 0.45109 0.02403 0.10217
7 0.80815 0.36467 0.00905 0.03587
2 0.63684 0.37446 0.01602 0.05326
8 0.84662 0.34674 0.00731 0.02391
8 0.78256 0.3375 0.00731 0.02717
7 0.18402 0.38207 0.02611 0.09022
2 0.8649 0.3962 0.01253 0.04239
8 0.93628 0.37337 0.00836 0.02935
7 0.5188 0.32989 0.00975 0.04239
8 0.86508 0.36413 0.0087 0.03043
2 0.73973 0.37826 0.01358 0.04565
1 0.26724 0.2413 0.00453 0.01957
2 0.47806 0.6587 0.04805 0.1913
1 0.3421 0.25489 0.00453 0.02065
1 0.17009 0.25543 0.00801 0.03043
1 0.20769 0.22935 0.00383 0.01957
1 0.25174 0.25109 0.00696 0.02609
1 0.629 0.29674 0.00453 0.01957
1 0.33374 0.24674 0.00383 0.01739
1 0.1882 0.23587 0.00453 0.02174
1 0.44168 0.26413 0.00313 0.01957
1 0.10272 0.27283 0.01114 0.0413
1 0.7601 0.3212 0.00418 0.02065
1 0.71501 0.31739 0.00383 0.02174
1 0.28029 0.23641 0.00418 0.01848
1 0.21884 0.22554 0.00522 0.01848
1 0.41835 0.25598 0.00313 0.01848
1 0.08879 0.22065 0.00557 0.02391
1 0.12831 0.21467 0.00453 0.01848
1 0.52507 0.27174 0.00279 0.01739
1 0.53116 0.27772 0.00313 0.02065
1 0.65268 0.29674 0.00383 0.01957
