7.0 0.6626478952817818 0.6687902878090394 0.06557377049180328 0.040238450074515646
7.0 0.7943766279221237 0.697873925544613 0.01639344262295082 0.010432190760059613
7.0 0.7821400777241676 0.6955661559740967 0.022354694485842028 0.013412816691505217
7.0 0.764292001660443 0.6917360460446288 0.028315946348733235 0.01639344262295082
7.0 0.7335180196712204 0.6850286865417213 0.040238450074515646 0.02384500745156483
7.0 0.3961195277268876 0.6097547189110201 0.16840536512667661 0.10581222056631892
7.0 0.8098305876233747 0.7024301497385299 0.013412816691505217 0.007451564828614009
7.0 0.8035874142599803 0.7004547529222088 0.01788375558867362 0.010432190760059613
7.0 0.8147171959937356 0.7043928291871385 0.011922503725782414 0.007451564828614009
7.0 0.8191387003895108 0.7052597923368656 0.010432190760059613 0.007451564828614009
7.0 0.6939266218891766 0.4920054956713846 0.01788375558867362 0.011922503725782414
7.0 0.8226436158690535 0.7060764879571987 0.010432190760059613 0.005961251862891207
