7 0.93263 0.33913 0.03169 0.0913
7 0.75836 0.17826 0.00627 0.02609
7 0.68193 0.44076 0.03586 0.125
7 0.92444 0.22228 0.01184 0.04457
7 0.47772 0.18043 0.00557 0.02391
7 0.55919 0.17989 0.00557 0.025
7 0.65529 0.17717 0.00627 0.02609
2 0.93558 0.18261 0.00836 0.03043
7 0.84349 0.19457 0.00801 0.03261
2 0.83043 0.17011 0.00487 0.02283
7 0.09749 0.7625 0.03621 0.17065
2 0.29178 0.17065 0.00279 0.01304
7 0.17026 0.18641 0.00487 0.02065
7 0.10341 0.1913 0.00557 0.02174
2 0.52907 0.17174 0.00453 0.02174
2 0.11455 0.18152 0.00279 0.01522
2 0.33444 0.1712 0.00313 0.0163
2 0.46187 0.17011 0.00453 0.02065
2 0.72232 0.1712 0.00453 0.02065
2 0.49425 0.15815 0.00313 0.01196
2 0.39711 0.16304 0.00313 0.01522
2 0.58792 0.15598 0.00244 0.00761
7 0.23503 0.18261 0.00418 0.01957
2 0.43907 0.15978 0.00279 0.01304
7 0.12604 0.17772 0.00279 0.01413
7 0.36751 0.175 0.00453 0.02174
2 0.54561 0.15707 0.00279 0.00978
7 0.29735 0.1788 0.00487 0.01848
7 0.45282 0.15707 0.00244 0.00978
2 0.15268 0.18207 0.00383 0.01848
7 0.42026 0.17935 0.00487 0.02174
2 0.16313 0.17717 0.00244 0.01304
7 0.40616 0.15815 0.00244 0.01196
7 0.18454 0.17337 0.00279 0.01196
7 0.29666 0.16739 0.00209 0.01087
2 0.418 0.16848 0.00244 0.01739
2 0.2305 0.17174 0.00279 0.01304
2 0.24791 0.17663 0.00418 0.0163
2 0.60951 0.16848 0.00383 0.02174
2 0.35359 0.16685 0.00244 0.01413
2 0.0665 0.18696 0.00279 0.01304
7 0.51132 0.15598 0.00244 0.00761
7 0.07051 0.18207 0.00313 0.01413
