2.0 0.48106163332397206 0.5199806352272885 0.07866868381240545 0.048411497730711045
7.0 0.21475462962247224 0.3559914261793043 0.10741301059001512 0.060514372163388806
7.0 0.5211071827373481 0.36117148192174187 0.028744326777609682 0.01664145234493192
2.0 0.4203567785648898 0.3195400755817754 0.06202723146747353 0.03177004538577912
7.0 0.5703524469957115 0.48122476783141765 0.028744326777609682 0.015128593040847202
2.0 0.4860037574485935 0.3366631367747775 0.04236006051437216 0.025718608169440244
2.0 0.43233611205931294 0.19216385736505584 0.037821482602118005 0.02118003025718608
2.0 0.5074115675741002 0.7554214089921472 0.10892586989409984 0.06656580937972768
7.0 0.6735330612093722 0.7488522903404186 0.03328290468986384 0.019667170953101363
2.0 0.6427613841430794 0.7462194973599878 0.04236006051437216 0.02723146747352496
7.0 0.4722865573511593 0.2457259198966026 0.03177004538577912 0.01664145234493192
7.0 0.4407093947975332 0.16698771504493806 0.030257186081694403 0.01664145234493192
2.0 0.5907522978532858 0.595449949882296 0.04084720121028744 0.0226928895612708
2.0 0.539266662587419 0.4648484004732182 0.04236006051437216 0.024205748865355523
