7 0.21257 0.27446 0.00801 0.03587
2 0.40877 0.39891 0.01671 0.07609
2 0.33165 0.27772 0.00731 0.02935
2 0.22441 0.24783 0.00662 0.02391
9 0.38753 0.33098 0.01671 0.08804
2 0.36281 0.29185 0.00766 0.0337
7 0.2016 0.26413 0.00627 0.03261
2 0.28064 0.26196 0.00766 0.02609
7 0.17479 0.25435 0.00836 0.03043
7 0.19603 0.2837 0.01045 0.0413
9 0.13858 0.30054 0.02089 0.09239
2 0.77838 0.31902 0.00313 0.01196
2 0.73625 0.30326 0.00313 0.01087
7 0.79352 0.31793 0.00139 0.00978
9 0.15477 0.29348 0.01288 0.08696
2 0.36891 0.30652 0.0087 0.03913
7 0.37744 0.24457 0.00279 0.01304
2 0.23242 0.23043 0.00453 0.01522
7 0.06215 0.36522 0.02263 0.08478
7 0.18263 0.21848 0.00383 0.01522
7 0.3844 0.24402 0.00279 0.01196
7 0.77507 0.31087 0.00209 0.0087
7 0.89154 0.34185 0.00313 0.01413
7 0.83653 0.32989 0.00313 0.01196
2 0.81267 0.32717 0.00418 0.01304
2 0.5867 0.27446 0.00209 0.00978
2 0.50122 0.56902 0.03308 0.14239
2 0.43315 0.2538 0.00279 0.01196
2 0.59662 0.27554 0.00244 0.01196
2 0.55745 0.2712 0.00279 0.01196
2 0.68001 0.29076 0.00279 0.00978
7 0.78987 0.31522 0.00244 0.01087
2 0.06912 0.20598 0.00522 0.01848
2 0.7023 0.29565 0.00279 0.0087
7 0.13997 0.24457 0.00766 0.02826
7 0.29944 0.23641 0.00348 0.01413
2 0.36212 0.24783 0.00348 0.01522
2 0.42671 0.25326 0.00313 0.01304
2 0.74582 0.30815 0.00348 0.01196
7 0.56511 0.26957 0.00209 0.0087
2 0.27385 0.23587 0.00383 0.01522
2 0.41556 0.2538 0.00313 0.01196
2 0.61455 0.27826 0.00209 0.01087
7 0.54997 0.26793 0.00244 0.00978
7 0.54231 0.26685 0.00174 0.00978
2 0.12256 0.21359 0.00487 0.0163
2 0.85568 0.33696 0.00383 0.01522
7 0.49356 0.25924 0.00244 0.01196
7 0.11891 0.20924 0.00313 0.0163
7 0.2406 0.22772 0.00348 0.01413
2 0.4993 0.2625 0.00279 0.01196
7 0.34419 0.2413 0.00313 0.01304
7 0.39136 0.24348 0.00279 0.01087
2 0.44081 0.25217 0.00279 0.01087
7 0.72197 0.29783 0.00174 0.0087
7 0.68837 0.29185 0.00209 0.00978
2 0.16678 0.23424 0.00627 0.025
2 0.52507 0.2663 0.00279 0.01087
7 0.36542 0.24348 0.00313 0.01304
2 0.57573 0.27391 0.00244 0.01087
2 0.63492 0.28207 0.00244 0.00978
2 0.16661 0.21957 0.00453 0.01522
2 0.6579 0.28641 0.00174 0.00978
2 0.39467 0.25054 0.00313 0.01413
2 0.72476 0.30054 0.00244 0.00978
2 0.90634 0.34783 0.00418 0.01522
7 0.5289 0.26467 0.00209 0.00978
7 0.32695 0.23913 0.00348 0.01304
2 0.3219 0.24293 0.00383 0.0163
7 0.09453 0.23533 0.00731 0.02935
7 0.50992 0.26196 0.00244 0.01087
7 0.86281 0.33587 0.00279 0.01304
7 0.81703 0.32554 0.00244 0.01196
7 0.46588 0.25435 0.00209 0.01087
7 0.26567 0.23152 0.00348 0.01522
2 0.45665 0.25489 0.00244 0.01196
7 0.95038 0.3538 0.00174 0.01196
2 0.09784 0.22391 0.00487 0.02391
7 0.80084 0.3212 0.00279 0.01196
2 0.75104 0.3125 0.00279 0.00978
7 0.59227 0.27337 0.00209 0.00978
7 0.65407 0.28533 0.00174 0.00978
7 0.75192 0.30652 0.00174 0.0087
7 0.414 0.2462 0.00209 0.00978
7 0.1499 0.31304 0.00801 0.05435
9 0.3804 0.32228 0.0101 0.07935
2 0.38075 0.34293 0.00662 0.04891
2 0.43088 0.25163 0.00244 0.01196
7 0.43942 0.24946 0.00139 0.00978
7 0.62117 0.2788 0.00209 0.00978
2 0.74425 0.30652 0.00244 0.01087
7 0.79544 0.32011 0.00244 0.01196
