7 0.39328 0.62011 0.04213 0.14891
2 0.84871 0.48533 0.02194 0.075
7 0.60898 0.42011 0.01253 0.05326
7 0.61038 0.47989 0.02089 0.07935
2 0.23868 0.39022 0.01288 0.04783
7 0.332 0.45924 0.01915 0.075
7 0.44899 0.37826 0.00801 0.03696
7 0.38301 0.34674 0.00627 0.02609
2 0.76062 0.42663 0.01428 0.05109
2 0.7171 0.40163 0.0094 0.04022
2 0.27037 0.35924 0.0094 0.03587
2 0.90059 0.63207 0.0477 0.14457
2 0.68193 0.37989 0.00731 0.02935
2 0.62848 0.34565 0.00418 0.01739
7 0.38945 0.3587 0.00731 0.03043
7 0.58705 0.37446 0.00627 0.03152
2 0.59401 0.3288 0.00279 0.01196
2 0.65808 0.36413 0.00557 0.02609
7 0.49878 0.32391 0.00313 0.01304
2 0.62082 0.33967 0.00348 0.0163
7 0.56964 0.3375 0.00209 0.01413
7 0.57469 0.35 0.00522 0.02174
2 0.63945 0.35435 0.00522 0.02174
2 0.39937 0.33315 0.00487 0.02065
7 0.43471 0.41033 0.01219 0.05109
7 0.4852 0.32446 0.00313 0.01413
7 0.58252 0.35978 0.00487 0.02391
7 0.52751 0.32446 0.00279 0.01413
7 0.43106 0.34402 0.00487 0.02283
2 0.54822 0.32337 0.00244 0.01196
2 0.50418 0.32011 0.00279 0.01196
2 0.26549 0.34185 0.00522 0.02717
7 0.49338 0.34402 0.00487 0.02065
7 0.4899 0.32772 0.00418 0.0163
7 0.51253 0.34076 0.00348 0.01848
7 0.55223 0.32717 0.00279 0.01304
2 0.3414 0.33261 0.00592 0.02174
2 0.46414 0.31902 0.00279 0.01413
7 0.59523 0.39348 0.0087 0.03913
2 0.05902 0.41793 0.01985 0.0663
2 0.26445 0.33098 0.00453 0.02717
2 0.43541 0.33152 0.00383 0.01957
2 0.4375 0.32609 0.00313 0.01739
2 0.4335 0.32174 0.00279 0.01739
7 0.50679 0.3337 0.00383 0.01522
7 0.57295 0.34293 0.00313 0.01848
7 0.56737 0.3337 0.00244 0.01304
7 0.56529 0.32989 0.00244 0.01196
2 0.61542 0.33587 0.00313 0.01522
2 0.6102 0.33261 0.00313 0.01304
