2.0 0.3551065140310552 0.623836158124194 0.05930807248764415 0.026359143327841845
2.0 0.5062755137017578 0.5432175957479567 0.11037891268533773 0.04942339373970346
7.0 0.2566120514779957 0.7211958640599759 0.03130148270181219 0.013179571663920923
7.0 0.2839206320898304 0.5971411965028518 0.0214168039538715 0.008237232289950576
7.0 0.2976431461974185 0.5370039464909832 0.0214168039538715 0.006589785831960461
2.0 0.29800228631016734 0.5860265158878051 0.026359143327841845 0.011532125205930808
7.0 0.2550926152605143 0.7834785432593856 0.03459637561779242 0.014827018121911038
2.0 0.2937384047808353 0.6303066436327611 0.032948929159802305 0.013179571663920923
2.0 0.3158055390858678 0.51549453618926 0.02471169686985173 0.008237232289950576
2.0 0.3086779321820097 0.6438388021289049 0.04118616144975288 0.018121911037891267
7.0 0.45796143983499044 0.11349029856548654 0.019769357495881382 0.009884678747940691
7.0 0.3046197856911759 0.49975933522924243 0.018121911037891267 0.006589785831960461
7.0 0.1625966683737547 0.7864887549959598 0.013179571663920923 0.006589785831960461
2.0 0.37898651396955885 0.27115437683192917 0.013179571663920923 0.004942339373970346
2.0 0.4643328406776113 0.12100166574984639 0.023064250411861616 0.011532125205930808
2.0 0.3203630151559994 0.42788403051050805 0.014827018121911038 0.006589785831960461
7.0 0.2925203443335678 0.48832269817022883 0.014827018121911038 0.004942339373970346
7.0 0.37680223136180296 0.2637827761628835 0.011532125205930808 0.004942339373970346
7.0 0.4385183219632105 0.15425078554241853 0.014827018121911038 0.004942339373970346
7.0 0.2046401969094621 0.6790789135929489 0.013179571663920923 0.006589785831960461
2.0 0.23765775202901343 0.5987164324923645 0.011532125205930808 0.004942339373970346
2.0 0.3044552207335331 0.4476305950572498 0.013179571663920923 0.004942339373970346
2.0 0.2752257001627327 0.5101717747640363 0.009884678747940691 0.0032948929159802307
2.0 0.2527156690714251 0.5609388509802833 0.011532125205930808 0.0032948929159802307
2.0 0.3909154525367128 0.25251958470288843 0.014827018121911038 0.006589785831960461
2.0 0.2127646706691644 0.6540820090760567 0.009884678747940691 0.0032948929159802307
2.0 0.4207162638572214 0.20270719933233244 0.016474464579901153 0.006589785831960461
2.0 0.3300766632108119 0.42409346386350394 0.016474464579901153 0.006589785831960461
7.0 0.1894595194881557 0.7174340372798291 0.011532125205930808 0.004942339373970346
2.0 0.15150566528934037 0.8056034736595361 0.009884678747940691 0.006589785831960461
2.0 0.2910658639221005 0.47090477843622514 0.011532125205930808 0.004942339373970346
2.0 0.19353875923828384 0.7004334897694974 0.011532125205930808 0.004942339373970346
2.0 0.3286585507561432 0.45502587048780424 0.018121911037891267 0.008237232289950576
2.0 0.23466384825540812 0.5841188272226767 0.008237232289950576 0.0032948929159802307
7.0 0.3028320985369944 0.48390902996969315 0.014827018121911038 0.006589785831960461
7.0 0.2318388223379774 0.6239015776798479 0.013179571663920923 0.006589785831960461
7.0 0.2669294392659606 0.6660435011432156 0.023064250411861616 0.009884678747940691
9.0 0.413727378217876 0.1937193364309829 0.02471169686985173 0.008237232289950576
9.0 0.41849741645892413 0.1822724738609244 0.023064250411861616 0.009884678747940691
2.0 0.2237274767527345 0.631188876598792 0.009884678747940691 0.0032948929159802307
7.0 0.21906125889960554 0.6509103692134778 0.011532125205930808 0.0032948929159802307
2.0 0.2434123036946336 0.5606084227449699 0.006589785831960461 0.0032948929159802307
2.0 0.4429047669088485 0.16448776632737555 0.0214168039538715 0.008237232289950576
7.0 0.2464390185390818 0.5882774034195172 0.014827018121911038 0.006589785831960461
2.0 0.3617127473648184 0.3017088685199131 0.011532125205930808 0.004942339373970346
2.0 0.21155327222950537 0.6443646846512783 0.008237232289950576 0.0032948929159802307
2.0 0.36856718552966844 0.2871091147391052 0.014827018121911038 0.0032948929159802307
7.0 0.1628553173060034 0.767624065048414 0.009884678747940691 0.0032948929159802307
7.0 0.3908647617357437 0.24395442985116322 0.011532125205930808 0.004942339373970346
7.0 0.17669170557026515 0.7510504003568129 0.011532125205930808 0.0032948929159802307
2.0 0.30610191408386184 0.4045878271540072 0.009884678747940691 0.004942339373970346
7.0 0.20117094736613741 0.6645268677019935 0.008237232289950576 0.0032948929159802307
2.0 0.2723828710849122 0.48825054925344297 0.008237232289950576 0.0032948929159802307
7.0 0.4081126528095751 0.21129033657046278 0.014827018121911038 0.004942339373970346
7.0 0.42005377968319146 0.1904074363259527 0.013179571663920923 0.006589785831960461
2.0 0.35384666773565054 0.3144551515154117 0.011532125205930808 0.004942339373970346
2.0 0.22437027803038082 0.6127076586023644 0.009884678747940691 0.0032948929159802307
2.0 0.31905361376838015 0.37671921924097745 0.011532125205930808 0.0032948929159802307
7.0 0.27918517736993453 0.5069604050758142 0.013179571663920923 0.004942339373970346
2.0 0.25216075913385905 0.5370980182672631 0.009884678747940691 0.004942339373970346
7.0 0.1456441750069802 0.8111096718988061 0.006589785831960461 0.0032948929159802307
2.0 0.3450790884500289 0.329251890296445 0.009884678747940691 0.004942339373970346
2.0 0.20252948279761607 0.6691704337210344 0.009884678747940691 0.0032948929159802307
9.0 0.39438264411206597 0.23839849746405462 0.02471169686985173 0.009884678747940691
2.0 0.16042851177642659 0.7746191843762771 0.008237232289950576 0.0032948929159802307
7.0 0.26220017718059024 0.5471913303060874 0.013179571663920923 0.0032948929159802307
7.0 0.22567662374290615 0.6021802519460246 0.011532125205930808 0.0032948929159802307
9.0 0.400232200889678 0.22852633891410146 0.023064250411861616 0.008237232289950576
7.0 0.23644729345735124 0.5735376105851074 0.008237232289950576 0.0032948929159802307
7.0 0.2123024530739044 0.6364179628568414 0.009884678747940691 0.0032948929159802307
2.0 0.26222818724920743 0.5117638685076944 0.006589785831960461 0.0016474464579901153
2.0 0.40188369524223244 0.23398240821411123 0.014827018121911038 0.006589785831960461
2.0 0.1936776456276063 0.6953579776440612 0.008237232289950576 0.0032948929159802307
7.0 0.18976016996174133 0.6961809789743627 0.006589785831960461 0.0032948929159802307
2.0 0.33163660205164597 0.35281659848251834 0.009884678747940691 0.0032948929159802307
2.0 0.2924347844937843 0.4380130347838549 0.008237232289950576 0.0032948929159802307
2.0 0.17786729510311292 0.7344847137294211 0.009884678747940691 0.0032948929159802307
7.0 0.24803652000642565 0.5432752984882047 0.008237232289950576 0.0016474464579901153
2.0 0.2827952639848689 0.46133403753412405 0.009884678747940691 0.004942339373970346
7.0 0.28656910170574457 0.4523831632844452 0.008237232289950576 0.0032948929159802307
7.0 0.3143765226713522 0.38772879987868825 0.009884678747940691 0.004942339373970346
7.0 0.3254383975871747 0.35990691240123696 0.009884678747940691 0.004942339373970346
7.0 0.3503135992168974 0.30904755637067904 0.008237232289950576 0.004942339373970346
7.0 0.36395785111203427 0.28672438279542534 0.009884678747940691 0.0032948929159802307
