2.0 0.5650496974724697 0.49121918438577467 0.08022130013831259 0.08160442600276625
7.0 0.2913723431275851 0.57520269247203 0.04564315352697095 0.04564315352697095
7.0 0.34473056909565075 0.4744523094159917 0.027662517289073305 0.029045643153526972
7.0 0.5764547901928833 0.24639643419351176 0.015214384508990318 0.016597510373443983
2.0 0.4784658200718092 0.38114982598695 0.029045643153526972 0.030428769017980636
2.0 0.5184149189641297 0.3238470220315783 0.02351313969571231 0.02351313969571231
2.0 0.5673669522690767 0.2749699250168501 0.022130013831258646 0.022130013831258646
7.0 0.432712876775728 0.3557809110077432 0.019363762102351315 0.019363762102351315
2.0 0.6426965017226484 0.21666703623169165 0.019363762102351315 0.019363762102351315
7.0 0.3899988321631301 0.4088035124289954 0.022130013831258646 0.022130013831258646
2.0 0.47015888704490005 0.43786307337266167 0.04426002766251729 0.04426002766251729
7.0 0.6128310502179871 0.21876002017209342 0.016597510373443983 0.016597510373443983
7.0 0.5059997001838344 0.2994506598346965 0.016597510373443983 0.016597510373443983
