7 0.47597 0.5087 0.02925 0.09783
7 0.26671 0.71304 0.04805 0.20217
7 0.69063 0.39783 0.01149 0.04348
2 0.91661 0.60326 0.04422 0.13696
2 0.88301 0.46793 0.0195 0.07283
7 0.74896 0.3788 0.00836 0.0337
7 0.61577 0.44022 0.01636 0.06522
2 0.73764 0.34239 0.00383 0.01739
2 0.82782 0.3625 0.00592 0.025
2 0.85324 0.33696 0.00313 0.01304
2 0.88144 0.41087 0.01219 0.04565
7 0.77368 0.36848 0.00766 0.02826
2 0.89154 0.38804 0.0094 0.03696
7 0.92079 0.34022 0.00313 0.01522
7 0.83217 0.32935 0.00279 0.01304
2 0.84157 0.3337 0.00279 0.01304
2 0.72928 0.33587 0.00383 0.01522
7 0.90425 0.35054 0.00348 0.01848
2 0.82155 0.34185 0.00313 0.0163
7 0.8945 0.34511 0.00348 0.01848
7 0.69864 0.32554 0.00244 0.01196
2 0.7507 0.33424 0.00279 0.01413
7 0.66278 0.33152 0.00383 0.01522
2 0.75052 0.32554 0.00244 0.01196
2 0.81389 0.33098 0.00244 0.01196
2 0.76811 0.33261 0.00279 0.01304
2 0.76689 0.34946 0.00522 0.02283
7 0.9093 0.34293 0.00383 0.0163
2 0.73085 0.32609 0.00209 0.01087
2 0.70804 0.32283 0.00174 0.0087
2 0.83792 0.33804 0.00313 0.01522
2 0.74077 0.32337 0.00244 0.00978
2 0.82434 0.3462 0.00383 0.01848
7 0.71762 0.32826 0.00279 0.01304
7 0.65512 0.33696 0.00453 0.01739
2 0.86247 0.35435 0.00418 0.01957
7 0.71448 0.35489 0.00627 0.025
7 0.81842 0.32446 0.00244 0.00978
7 0.80118 0.32717 0.00279 0.01304
2 0.77681 0.32283 0.00209 0.0087
2 0.78221 0.3288 0.00244 0.01196
2 0.75749 0.32283 0.00244 0.0087
7 0.35132 0.36359 0.00975 0.04239
7 0.44307 0.34457 0.00592 0.02826
2 0.44777 0.34293 0.00487 0.02935
7 0.67705 0.34511 0.00522 0.02065
7 0.70595 0.3288 0.00313 0.01413
2 0.71065 0.32337 0.00209 0.00978
2 0.77019 0.33098 0.00279 0.01413
7 0.77977 0.32554 0.00244 0.01196
2 0.89572 0.37609 0.00522 0.03043
2 0.93524 0.36576 0.00627 0.02283
