7 0.43263 0.45109 0.01706 0.07174
7 0.43611 0.5788 0.03447 0.13152
2 0.51636 0.38315 0.00905 0.03587
7 0.15808 0.36576 0.00975 0.03587
7 0.22876 0.39185 0.01114 0.04891
2 0.62239 0.44783 0.01915 0.06522
7 0.18733 0.44783 0.02089 0.07391
7 0.40651 0.37989 0.0087 0.03587
2 0.48764 0.36359 0.00662 0.02935
2 0.46623 0.35163 0.00557 0.02283
7 0.31215 0.31739 0.00313 0.01522
2 0.56198 0.4125 0.01114 0.04891
7 0.22267 0.34457 0.00662 0.02609
2 0.76584 0.54457 0.03169 0.10435
7 0.15547 0.34837 0.00522 0.03152
2 0.44533 0.33478 0.00348 0.01739
7 0.30084 0.34185 0.00557 0.025
7 0.29614 0.31848 0.00313 0.01522
2 0.31999 0.31413 0.00279 0.01304
2 0.1868 0.33098 0.00592 0.025
7 0.40198 0.36033 0.00522 0.02717
2 0.45352 0.34239 0.00453 0.01957
2 0.36717 0.31739 0.00313 0.01304
7 0.32469 0.3375 0.00453 0.02065
7 0.38771 0.3288 0.00244 0.01413
7 0.39415 0.34946 0.00557 0.02283
2 0.10742 0.33098 0.00801 0.02935
2 0.43976 0.33098 0.00279 0.0163
2 0.41678 0.32228 0.00279 0.01196
7 0.39015 0.3337 0.00313 0.01522
2 0.43402 0.32717 0.00383 0.01522
7 0.31912 0.3288 0.00383 0.01848
7 0.30118 0.32283 0.00418 0.01522
7 0.41678 0.40707 0.01184 0.04891
2 0.27368 0.3125 0.00348 0.01413
2 0.23398 0.3288 0.00487 0.02065
2 0.23834 0.32228 0.00383 0.01848
2 0.23503 0.31848 0.00348 0.01957
2 0.23659 0.31196 0.00313 0.01739
7 0.34436 0.31848 0.00348 0.01522
7 0.37152 0.3212 0.00279 0.01413
7 0.39398 0.34076 0.00522 0.02065
7 0.38597 0.325 0.00244 0.01522
