7.0 0.44585566793748077 0.4928710633384642 0.04067321178120617 0.033660589060308554
8.0 0.5018911440746602 0.5070826802855029 0.03506311360448808 0.03225806451612903
7.0 0.5093953102462666 0.5156088169233369 0.033660589060308554 0.029453015427769985
7.0 0.5294914579636577 0.522374817881365 0.02244039270687237 0.019635343618513323
7.0 0.542590505196673 0.5330321178127996 0.016830294530154277 0.014025245441795231
7.0 0.5472227870630723 0.5381954327532552 0.014025245441795231 0.012622720897615708
7.0 0.5514711225340884 0.5405944529683566 0.012622720897615708 0.011220196353436185
2.0 0.6196920687670735 0.679714202284008 0.04067321178120617 0.0364656381486676
2.0 0.6033788538619425 0.6410550145531528 0.028050490883590462 0.025245441795231416
2.0 0.6456292991125587 0.6992039803993798 0.028050490883590462 0.023842917251051893
2.0 0.6468902767166455 0.6885729181417708 0.019635343618513323 0.0182328190743338
2.0 0.6352386274337593 0.6668121376496464 0.015427769985974754 0.014025245441795231
2.0 0.6246403872740525 0.660452494942059 0.02244039270687237 0.019635343618513323
2.0 0.6187623936684921 0.6403645793299005 0.014025245441795231 0.012622720897615708
2.0 0.6019989057059509 0.6295818969064388 0.021037868162692847 0.0182328190743338
2.0 0.58883542719981 0.5998153651422217 0.015427769985974754 0.012622720897615708
2.0 0.5810756687797115 0.5850775695637979 0.015427769985974754 0.014025245441795231
7.0 0.6351231538720371 0.6571448768743143 0.011220196353436185 0.009817671809256662
7.0 0.658835062466745 0.6946647039278575 0.012622720897615708 0.009817671809256662
7.0 0.6651937360176715 0.706675408356242 0.014025245441795231 0.011220196353436185
8.0 0.6731680568990427 0.7202548421505015 0.0182328190743338 0.015427769985974754
2.0 0.5624591913591177 0.5497142715915451 0.004207573632538569 0.004207573632538569
2.0 0.5741741602047036 0.565706326848717 0.008415147265077139 0.0070126227208976155
8.0 0.5916739089394184 0.5914372122713852 0.009817671809256662 0.009817671809256662
2.0 0.5971638188313374 0.6043981169342356 0.011220196353436185 0.009817671809256662
2.0 0.608668344025404 0.6215544162455112 0.009817671809256662 0.008415147265077139
7.0 0.6177054761334456 0.6293402776587637 0.0070126227208976155 0.005610098176718092
