7 0.54205 0.71081 0.08955 0.17162
7 0.77023 0.49527 0.04409 0.06757
7 0.74977 0.4277 0.02409 0.04054
7 0.70932 0.40068 0.01591 0.02703
7 0.66659 0.38784 0.01318 0.02297
7 0.57864 0.38041 0.00909 0.02027
7 0.46909 0.37162 0.01 0.02027
7 0.37227 0.36588 0.01091 0.01824
7 0.28886 0.35845 0.01045 0.01689
7 0.27591 0.3527 0.00909 0.01486
7 0.28409 0.34865 0.00727 0.01216
7 0.31795 0.3473 0.00682 0.01216
7 0.37205 0.3473 0.00591 0.00946
2 0.92477 0.40845 0.02227 0.0277
2 0.79773 0.39088 0.01182 0.02095
2 0.6975 0.37872 0.01045 0.01824
2 0.61705 0.37264 0.00864 0.01689
2 0.52477 0.36622 0.00682 0.01486
2 0.43909 0.36115 0.00818 0.01419
2 0.47432 0.35101 0.00409 0.00878
7 0.39591 0.34459 0.00455 0.00811
7 0.38432 0.34223 0.00318 0.00743
2 0.46159 0.34831 0.00409 0.00878
2 0.48 0.35034 0.00364 0.00743
2 0.44318 0.34561 0.00364 0.00743
2 0.915 0.37264 0.00455 0.00878
7 0.87568 0.36959 0.00409 0.00676
2 0.84182 0.36858 0.00455 0.00878
2 0.75364 0.36385 0.00545 0.00878
2 0.66386 0.35878 0.00409 0.00811
7 0.79818 0.36554 0.00545 0.00811
7 0.72318 0.36081 0.00364 0.00811
7 0.65818 0.35709 0.00273 0.00608
7 0.38705 0.34155 0.00227 0.00608
7 0.40182 0.34122 0.00273 0.00541
7 0.43386 0.34223 0.00227 0.00608
2 0.46818 0.34426 0.00182 0.00608
2 0.49955 0.34527 0.00182 0.00541
