2.0 0.4592994720768149 0.48470712442034264 0.116991643454039 0.12674094707520892
7.0 0.7341946709545676 0.3821481679355807 0.011142061281337047 0.011142061281337047
7.0 0.7725600999356379 0.409371549173595 0.011142061281337047 0.012534818941504178
7.0 0.7296493332646753 0.37400898287595447 0.008356545961002786 0.009749303621169917
7.0 0.7684481598232562 0.4009556212979691 0.008356545961002786 0.009749303621169917
7.0 0.7464847888201315 0.3856329562988271 0.008356545961002786 0.008356545961002786
2.0 0.7097992694707672 0.37072597222853676 0.011142061281337047 0.013927576601671309
2.0 0.7604036148459771 0.4059821169110114 0.013927576601671309 0.01532033426183844
2.0 0.6551543049297113 0.32589702000585147 0.008356545961002786 0.011142061281337047
2.0 0.8259885596529769 0.4504990866832736 0.01532033426183844 0.016713091922005572
2.0 0.6970668193202518 0.3506883599215109 0.009749303621169917 0.009749303621169917
7.0 0.8265310867052378 0.44664265227323763 0.009749303621169917 0.011142061281337047
2.0 0.7332488151525903 0.37651353128091813 0.009749303621169917 0.011142061281337047
7.0 0.7235488702509634 0.37260910590183743 0.008356545961002786 0.011142061281337047
7.0 0.722926059949171 0.3699778370328373 0.008356545961002786 0.009749303621169917
2.0 0.3926173796832153 0.137286555761458 0.011142061281337047 0.011142061281337047
7.0 0.39696105299824946 0.140680205288735 0.009749303621169917 0.011142061281337047
7.0 0.4008769479768016 0.14435498786425904 0.013927576601671309 0.013927576601671309
2.0 0.40941603987897607 0.15316208449663682 0.012534818941504178 0.01532033426183844
7.0 0.42194685965639406 0.15897960593605684 0.011142061281337047 0.012534818941504178
2.0 0.441855918336534 0.1785068952611518 0.012534818941504178 0.012534818941504178
7.0 0.4460135623972203 0.17686859896044754 0.005571030640668524 0.005571030640668524
7.0 0.4537661699894601 0.18353190068770234 0.012534818941504178 0.012534818941504178
7.0 0.45604217204006053 0.18378078235743822 0.008356545961002786 0.009749303621169917
2.0 0.45759185996135243 0.18469290546535944 0.008356545961002786 0.008356545961002786
2.0 0.47551233561956985 0.19807856540341676 0.008356545961002786 0.009749303621169917
7.0 0.4738947102216762 0.1961993878170988 0.006963788300835654 0.006963788300835654
7.0 0.48172650017878044 0.20354895296814685 0.009749303621169917 0.011142061281337047
2.0 0.48695023987413705 0.2097658125745306 0.009749303621169917 0.009749303621169917
7.0 0.49466608610844215 0.21120611427883496 0.006963788300835654 0.008356545961002786
7.0 0.5103095465475398 0.22251414916430176 0.008356545961002786 0.011142061281337047
2.0 0.5132684349582053 0.22451821109305636 0.009749303621169917 0.011142061281337047
7.0 0.519583955289985 0.22853846044776013 0.006963788300835654 0.008356545961002786
7.0 0.5270157595593403 0.23403714724548305 0.006963788300835654 0.008356545961002786
2.0 0.5299568647945488 0.23817199156702876 0.011142061281337047 0.011142061281337047
2.0 0.5385205004058423 0.24089000903975077 0.005571030640668524 0.005571030640668524
2.0 0.5407808673359327 0.2414253010051186 0.005571030640668524 0.005571030640668524
7.0 0.5497367149327939 0.24812375021517577 0.005571030640668524 0.005571030640668524
2.0 0.5702339706117385 0.2632149362891613 0.009749303621169917 0.009749303621169917
2.0 0.5731928590224041 0.2652189982179159 0.008356545961002786 0.008356545961002786
2.0 0.5774229249142928 0.2682252621078697 0.008356545961002786 0.008356545961002786
7.0 0.5819771711927941 0.27056177830347206 0.005571030640668524 0.005571030640668524
2.0 0.6094105153280104 0.2904657297450308 0.006963788300835654 0.006963788300835654
7.0 0.6178171093407095 0.29550435479673204 0.004178272980501393 0.005571030640668524
2.0 0.636583132198615 0.3083289776470764 0.006963788300835654 0.008356545961002786
7.0 0.6490192286130118 0.31742977091162483 0.004178272980501393 0.005571030640668524
2.0 0.665122750798131 0.3297125955404353 0.009749303621169917 0.009749303621169917
2.0 0.6708946027850163 0.3415519663042872 0.012534818941504178 0.013927576601671309
2.0 0.6748862429441123 0.3345896946389413 0.005571030640668524 0.005571030640668524
2.0 0.6793178790885057 0.33865836910795455 0.009749303621169917 0.009749303621169917
7.0 0.6817866709271161 0.3399808998388069 0.005571030640668524 0.006963788300835654
2.0 0.7158340711869384 0.3635229922451311 0.005571030640668524 0.005571030640668524
7.0 0.7190514446849152 0.3657290048572684 0.005571030640668524 0.006963788300835654
7.0 0.7567818994297647 0.39245628985132097 0.006963788300835654 0.006963788300835654
2.0 0.760614221811205 0.3954504282440802 0.008356545961002786 0.009749303621169917
7.0 0.7910421148303545 0.4167800017821012 0.006963788300835654 0.006963788300835654
7.0 0.7971091595480988 0.42059707144464126 0.008356545961002786 0.009749303621169917
2.0 0.7944287815775021 0.4185029306626088 0.006963788300835654 0.006963788300835654
2.0 0.8011063849464626 0.4231137453467994 0.009749303621169917 0.009749303621169917
7.0 0.8259250464103832 0.44005185762859167 0.006963788300835654 0.008356545961002786
2.0 0.828960875008613 0.44090343012500904 0.005571030640668524 0.006963788300835654
2.0 0.8367335079536105 0.4472747023156034 0.008356545961002786 0.008356545961002786
2.0 0.8506914055182125 0.4557365051363554 0.008356545961002786 0.009749303621169917
7.0 0.8533717834888093 0.45783064591838796 0.009749303621169917 0.009749303621169917
7.0 0.8579282719446111 0.46200591497012095 0.009749303621169917 0.009749303621169917
2.0 0.8568576579535792 0.45994780868602836 0.008356545961002786 0.008356545961002786
2.0 0.8674589235970671 0.4663934240808313 0.009749303621169917 0.011142061281337047
7.0 0.8813498968535869 0.4757169158060413 0.011142061281337047 0.011142061281337047
7.0 0.8848591397330814 0.4851822417483947 0.013927576601671309 0.01532033426183844
7.0 0.888483165330116 0.48159771099370263 0.012534818941504178 0.012534818941504178
7.0 0.9009470607994513 0.4882769213375806 0.008356545961002786 0.009749303621169917
2.0 0.8944644553940405 0.4960530639058937 0.012534818941504178 0.013927576601671309
