2.0 0.7627655752373743 0.4226717493234214 0.07042253521126761 0.07323943661971831
2.0 0.5966299422160362 0.4556896476345873 0.02676056338028169 0.030985915492957747
2.0 0.5667069608890914 0.4479512164491378 0.015492957746478873 0.018309859154929577
2.0 0.5654674704231193 0.4373315226552911 0.011267605633802818 0.014084507042253521
2.0 0.56613769231563 0.4292335934737412 0.01267605633802817 0.014084507042253521
2.0 0.5540367819658273 0.43210715743246253 0.008450704225352112 0.009859154929577466
2.0 0.5384085122796277 0.4403000011266218 0.009859154929577466 0.011267605633802818
2.0 0.5025384403571166 0.4641989258839151 0.009859154929577466 0.011267605633802818
2.0 0.42850145141026147 0.5244276658636984 0.008450704225352112 0.008450704225352112
2.0 0.3820444713440785 0.5648704779421148 0.009859154929577466 0.011267605633802818
7.0 0.39726616083859567 0.558421898960562 0.011267605633802818 0.01267605633802817
7.0 0.4261951869890003 0.530680375483315 0.009859154929577466 0.011267605633802818
7.0 0.335467936345231 0.6168583698709511 0.014084507042253521 0.015492957746478873
2.0 0.26346450143187894 0.6721839260062209 0.014084507042253521 0.015492957746478873
7.0 0.4192756233532505 0.6517143457521747 0.05211267605633803 0.056338028169014086
7.0 0.4364525685825686 0.5793007155029235 0.029577464788732393 0.0323943661971831
7.0 0.4547549325547661 0.5322839505016485 0.015492957746478873 0.018309859154929577
7.0 0.4737607373469415 0.5062341671050461 0.014084507042253521 0.015492957746478873
7.0 0.4888369375432997 0.4898980041350584 0.011267605633802818 0.011267605633802818
7.0 0.4939905212666129 0.48054177637927414 0.009859154929577466 0.011267605633802818
7.0 0.456762201590276 0.5047740606665405 0.008450704225352112 0.009859154929577466
7.0 0.48407203366305146 0.4845875791751888 0.011267605633802818 0.01267605633802817
2.0 0.46938880005211353 0.4903772208231326 0.008450704225352112 0.009859154929577466
2.0 0.3426532245597398 0.5996688583420348 0.01267605633802817 0.01267605633802817
2.0 0.24686218433293602 0.6678035667812484 0.008450704225352112 0.008450704225352112
2.0 0.2843582263896782 0.6357535410217895 0.007042253521126761 0.007042253521126761
2.0 0.32429904004646004 0.6023502402505604 0.005633802816901409 0.007042253521126761
2.0 0.35445319360167044 0.5755481250692831 0.004225352112676056 0.005633802816901409
2.0 0.4704706865234732 0.48406313179598576 0.004225352112676056 0.005633802816901409
2.0 0.4957411307206749 0.46437370039369835 0.005633802816901409 0.005633802816901409
2.0 0.5265774762951295 0.44093002110854873 0.005633802816901409 0.005633802816901409
2.0 0.5628545754216353 0.41352076296030904 0.007042253521126761 0.007042253521126761
2.0 0.5904378673370734 0.39286278458229357 0.005633802816901409 0.007042253521126761
2.0 0.605240463121049 0.38140828474408894 0.004225352112676056 0.004225352112676056
7.0 0.5677434173567171 0.4084661286332892 0.005633802816901409 0.005633802816901409
7.0 0.5495395040861708 0.42191910183048 0.005633802816901409 0.007042253521126761
7.0 0.5040265081977532 0.45643658540746196 0.004225352112676056 0.004225352112676056
7.0 0.4869102670507302 0.469451658747995 0.004225352112676056 0.005633802816901409
7.0 0.33638195366783175 0.589494399118871 0.005633802816901409 0.007042253521126761
7.0 0.30527568553816586 0.6166516777958548 0.005633802816901409 0.005633802816901409
7.0 0.2664225440049076 0.6496170787104262 0.005633802816901409 0.007042253521126761
2.0 0.7139268760875918 0.2945811214444937 0.004225352112676056 0.004225352112676056
2.0 0.7023769351402273 0.30354593363886445 0.005633802816901409 0.007042253521126761
2.0 0.6916456377857997 0.31225430801173176 0.005633802816901409 0.005633802816901409
2.0 0.6688196145561389 0.32941642225050927 0.005633802816901409 0.005633802816901409
2.0 0.6036088037144675 0.38074308574568605 0.004225352112676056 0.004225352112676056
2.0 0.5976304401135546 0.38330552000074525 0.005633802816901409 0.007042253521126761
2.0 0.5932837359192236 0.3865331532542073 0.007042253521126761 0.007042253521126761
2.0 0.3795817512055144 0.5547714203658775 0.004225352112676056 0.004225352112676056
2.0 0.39520228931742934 0.54071239840269 0.0028169014084507044 0.004225352112676056
2.0 0.4079726239149319 0.5303329317890189 0.004225352112676056 0.004225352112676056
2.0 0.4206047055863414 0.5191681835493205 0.0028169014084507044 0.005633802816901409
2.0 0.43487407444362436 0.5074905596666154 0.0028169014084507044 0.004225352112676056
2.0 0.4458751497835431 0.4994787521470331 0.004225352112676056 0.005633802816901409
2.0 0.45444176686747517 0.49546626312812125 0.004225352112676056 0.004225352112676056
2.0 0.45307908780157374 0.4960896575096036 0.004225352112676056 0.004225352112676056
2.0 0.45552430641392566 0.4929703138194934 0.005633802816901409 0.005633802816901409
7.0 0.6814576746393392 0.31824764152114077 0.004225352112676056 0.004225352112676056
7.0 0.6392029131769181 0.35056741822791887 0.004225352112676056 0.004225352112676056
7.0 0.6144761538201822 0.36871585091848774 0.005633802816901409 0.005633802816901409
7.0 0.5825513384773928 0.39318945658689536 0.004225352112676056 0.004225352112676056
7.0 0.5716825376517763 0.401990578222175 0.004225352112676056 0.004225352112676056
7.0 0.5693699923761323 0.40560322276468236 0.005633802816901409 0.007042253521126761
7.0 0.5674696550714626 0.4062935279531736 0.004225352112676056 0.005633802816901409
7.0 0.47998049014035943 0.47471734080223976 0.004225352112676056 0.004225352112676056
7.0 0.4779426493645011 0.4755003932531433 0.004225352112676056 0.004225352112676056
7.0 0.4764424668274108 0.476216534897038 0.004225352112676056 0.004225352112676056
7.0 0.4744042272291469 0.47729560061124154 0.0028169014084507044 0.0028169014084507044
7.0 0.47019387822869485 0.47984847097715194 0.0028169014084507044 0.004225352112676056
7.0 0.4590568465173025 0.48823902812098574 0.004225352112676056 0.005633802816901409
7.0 0.44791303874930827 0.4972256442810899 0.0028169014084507044 0.004225352112676056
7.0 0.4370446367460972 0.5057307526530693 0.0028169014084507044 0.0028169014084507044
7.0 0.4218347113155349 0.5180514883154409 0.0028169014084507044 0.0028169014084507044
7.0 0.4056638086863658 0.5313074571765377 0.0028169014084507044 0.004225352112676056
7.0 0.3930321258373619 0.542176192152936 0.004225352112676056 0.004225352112676056
7.0 0.37795487374350734 0.5549902286677049 0.0028169014084507044 0.004225352112676056
7.0 0.3601566466400189 0.5702310745089689 0.004225352112676056 0.004225352112676056
7.0 0.7082171421948604 0.2972581069276985 0.004225352112676056 0.004225352112676056
