2 0.77159 0.49561 0.07955 0.16554
2 0.83795 0.13209 0.01318 0.0223
7 0.74114 0.1375 0.00955 0.01689
7 0.59182 0.15135 0.00818 0.01757
7 0.44909 0.16385 0.00818 0.01689
2 0.46295 0.16926 0.00773 0.01959
2 0.66409 0.14932 0.00818 0.02027
2 0.14364 0.18986 0.00727 0.01486
2 0.21591 0.1875 0.00545 0.01284
2 0.25909 0.18649 0.00727 0.01622
2 0.35114 0.18209 0.00591 0.01554
7 0.36795 0.17061 0.00409 0.01554
7 0.31318 0.17264 0.00455 0.01689
7 0.17909 0.18142 0.00545 0.01284
7 0.88227 0.1223 0.00818 0.01622
7 0.06955 0.1902 0.00818 0.01149
2 0.07341 0.59459 0.01955 0.02432
