2 0.24432 0.54122 0.09591 0.15676
2 0.34568 0.3152 0.03864 0.06824
2 0.43705 0.24392 0.02591 0.04595
2 0.58159 0.20777 0.01864 0.03311
2 0.69159 0.18277 0.01409 0.0277
2 0.72909 0.17027 0.01273 0.02432
2 0.70795 0.16081 0.01045 0.02027
2 0.64818 0.15912 0.00818 0.01689
2 0.58841 0.16014 0.00773 0.01486
7 0.27318 0.23919 0.02364 0.03378
7 0.39886 0.21216 0.01773 0.03108
7 0.48455 0.19493 0.01636 0.02635
7 0.54841 0.18176 0.01136 0.02297
7 0.56818 0.17432 0.01091 0.02027
7 0.50455 0.17027 0.00818 0.01622
7 0.07682 0.28277 0.02636 0.04797
2 0.52636 0.16453 0.00727 0.01284
2 0.72114 0.14392 0.00682 0.01351
2 0.73705 0.14223 0.005 0.01284
2 0.75227 0.14223 0.00727 0.01419
2 0.76727 0.13818 0.00636 0.01284
7 0.5475 0.17027 0.00864 0.01757
7 0.45591 0.17331 0.00727 0.01284
7 0.41227 0.17736 0.00727 0.01284
2 0.39068 0.17703 0.00591 0.01216
2 0.45977 0.17095 0.005 0.01351
9 0.61523 0.14628 0.00318 0.01014
7 0.63636 0.14628 0.00273 0.00608
2 0.69023 0.14122 0.00318 0.00676
2 0.66091 0.14426 0.00273 0.00743
2 0.80227 0.13412 0.00545 0.01149
2 0.93273 0.12905 0.00636 0.01622
2 0.07432 0.20473 0.00864 0.01351
2 0.13295 0.19831 0.00591 0.00878
2 0.18114 0.20034 0.00773 0.01554
7 0.13773 0.19797 0.00545 0.00811
7 0.19114 0.20236 0.00864 0.01689
7 0.27659 0.19291 0.00773 0.01419
2 0.26182 0.19122 0.00636 0.01486
2 0.24364 0.18851 0.00455 0.00946
7 0.22386 0.19054 0.00318 0.00676
7 0.35636 0.18345 0.00727 0.01419
7 0.3625 0.175 0.00318 0.00676
7 0.29477 0.18243 0.00318 0.00676
2 0.33409 0.18311 0.00636 0.01351
2 0.40341 0.17128 0.00409 0.00743
7 0.42159 0.16926 0.00318 0.00608
7 0.46591 0.16419 0.00273 0.00541
2 0.48568 0.16284 0.00318 0.00676
2 0.61818 0.14831 0.00273 0.00608
7 0.83591 0.13108 0.00818 0.01486
7 0.86205 0.12905 0.00682 0.01216
7 0.87773 0.13007 0.00727 0.01284
7 0.89159 0.12466 0.00591 0.01149
2 0.87386 0.12466 0.005 0.01014
2 0.91659 0.11689 0.00773 0.01081
7 0.92227 0.11926 0.00818 0.01149
2 0.79023 0.13041 0.00409 0.00811
7 0.77727 0.13209 0.00364 0.00608
2 0.75682 0.13412 0.00364 0.00743
9 0.63977 0.14426 0.00409 0.01014
7 0.70091 0.13986 0.00273 0.00541
7 0.66591 0.14291 0.00273 0.00473
2 0.52136 0.15912 0.00273 0.00608
7 0.58068 0.15135 0.00318 0.00676
7 0.54568 0.15541 0.00318 0.00676
7 0.06659 0.2152 0.00591 0.01554
