2 0.87023 0.70135 0.12864 0.26757
2 0.08909 0.46622 0.05091 0.12027
7 0.12455 0.24122 0.01727 0.03243
2 0.23114 0.26993 0.02591 0.04392
2 0.08159 0.3402 0.03591 0.075
7 0.28545 0.21655 0.01 0.02365
7 0.44977 0.19426 0.00955 0.02095
7 0.56295 0.18108 0.00955 0.02027
7 0.68523 0.16959 0.00864 0.01757
7 0.77864 0.16047 0.00545 0.01419
7 0.86636 0.14932 0.00909 0.01757
7 0.84591 0.14527 0.00636 0.01216
2 0.43136 0.21655 0.01182 0.02635
2 0.54659 0.19831 0.00955 0.01959
2 0.64341 0.18615 0.00955 0.0223
2 0.78295 0.16993 0.01136 0.02365
2 0.89705 0.15608 0.01318 0.02297
2 0.87727 0.14155 0.00636 0.01149
2 0.82977 0.14392 0.005 0.01081
2 0.805 0.1473 0.00636 0.01216
2 0.32455 0.23919 0.01727 0.03108
7 0.81591 0.14459 0.00455 0.00946
7 0.76068 0.15101 0.00591 0.01284
7 0.73045 0.15135 0.00455 0.00811
7 0.67227 0.15541 0.00364 0.00676
7 0.70068 0.15574 0.005 0.01014
7 0.64227 0.15743 0.00364 0.00811
7 0.63364 0.15845 0.00364 0.00608
7 0.60932 0.16047 0.00409 0.00743
7 0.60205 0.16115 0.00409 0.00878
7 0.59091 0.16115 0.00364 0.00743
7 0.57977 0.16284 0.005 0.00811
2 0.73886 0.15135 0.00409 0.00946
2 0.71 0.1527 0.00273 0.00811
