7.0 0.31463717817279974 0.7025126401916525 0.07692307692307693 0.1673076923076923
7.0 0.7829506294175967 0.5546098402645923 0.06153846153846154 0.09038461538461538
7.0 0.8577160817197295 0.388297519185342 0.011538461538461539 0.019230769230769232
7.0 0.7061492646815992 0.3859503673961107 0.011538461538461539 0.019230769230769232
7.0 0.5953156247184805 0.38322703558181376 0.011538461538461539 0.01730769230769231
7.0 0.4332096782847699 0.3790647712810927 0.009615384615384616 0.019230769230769232
7.0 0.32187094514716136 0.37335656917873256 0.011538461538461539 0.01730769230769231
7.0 0.25241672047100855 0.3689163439610675 0.007692307692307693 0.015384615384615385
7.0 0.20037818228474338 0.3625078733310869 0.007692307692307693 0.013461538461538462
2.0 0.8743288127578274 0.37869166249426933 0.007692307692307693 0.015384615384615385
2.0 0.748751389726494 0.37755511761906935 0.007692307692307693 0.015384615384615385
2.0 0.6267515783059231 0.37602130507540427 0.0057692307692307696 0.015384615384615385
2.0 0.5015824532209942 0.3728884072873549 0.007692307692307693 0.015384615384615385
7.0 0.17479524582122408 0.3586313051775395 0.007692307692307693 0.013461538461538462
7.0 0.1875131918406412 0.35607541867912934 0.0057692307692307696 0.011538461538461539
7.0 0.23557928907167977 0.3532373481317391 0.0057692307692307696 0.009615384615384616
2.0 0.2692732343033342 0.3603008450483355 0.0057692307692307696 0.013461538461538462
2.0 0.273928580348089 0.35789553940966484 0.0057692307692307696 0.013461538461538462
2.0 0.3136613007478139 0.3645188088881043 0.0057692307692307696 0.013461538461538462
2.0 0.315528580153649 0.35583997546369117 0.0038461538461538464 0.011538461538461539
7.0 0.3103334294404934 0.3532717906599937 0.0038461538461538464 0.009615384615384616
2.0 0.41937522735335575 0.36899575910533666 0.0057692307692307696 0.013461538461538462
2.0 0.41399832072160414 0.3554506129969665 0.0038461538461538464 0.011538461538461539
2.0 0.5053243512863119 0.3565153777005306 0.0038461538461538464 0.011538461538461539
7.0 0.4999416589844248 0.35561471992130633 0.0038461538461538464 0.011538461538461539
7.0 0.5744808855242436 0.35631270658173103 0.0019230769230769232 0.009615384615384616
7.0 0.6338099494408199 0.3572663399646217 0.0038461538461538464 0.009615384615384616
2.0 0.5886248269317712 0.3587246896628292 0.0038461538461538464 0.009615384615384616
2.0 0.6539945064195448 0.3599077039342295 0.0038461538461538464 0.011538461538461539
2.0 0.7254321737187793 0.36232408198644245 0.0038461538461538464 0.007692307692307693
7.0 0.6971946895805424 0.35982328238326605 0.0038461538461538464 0.0057692307692307696
7.0 0.8039843383778709 0.36161274164939705 0.0038461538461538464 0.0057692307692307696
2.0 0.7722174795832656 0.36283687468324505 0.0057692307692307696 0.007692307692307693
2.0 0.8369102114907253 0.3630370920957703 0.0038461538461538464 0.007692307692307693
2.0 0.9031700838237597 0.36387959542143816 0.0057692307692307696 0.007692307692307693
7.0 0.8630871470862536 0.3625801719853286 0.0057692307692307696 0.0057692307692307696
7.0 0.9165709917912477 0.3626510686799262 0.0038461538461538464 0.0057692307692307696
7.0 0.7482387286007353 0.36059655884183517 0.0038461538461538464 0.007692307692307693
7.0 0.41911403195362973 0.3540318846769038 0.0038461538461538464 0.007692307692307693
7.0 0.35824102588711226 0.3537649937018169 0.0038461538461538464 0.007692307692307693
2.0 0.37148326123110154 0.35585789589528893 0.0038461538461538464 0.009615384615384616
