7.0 0.23224419628598653 0.6175237605540045 0.021538461538461538 0.010769230769230769
7.0 0.1929661788741713 0.7132076691631387 0.026153846153846153 0.015384615384615385
7.0 0.2923137306884302 0.48911109052663015 0.016923076923076923 0.009230769230769232
2.0 0.5023889496418285 0.14461437388037868 0.024615384615384615 0.012307692307692308
2.0 0.3823152621042242 0.34606242812154653 0.023076923076923078 0.010769230769230769
7.0 0.4693115433138574 0.1854423435363507 0.018461538461538463 0.010769230769230769
2.0 0.25200797778023276 0.6127241763923701 0.03076923076923077 0.016923076923076923
2.0 0.48984396653621215 0.6399426556830795 0.1276923076923077 0.07230769230769231
7.0 0.3499908206729105 0.3807599432758182 0.016923076923076923 0.007692307692307693
2.0 0.25094438419389475 0.6776297442896445 0.04 0.023076923076923078
7.0 0.42578734989873407 0.25399699170907497 0.018461538461538463 0.009230769230769232
2.0 0.3070562928733925 0.6908524806611858 0.06307692307692307 0.03538461538461538
2.0 0.438776953200638 0.25309630690767476 0.023076923076923078 0.010769230769230769
7.0 0.3851399149932998 0.322084297842154 0.018461538461538463 0.009230769230769232
7.0 0.3207243524588768 0.43551295043686633 0.016923076923076923 0.009230769230769232
7.0 0.2676182538417752 0.5410893403319342 0.02 0.009230769230769232
2.0 0.3264905517286065 0.4411223086555326 0.024615384615384615 0.013846153846153847
2.0 0.28283026639236764 0.5297906247575255 0.024615384615384615 0.013846153846153847
