2.0 0.32764689437615646 0.5046884669342054 0.03943661971830986 0.04929577464788732
2.0 0.2590024917289923 0.49473740433408026 0.02535211267605634 0.0323943661971831
8.0 0.2949701857458803 0.44636503331152877 0.016901408450704224 0.02112676056338028
2.0 0.18215020570566287 0.48227664559035116 0.011267605633802818 0.014084507042253521
2.0 0.225346590472289 0.48907324305265726 0.018309859154929577 0.023943661971830985
2.0 0.1912866888315259 0.4841512949336288 0.01267605633802817 0.016901408450704224
2.0 0.5309809940605966 0.535833762288037 0.08450704225352113 0.10422535211267606
2.0 0.20539310481174766 0.48597905919711104 0.015492957746478873 0.01971830985915493
8.0 0.2622248757375694 0.44339204743630745 0.011267605633802818 0.01267605633802817
2.0 0.15775945153574078 0.47934847000025027 0.005633802816901409 0.007042253521126761
2.0 0.17495006903849736 0.4819315795651904 0.009859154929577466 0.01267605633802817
2.0 0.1689103299543459 0.48128222531031906 0.008450704225352112 0.011267605633802818
2.0 0.1648749752614757 0.4806900311001182 0.008450704225352112 0.009859154929577466
2.0 0.1612706519131396 0.4802855123999589 0.007042253521126761 0.008450704225352112
