7 0.45961 0.35924 0.01671 0.07283
7 0.41731 0.33696 0.01567 0.06087
7 0.7507 0.21141 0.00557 0.025
7 0.33061 0.275 0.00731 0.02826
7 0.39885 0.25543 0.00662 0.02609
7 0.56964 0.22826 0.00557 0.02391
7 0.29056 0.29457 0.0087 0.03478
7 0.47946 0.51793 0.03412 0.14022
2 0.70874 0.30217 0.01428 0.06087
7 0.65738 0.21902 0.00557 0.02283
2 0.52263 0.24348 0.00696 0.02826
7 0.31407 0.3163 0.01114 0.04565
7 0.84976 0.20761 0.00731 0.02609
7 0.48694 0.41576 0.01915 0.09891
2 0.80937 0.21957 0.00801 0.03043
2 0.46831 0.27772 0.00905 0.03804
2 0.4476 0.26141 0.00801 0.03152
2 0.44011 0.27283 0.00975 0.03696
2 0.93942 0.21957 0.00975 0.03478
2 0.8407 0.34565 0.02124 0.08478
7 0.48189 0.23913 0.00557 0.02391
2 0.59558 0.28478 0.01149 0.05
2 0.73851 0.22228 0.00696 0.02935
2 0.58426 0.23533 0.00696 0.02717
7 0.31807 0.76685 0.03169 0.16196
2 0.66208 0.22826 0.00801 0.02826
2 0.48137 0.2538 0.00731 0.02717
