7.0 0.6533797699494731 0.34668895226032215 0.02866779089376054 0.0657672849915683
7.0 0.7542196067389838 0.21740617550846078 0.01011804384485666 0.02023608768971332
7.0 0.7047649508745578 0.28235079401239943 0.01854974704890388 0.04215851602023609
7.0 0.7440151746018269 0.22969113330712532 0.011804384485666104 0.025295109612141653
8.0 0.6536508607670075 0.24609823188498312 0.008431703204047217 0.023608768971332208
7.0 0.7302240931239484 0.24928039782508923 0.013490725126475547 0.03035413153456998
7.0 0.46049654031980886 0.5789184157614476 0.06745362563237774 0.1551433389544688
9.0 0.41842331719181103 0.5748957879046254 0.1045531197301855 0.26138279932546377
9.0 0.48160131062314715 0.5099160690170033 0.08431703204047218 0.2175379426644182
8.0 0.7020032669896744 0.21995020862835046 0.008431703204047217 0.01517706576728499
7.0 0.7606754301101276 0.20817566012853395 0.008431703204047217 0.01854974704890388
7.0 0.765622910663964 0.2015782660613161 0.006745362563237774 0.01517706576728499
7.0 0.7700680200890081 0.19650728396202213 0.00505902192242833 0.013490725126475547
7.0 0.7729700385365408 0.19218182239132325 0.00505902192242833 0.011804384485666104
7.0 0.7759648883825654 0.1892778225240022 0.003372681281618887 0.011804384485666104
7.0 0.7782269901198614 0.1864942586598766 0.003372681281618887 0.01011804384485666
7.0 0.7802654486224119 0.18423232834609804 0.003372681281618887 0.01011804384485666
