7.0 0.4500385653571535 0.19793709459061895 0.04885057471264368 0.035919540229885055
7.0 0.554460653216496 0.300542996925694 0.021551724137931036 0.014367816091954023
7.0 0.569097494923598 0.31541659948734735 0.020114942528735632 0.01293103448275862
2.0 0.4794106547220788 0.3853337617665612 0.06609195402298851 0.04597701149425287
2.0 0.5549553201938048 0.37977685190258087 0.034482758620689655 0.02442528735632184
7.0 0.5053536703068034 0.24824697780170976 0.034482758620689655 0.02442528735632184
2.0 0.5732265522883994 0.3822400306788017 0.028735632183908046 0.020114942528735632
7.0 0.5953854847674139 0.33891257391224433 0.015804597701149427 0.011494252873563218
2.0 0.6889629607923237 0.6759608462270713 0.022988505747126436 0.017241379310344827
2.0 0.37128087452096 0.5407429822111712 0.13936781609195403 0.10057471264367816
2.0 0.5288273929429527 0.3780099773487839 0.04454022988505747 0.031609195402298854
2.0 0.588084878990285 0.3851315205990754 0.022988505747126436 0.014367816091954023
2.0 0.5974259018821259 0.3871281881262018 0.01867816091954023 0.014367816091954023
7.0 0.532910296909484 0.2773394848821367 0.027298850574712645 0.017241379310344827
9.0 0.6088344975077612 0.38710404980052177 0.027298850574712645 0.017241379310344827
9.0 0.5841917858186845 0.32037253212982775 0.028735632183908046 0.01867816091954023
7.0 0.5816294525812015 0.32647771707431184 0.017241379310344827 0.011494252873563218
7.0 0.6060998500813649 0.3483485937908665 0.014367816091954023 0.010057471264367816
7.0 0.6155731027674851 0.3555455872192118 0.011494252873563218 0.007183908045977011
7.0 0.6216200964606291 0.3606886731853152 0.01293103448275862 0.008620689655172414
7.0 0.629322700969645 0.3679840104727416 0.010057471264367816 0.005747126436781609
7.0 0.6355249109081806 0.3766997916862866 0.008620689655172414 0.005747126436781609
7.0 0.6411266834154575 0.3826784294205655 0.011494252873563218 0.005747126436781609
9.0 0.6110871925542741 0.38951409356327144 0.027298850574712645 0.017241379310344827
2.0 0.6132255490866965 0.39419116689012723 0.015804597701149427 0.010057471264367816
2.0 0.6209313524625045 0.39738022133307876 0.01293103448275862 0.008620689655172414
2.0 0.6281715433526063 0.39806018930705794 0.01293103448275862 0.008620689655172414
2.0 0.634680310698677 0.4007436592668056 0.010057471264367816 0.007183908045977011
2.0 0.6406832277937279 0.40415330326583604 0.010057471264367816 0.005747126436781609
2.0 0.644446803442533 0.4076351221084113 0.010057471264367816 0.007183908045977011
2.0 0.7165171456144109 0.6671300466372481 0.011494252873563218 0.008620689655172414
2.0 0.7177672511270986 0.65618423850765 0.01293103448275862 0.008620689655172414
2.0 0.7075018277484374 0.6525047347272188 0.011494252873563218 0.008620689655172414
7.0 0.7269308656222487 0.671896460643229 0.011494252873563218 0.007183908045977011
7.0 0.7216380913399543 0.6483276088819135 0.008620689655172414 0.005747126436781609
2.0 0.6869905779911415 0.6328297462013874 0.01867816091954023 0.01293103448275862
2.0 0.6957115302012291 0.6361962519408645 0.015804597701149427 0.011494252873563218
2.0 0.712997092777863 0.6277922314150847 0.011494252873563218 0.007183908045977011
7.0 0.7154952305345962 0.6215712347576554 0.010057471264367816 0.005747126436781609
7.0 0.7128712034412565 0.7059065731668331 0.01867816091954023 0.011494252873563218
7.0 0.7179226815506156 0.7067652261447944 0.015804597701149427 0.010057471264367816
7.0 0.7314824654263102 0.7032020290414237 0.011494252873563218 0.007183908045977011
7.0 0.7149206134408255 0.7409373528009158 0.020114942528735632 0.01293103448275862
7.0 0.7266920710742065 0.7275322270375139 0.015804597701149427 0.011494252873563218
7.0 0.7322630843331894 0.7260506421376622 0.011494252873563218 0.008620689655172414
9.0 0.5888797619543102 0.3255371872257079 0.02586206896551724 0.015804597701149427
7.0 0.6458918410832953 0.38632839800715835 0.007183908045977011 0.004310344827586207
7.0 0.6507721904461911 0.3943134052956613 0.007183908045977011 0.004310344827586207
7.0 0.653989678078663 0.4017566586857744 0.007183908045977011 0.004310344827586207
2.0 0.6493974147214261 0.4116196578657351 0.007183908045977011 0.004310344827586207
2.0 0.6560112552795475 0.42025866434997594 0.007183908045977011 0.004310344827586207
7.0 0.6614909164755519 0.4194164783604529 0.007183908045977011 0.004310344827586207
7.0 0.6706690101691193 0.44917525585961865 0.007183908045977011 0.004310344827586207
2.0 0.6655660502132901 0.44160802445520336 0.008620689655172414 0.005747126436781609
2.0 0.6763798490550521 0.4726637664760328 0.007183908045977011 0.004310344827586207
7.0 0.6802486159992654 0.48047775645206287 0.008620689655172414 0.005747126436781609
2.0 0.6859764929844201 0.504831554267786 0.008620689655172414 0.004310344827586207
7.0 0.6934405743994306 0.5232437169972831 0.007183908045977011 0.004310344827586207
2.0 0.6934109769997545 0.5355568303937969 0.010057471264367816 0.007183908045977011
7.0 0.6995223205074739 0.5474013619551594 0.007183908045977011 0.005747126436781609
2.0 0.6993211087291722 0.5643514782247255 0.008620689655172414 0.005747126436781609
7.0 0.7046667981605915 0.5698833034909253 0.010057471264367816 0.005747126436781609
7.0 0.7103373992812111 0.5966070746155949 0.008620689655172414 0.005747126436781609
2.0 0.706553586666392 0.5963662514181856 0.008620689655172414 0.005747126436781609
