2.0 0.3914452817972024 0.36006111819560105 0.037037037037037035 0.057777777777777775
2.0 0.33493603893229545 0.2288637281336856 0.013333333333333334 0.022222222222222223
2.0 0.3591414415614614 0.2852159383718178 0.025185185185185185 0.03851851851851852
9.0 0.5393549037354416 0.6168011288332941 0.14074074074074075 0.22814814814814816
9.0 0.49921627609590513 0.5407177950313103 0.11407407407407408 0.18814814814814815
2.0 0.3292823884651954 0.2146143950875006 0.011851851851851851 0.01925925925925926
2.0 0.3242959237207721 0.20472228849721297 0.008888888888888889 0.013333333333333334
2.0 0.34365048595730646 0.24988938391899057 0.017777777777777778 0.02962962962962963
2.0 0.5022839276780124 0.6052529691732261 0.08444444444444445 0.13185185185185186
8.0 0.40082255196919175 0.2627068329660761 0.013333333333333334 0.02074074074074074
8.0 0.39353230637594255 0.24141024345361378 0.008888888888888889 0.013333333333333334
2.0 0.3215295410711078 0.1976203812368392 0.008888888888888889 0.011851851851851851
2.0 0.3186244488968924 0.1918184116140037 0.007407407407407408 0.011851851851851851
2.0 0.3162246168526971 0.18713812433394805 0.007407407407407408 0.011851851851851851
