7.0 0.63043 0.16730999999999996 0.0703125 0.017578125
7.0 0.65761 0.30657999999999996 0.052734375 0.009765625
7.0 0.67228 0.40406999999999993 0.041015625 0.009765625
7.0 0.6679300000000001 0.7353799999999999 0.025390625 0.00390625
7.0 0.67228 0.5973199999999999 0.029296875 0.005859375
7.0 0.6646700000000001 0.7956099999999999 0.0234375 0.005859375
7.0 0.67283 0.5083599999999999 0.03515625 0.0078125
2.0 0.64239 0.81128 0.029296875 0.0078125
2.0 0.625 0.64432 0.048828125 0.009765625
2.0 0.43640999999999996 0.42845 0.142578125 0.03515625
2.0 0.59185 0.51271 0.068359375 0.015625
2.0 0.6347800000000001 0.7359 0.037109375 0.0078125
7.0 0.6690200000000001 0.6725299999999999 0.02734375 0.005859375
2.0 0.6445700000000001 0.86334 0.025390625 0.005859375
7.0 0.65652 0.86717 0.01953125 0.001953125
2.0 0.6396700000000001 0.9230499999999999 0.0234375 0.0078125
7.0 0.6445700000000001 0.9420299999999999 0.021484375 0.005859375
7.0 0.7375 0.66452 0.01171875 0.001953125
7.0 0.75109 0.66452 0.0078125 0.001953125
2.0 0.7467400000000001 0.6573799999999999 0.013671875 0.001953125
2.0 0.74946 0.6495499999999998 0.009765625 0.001953125
2.0 0.75 0.6310899999999999 0.009765625 0.001953125
2.0 0.75054 0.625 0.009765625 0.001953125
7.0 0.74511 0.6272599999999999 0.015625 0.001953125
2.0 0.75163 0.6115899999999999 0.009765625 0.001953125
7.0 0.75326 0.59819 0.013671875 0.001953125
7.0 0.7565200000000001 0.5785199999999999 0.01171875 0.001953125
2.0 0.7391300000000001 0.69377 0.01171875 0.001953125
7.0 0.7288000000000001 0.7174399999999999 0.013671875 0.001953125
7.0 0.7429300000000001 0.7237099999999999 0.009765625 0.0
2.0 0.73261 0.7324199999999998 0.013671875 0.001953125
7.0 0.7233700000000001 0.7661899999999999 0.013671875 0.001953125
7.0 0.7163 0.8413999999999999 0.013671875 0.001953125
2.0 0.7179300000000001 0.84802 0.01171875 0.001953125
7.0 0.72011 0.8017099999999999 0.01171875 0.00390625
7.0 0.7103300000000001 0.8803999999999998 0.01171875 0.001953125
2.0 0.7173900000000001 0.8722099999999999 0.01171875 0.001953125
2.0 0.7114100000000001 0.9021599999999999 0.013671875 0.001953125
2.0 0.8016300000000001 0.09243999999999995 0.015625 0.001953125
2.0 0.81304 0.06580999999999995 0.01171875 0.001953125
