7 0.63788 0.25978 0.00975 0.0413
7 0.71118 0.28696 0.01497 0.05652
2 0.85202 0.24511 0.01184 0.04457
7 0.67758 0.36087 0.02368 0.08696
7 0.94272 0.17717 0.00522 0.02174
7 0.43628 0.25707 0.00766 0.03152
7 0.87204 0.18533 0.00453 0.02065
7 0.67845 0.26957 0.01288 0.04783
7 0.37709 0.25435 0.00627 0.02609
2 0.68558 0.23043 0.00766 0.03043
7 0.45752 0.58696 0.04666 0.18261
2 0.83705 0.19511 0.00627 0.02283
2 0.60829 0.23152 0.00766 0.03043
2 0.76184 0.23587 0.00905 0.03696
2 0.78029 0.19783 0.00557 0.02174
7 0.58844 0.25326 0.00905 0.03696
7 0.72249 0.3163 0.01602 0.06957
7 0.72093 0.19565 0.00453 0.01957
7 0.37221 0.24674 0.00487 0.02174
7 0.52228 0.21522 0.00418 0.01739
2 0.46623 0.2337 0.00627 0.02391
2 0.54666 0.21685 0.00487 0.02065
2 0.70108 0.20217 0.00522 0.02174
2 0.60063 0.21141 0.00487 0.02065
7 0.79143 0.1913 0.00487 0.01957
2 0.50853 0.23641 0.00662 0.025
7 0.54161 0.25326 0.0087 0.03261
7 0.82451 0.18913 0.00418 0.01957
7 0.91504 0.18152 0.00487 0.02174
9 0.49025 0.50978 0.05084 0.26304
7 0.58635 0.20707 0.00418 0.0163
9 0.41574 0.57283 0.07312 0.30652
7 0.40407 0.23587 0.00522 0.01957
2 0.5047 0.22337 0.00453 0.02065
7 0.45839 0.22446 0.00522 0.01848
2 0.91034 0.18967 0.00731 0.025
2 0.48033 0.22826 0.00522 0.02174
2 0.65355 0.20489 0.00487 0.02065
2 0.47702 0.23696 0.00696 0.02391
