7.0 0.6441349086047551 0.30804645441419665 0.03328290468986384 0.05446293494704992
7.0 0.6664457496694726 0.2521316176296261 0.0226928895612708 0.036308623298033284
7.0 0.5808303081853041 0.45995340258890965 0.06505295007564296 0.10892586989409984
7.0 0.6849380150704837 0.2085100718473311 0.01361573373676248 0.0226928895612708
7.0 0.6772786328486737 0.2254305389452569 0.01664145234493192 0.02723146747352496
7.0 0.6892046005195013 0.1974055004463004 0.01361573373676248 0.019667170953101363
7.0 0.6929776873812208 0.18918686354256778 0.009077155824508321 0.01664145234493192
8.0 0.5648223775138895 0.28843638026353197 0.02118003025718608 0.03177004538577912
8.0 0.35498062041803113 0.48081293588563906 0.04084720121028744 0.0680786686838124
7.0 0.695628429494685 0.18366411285876774 0.007564296520423601 0.01361573373676248
7.0 0.6993817844372148 0.17500501679233008 0.006051437216338881 0.012102874432677761
7.0 0.6980925009804764 0.17955711892580123 0.007564296520423601 0.012102874432677761
