7.0 0.2984280506130985 0.6408088118332481 0.046610169491525424 0.03672316384180791
7.0 0.36133127071940735 0.5648722473816746 0.05367231638418079 0.04096045197740113
7.0 0.39298225433310163 0.3083090120284706 0.01977401129943503 0.015536723163841809
7.0 0.2901346782883197 0.5186366396471379 0.0211864406779661 0.015536723163841809
7.0 0.2654210699378152 0.614424375081244 0.029661016949152543 0.022598870056497175
7.0 0.3077607317798673 0.47273328757387245 0.018361581920903956 0.015536723163841809
7.0 0.33399996532005766 0.4150140875684746 0.01977401129943503 0.015536723163841809
2.0 0.36455501868554735 0.7807321260078074 0.10451977401129943 0.08333333333333333
7.0 0.4551720121641861 0.22409691713962415 0.026836158192090395 0.01977401129943503
7.0 0.4454290404675922 0.41156584326217216 0.062146892655367235 0.0480225988700565
7.0 0.26965435592584563 0.6461459102072276 0.03672316384180791 0.02824858757062147
2.0 0.26904603658891313 0.5496762917382149 0.018361581920903956 0.014124293785310734
2.0 0.244948144963115 0.622142720007263 0.022598870056497175 0.018361581920903956
7.0 0.5023888826474325 0.2538545236378059 0.04943502824858757 0.038135593220338986
2.0 0.2240517126343828 0.7019480717731741 0.029661016949152543 0.022598870056497175
7.0 0.2738937888587473 0.5696301795157094 0.0211864406779661 0.01694915254237288
2.0 0.2927787987065594 0.4900275742519971 0.01694915254237288 0.012711864406779662
7.0 0.36395724424538295 0.3580624710904513 0.018361581920903956 0.014124293785310734
2.0 0.40068567361968066 0.28057974921978335 0.015536723163841809 0.012711864406779662
2.0 0.32677715424924064 0.4160317932251231 0.01694915254237288 0.012711864406779662
2.0 0.36365916653318514 0.3448054457626658 0.018361581920903956 0.014124293785310734
2.0 0.5903974685895144 0.4192492253053455 0.12429378531073447 0.09745762711864407
9.0 0.49506506013611473 0.204518810870374 0.0692090395480226 0.052259887005649715
7.0 0.504564994372855 0.2028759376803077 0.03954802259887006 0.029661016949152543
9.0 0.49265527390572755 0.19379652730539773 0.06073446327683616 0.043785310734463276
7.0 0.4240889649867312 0.26185616440522824 0.02401129943502825 0.01977401129943503
2.0 0.4423760993688987 0.2163821232820491 0.022598870056497175 0.01694915254237288
2.0 0.48514688960338664 0.1584477616713929 0.026836158192090395 0.0211864406779661
8.0 0.4821411510928442 0.1515377366463323 0.022598870056497175 0.01694915254237288
8.0 0.47716006301595953 0.13899904355449239 0.01977401129943503 0.015536723163841809
8.0 0.47317482375773234 0.13070274490922265 0.01694915254237288 0.012711864406779662
8.0 0.4711385824000061 0.12518111983410055 0.012711864406779662 0.009887005649717515
8.0 0.4799723417129249 0.10869702872128796 0.015536723163841809 0.011299435028248588
7.0 0.48345071335113965 0.20147743626090112 0.031073446327683617 0.022598870056497175
