2.0 0.25419215781793675 0.7344558533047859 0.06213872832369942 0.04335260115606936
2.0 0.16730181991480342 0.6914648696858867 0.023121387283236993 0.017341040462427744
2.0 0.6079199934863997 0.5188689356281679 0.12861271676300579 0.08670520231213873
2.0 0.39357220828240236 0.6264996022893018 0.08670520231213873 0.059248554913294796
2.0 0.23186585213199007 0.5854508074668128 0.01878612716763006 0.014450867052023121
2.0 0.2500533404649191 0.5529629503434493 0.017341040462427744 0.010115606936416185
2.0 0.259492912523272 0.5343429006201975 0.014450867052023121 0.010115606936416185
7.0 0.1791562292722597 0.6554588199769873 0.017341040462427744 0.011560693641618497
7.0 0.19882385719015452 0.6236071322683054 0.015895953757225433 0.011560693641618497
2.0 0.2048258296494935 0.6303011560145527 0.02167630057803468 0.014450867052023121
7.0 0.2090376130559085 0.6052646480325594 0.017341040462427744 0.010115606936416185
7.0 0.22123364742150015 0.5840293170108979 0.014450867052023121 0.010115606936416185
7.0 0.22745977153453678 0.5731864773465426 0.014450867052023121 0.008670520231213872
7.0 0.23048175727048112 0.567502948795053 0.015895953757225433 0.008670520231213872
7.0 0.2276087367371374 0.5626150733528473 0.01300578034682081 0.008670520231213872
7.0 0.2269645938728293 0.568113233721313 0.01300578034682081 0.008670520231213872
7.0 0.23836783945409054 0.5432469408612578 0.011560693641618497 0.008670520231213872
2.0 0.26236860065425355 0.5255146107416445 0.014450867052023121 0.010115606936416185
2.0 0.2626360694234261 0.5215759081037006 0.014450867052023121 0.010115606936416185
2.0 0.2567217472476528 0.5249925194036311 0.01300578034682081 0.008670520231213872
2.0 0.2594029139246468 0.5182479046942238 0.01300578034682081 0.008670520231213872
2.0 0.2680142451370766 0.5054722532856777 0.01300578034682081 0.008670520231213872
2.0 0.2932468980398891 0.47000984995718903 0.011560693641618497 0.008670520231213872
2.0 0.3075166313630555 0.4500279589925166 0.01300578034682081 0.008670520231213872
2.0 0.32371459747515247 0.42640382964978024 0.010115606936416185 0.0072254335260115606
7.0 0.26918983783338846 0.5006924146757126 0.010115606936416185 0.0072254335260115606
7.0 0.28526428446621604 0.4781673884181877 0.010115606936416185 0.0072254335260115606
7.0 0.29459116349226455 0.4657638208219019 0.010115606936416185 0.0072254335260115606
7.0 0.3036382190958196 0.4513176542283798 0.010115606936416185 0.005780346820809248
7.0 0.3094876691137208 0.4420342722945463 0.010115606936416185 0.0072254335260115606
7.0 0.31196778154528887 0.43736985920746174 0.008670520231213872 0.005780346820809248
7.0 0.317037628868499 0.4286858999624251 0.008670520231213872 0.0072254335260115606
2.0 0.33131971684498646 0.41468531063293296 0.011560693641618497 0.0072254335260115606
2.0 0.3342826522849411 0.4091128395358978 0.008670520231213872 0.0072254335260115606
7.0 0.3298673712984114 0.4105612011895633 0.010115606936416185 0.0072254335260115606
2.0 0.33682376035296585 0.40346691360949455 0.008670520231213872 0.005780346820809248
2.0 0.34471912661766585 0.3920535563669782 0.010115606936416185 0.008670520231213872
2.0 0.3544072545132986 0.3789705784610891 0.008670520231213872 0.004335260115606936
7.0 0.36008149898369757 0.3691499135057545 0.008670520231213872 0.005780346820809248
2.0 0.3656098488237263 0.3630393034880167 0.008670520231213872 0.005780346820809248
2.0 0.3773994697153247 0.34772182561042886 0.008670520231213872 0.004335260115606936
7.0 0.3780683360457932 0.34559707426937386 0.008670520231213872 0.005780346820809248
2.0 0.3896098040747042 0.3315973408390833 0.008670520231213872 0.005780346820809248
7.0 0.39647700047981865 0.3221176898623611 0.0072254335260115606 0.004335260115606936
2.0 0.40420993298444846 0.3144139732552341 0.008670520231213872 0.005780346820809248
2.0 0.4120288783871405 0.3048621762729546 0.008670520231213872 0.005780346820809248
7.0 0.41444994052271883 0.30030882064032444 0.008670520231213872 0.004335260115606936
2.0 0.42090960954969137 0.2958665610845503 0.008670520231213872 0.004335260115606936
2.0 0.42671625460585777 0.2909346274706231 0.008670520231213872 0.005780346820809248
2.0 0.43097328630869614 0.2872150191193739 0.010115606936416185 0.0072254335260115606
7.0 0.42989761485725664 0.2815314519454827 0.008670520231213872 0.004335260115606936
2.0 0.4391280461852558 0.27958475734161486 0.010115606936416185 0.005780346820809248
7.0 0.44292422705621604 0.26730743888327113 0.0072254335260115606 0.005780346820809248
7.0 0.4513186616635575 0.259226414496256 0.008670520231213872 0.005780346820809248
7.0 0.4568856319889421 0.25474524349158484 0.008670520231213872 0.005780346820809248
7.0 0.4624224599608764 0.2477676516358057 0.010115606936416185 0.005780346820809248
2.0 0.46177831709656836 0.25326581200427134 0.011560693641618497 0.008670520231213872
7.0 0.47514687358624136 0.23411199142874314 0.011560693641618497 0.0072254335260115606
7.0 0.48789171702224027 0.21871583475415948 0.010115606936416185 0.005780346820809248
2.0 0.48581300215196804 0.22519419913813307 0.011560693641618497 0.0072254335260115606
7.0 0.5027404130968791 0.20019818359331296 0.011560693641618497 0.008670520231213872
7.0 0.5171768738356423 0.18162055748818287 0.010115606936416185 0.008670520231213872
2.0 0.5381776214763693 0.16010598780301394 0.01300578034682081 0.008670520231213872
7.0 0.5440668172113896 0.14646115121101258 0.01300578034682081 0.008670520231213872
2.0 0.5111800009810149 0.19375007176618744 0.011560693641618497 0.008670520231213872
