7.0 0.23942484915583695 0.45633534633579503 0.02711323763955343 0.05263157894736842
7.0 0.530032066294154 0.374789917684925 0.03668261562998405 0.07017543859649122
7.0 0.6910237323115909 0.291225638033071 0.028708133971291867 0.05741626794258373
7.0 0.208820726514634 0.4415663687598701 0.019138755980861243 0.03987240829346093
7.0 0.5584717459123808 0.257361433101707 0.011164274322169059 0.023923444976076555
7.0 0.3652123677728551 0.3298234399252884 0.009569377990430622 0.023923444976076555
7.0 0.2658365491645776 0.3835544095095485 0.014354066985645933 0.02711323763955343
2.0 0.506853776942403 0.26522395169680135 0.007974481658692184 0.017543859649122806
2.0 0.20173567182574295 0.4057856379033819 0.012759170653907496 0.02711323763955343
7.0 0.6191412766833813 0.24157004747062644 0.011164274322169059 0.025518341307814992
7.0 0.4299939243956827 0.3018978617759485 0.011164274322169059 0.022328548644338118
7.0 0.31661202923507087 0.353869785970479 0.012759170653907496 0.023923444976076555
2.0 0.7462037263802943 0.2010903260364883 0.012759170653907496 0.02711323763955343
7.0 0.22658558689479869 0.4133719951004707 0.017543859649122806 0.03349282296650718
7.0 0.6730939823491447 0.23308193806335706 0.01594896331738437 0.030303030303030304
2.0 0.12786217001416936 0.45360476065531663 0.01594896331738437 0.03349282296650718
8.0 0.7542827987117456 0.17962522318109275 0.009569377990430622 0.02073365231259968
2.0 0.20473759785251028 0.6048406308789196 0.06379585326953748 0.11483253588516747
7.0 0.4969510509296362 0.2766018347856629 0.011164274322169059 0.02073365231259968
2.0 0.5857634257951096 0.2394812371492189 0.009569377990430622 0.02073365231259968
8.0 0.7492826876809652 0.19336691404873252 0.012759170653907496 0.025518341307814992
7.0 0.3504338386853549 0.43945745853782614 0.03349282296650718 0.0685805422647528
2.0 0.2755769080134713 0.3644086013488299 0.011164274322169059 0.022328548644338118
2.0 0.644817418698114 0.47359820476475667 0.06539074960127592 0.13078149920255183
8.0 0.7571613530831997 0.17058597342530846 0.007974481658692184 0.019138755980861243
2.0 0.6669191888455781 0.21773561597871433 0.009569377990430622 0.023923444976076555
2.0 0.4225055830560137 0.2970144039267413 0.009569377990430622 0.02073365231259968
2.0 0.3394390997602984 0.3330519067715617 0.009569377990430622 0.02073365231259968
8.0 0.7796322804136697 0.1572099875859264 0.007974481658692184 0.01594896331738437
7.0 0.729995427363128 0.2504589572856371 0.019138755980861243 0.046251993620414676
7.0 0.7132941429853614 0.23425574042586764 0.014354066985645933 0.03508771929824561
8.0 0.7595362430268029 0.16351618293327708 0.006379585326953748 0.01594896331738437
9.0 0.7260669781972288 0.23358925069132003 0.02711323763955343 0.07017543859649122
9.0 0.7201018050410376 0.2448335480305814 0.03508771929824561 0.07655502392344497
