7 0.25157 0.27663 0.00731 0.02935
2 0.31755 0.43859 0.02368 0.09457
7 0.81093 0.31793 0.00557 0.025
7 0.06058 0.29728 0.01253 0.04457
2 0.25662 0.35163 0.01323 0.05978
2 0.76741 0.32174 0.00627 0.03043
7 0.32921 0.26522 0.00453 0.01957
7 0.17636 0.2875 0.0094 0.03587
2 0.38353 0.29185 0.00662 0.02935
2 0.34279 0.3038 0.00731 0.03587
2 0.4039 0.26957 0.00418 0.02174
2 0.28029 0.32174 0.01045 0.04565
2 0.64171 0.78315 0.02646 0.13152
7 0.28969 0.26576 0.00627 0.025
7 0.37065 0.26087 0.00383 0.01957
2 0.38893 0.2788 0.00487 0.02717
7 0.41765 0.25761 0.00313 0.01739
2 0.4368 0.27011 0.00313 0.01848
7 0.4382 0.2538 0.00244 0.01413
7 0.46222 0.25272 0.00244 0.01413
2 0.47911 0.26739 0.00348 0.01739
2 0.49373 0.26359 0.00348 0.0163
7 0.48799 0.25163 0.00244 0.01413
7 0.51201 0.25109 0.00244 0.01304
2 0.50522 0.26087 0.00279 0.01522
2 0.63075 0.28804 0.00383 0.02174
2 0.62918 0.28152 0.00279 0.01957
2 0.65581 0.27989 0.00313 0.0163
2 0.66974 0.29891 0.00592 0.02609
7 0.69951 0.29348 0.00418 0.01957
7 0.71153 0.29022 0.00383 0.01739
7 0.7204 0.30054 0.00348 0.02065
2 0.7016 0.28424 0.00279 0.0163
7 0.75087 0.30761 0.00522 0.02174
7 0.77228 0.2962 0.00348 0.0163
7 0.79666 0.29728 0.00418 0.0163
7 0.80902 0.29565 0.00313 0.01522
7 0.81163 0.29239 0.00279 0.01522
7 0.82712 0.29239 0.00313 0.01304
7 0.9234 0.33533 0.00696 0.02935
2 0.94307 0.35109 0.0101 0.03696
7 0.94847 0.3125 0.00348 0.01413
2 0.92375 0.30272 0.00279 0.01413
2 0.52925 0.25924 0.00209 0.01413
7 0.53325 0.25 0.00174 0.01087
2 0.54875 0.25815 0.00209 0.01413
2 0.5632 0.25652 0.00244 0.01304
2 0.73834 0.28641 0.00244 0.01413
2 0.74217 0.2837 0.00244 0.01304
2 0.75122 0.28315 0.00244 0.01196
2 0.79927 0.28478 0.00174 0.01087
7 0.88353 0.30109 0.00313 0.01304
