7 0.42409 0.37228 0.0195 0.07283
7 0.52089 0.25924 0.00696 0.02935
7 0.59575 0.24185 0.00627 0.02717
2 0.83269 0.3625 0.02472 0.09022
7 0.41034 0.52663 0.03656 0.14239
7 0.40024 0.31902 0.01219 0.04891
2 0.74286 0.23043 0.0087 0.03043
7 0.67758 0.22609 0.00557 0.02391
7 0.44638 0.41848 0.02228 0.09348
2 0.62221 0.29293 0.01602 0.05109
2 0.68175 0.31467 0.01532 0.06196
2 0.68907 0.2413 0.00836 0.03043
2 0.64276 0.25326 0.00975 0.03478
7 0.46327 0.2837 0.0101 0.03696
2 0.61525 0.27065 0.01045 0.03913
7 0.16713 0.78859 0.07033 0.1163
7 0.76706 0.21467 0.00627 0.025
7 0.87013 0.20489 0.00696 0.025
2 0.80763 0.22174 0.0101 0.02826
2 0.90843 0.2125 0.01045 0.03152
