2.0 0.4313849114892193 0.513362752154897 0.07651245551601424 0.026690391459074734
7.0 0.36667660284239934 0.3379900683006923 0.03202846975088968 0.010676156583629894
7.0 0.3376708067850632 0.6044617401290007 0.042704626334519574 0.012455516014234875
7.0 0.3502987468460932 0.42748896992431606 0.030249110320284697 0.0071174377224199285
2.0 0.4309352730043928 0.14347852679280082 0.033807829181494664 0.012455516014234875
7.0 0.38314566484882034 0.25232984284987214 0.026690391459074734 0.010676156583629894
7.0 0.339531659972628 0.7147024399212715 0.05693950177935943 0.017793594306049824
7.0 0.3433535610450366 0.5077744853773519 0.03914590747330961 0.010676156583629894
2.0 0.4004172698015218 0.39113131570243465 0.0498220640569395 0.014234875444839857
2.0 0.41354566015315486 0.2520165386602063 0.042704626334519574 0.01601423487544484
7.0 0.40028022498583543 0.17454431218046806 0.02491103202846975 0.0071174377224199285
7.0 0.414933487813946 0.10145381849431964 0.023131672597864767 0.0071174377224199285
2.0 0.7254681113242382 0.4673972052016398 0.19750889679715303 0.0800711743772242
