7 0.34001 0.30924 0.0101 0.04239
2 0.58618 0.4 0.01636 0.06304
7 0.86038 0.39946 0.00905 0.03587
2 0.9133 0.43043 0.01253 0.04565
7 0.34767 0.33696 0.01358 0.05652
7 0.71448 0.36957 0.00905 0.03696
7 0.22632 0.26522 0.00905 0.03261
7 0.10254 0.39239 0.0289 0.1
7 0.58914 0.35109 0.00905 0.03913
2 0.78656 0.40543 0.01184 0.04783
9 0.52646 0.40489 0.02089 0.12717
9 0.30101 0.3413 0.02681 0.1087
2 0.46205 0.32174 0.00905 0.03913
2 0.38806 0.29293 0.00801 0.0337
2 0.67862 0.39348 0.01393 0.05
2 0.18506 0.24348 0.00731 0.02826
7 0.28064 0.36739 0.02019 0.07609
2 0.48816 0.56141 0.03621 0.14239
7 0.29544 0.28587 0.0087 0.03696
9 0.50557 0.4288 0.02786 0.14891
7 0.14119 0.24674 0.0094 0.03261
9 0.25174 0.35217 0.03203 0.12609
8 0.61177 0.32554 0.00557 0.02717
2 0.29178 0.2663 0.00557 0.02826
8 0.52368 0.30543 0.00627 0.02609
8 0.59784 0.34076 0.00836 0.03587
8 0.48555 0.31522 0.00801 0.03478
8 0.54735 0.29891 0.00487 0.02174
8 0.56424 0.29511 0.00383 0.01848
8 0.58513 0.29946 0.00453 0.01848
8 0.61995 0.31576 0.00453 0.02283
8 0.60672 0.30326 0.00453 0.01957
8 0.62517 0.3087 0.00313 0.01957
2 0.51689 0.4375 0.01219 0.08804
1 0.63736 0.30815 0.00313 0.0163
1 0.64485 0.30326 0.00279 0.01304
1 0.67845 0.31359 0.00313 0.01413
1 0.73868 0.32446 0.00244 0.01413
1 0.89728 0.36196 0.00279 0.01522
1 0.9227 0.36467 0.00279 0.0163
