7.0 0.51772364652928 0.39828769139473885 0.040229885057471264 0.05603448275862069
7.0 0.42630367302833866 0.3151551847528038 0.027298850574712645 0.03735632183908046
7.0 0.47600269894897707 0.3472793236606175 0.028735632183908046 0.041666666666666664
7.0 0.48928398484373137 0.4844632011536763 0.06609195402298851 0.09339080459770115
7.0 0.2678890471404431 0.25065948448469316 0.02442528735632184 0.034482758620689655
7.0 0.3562382526177563 0.28226378053837803 0.02442528735632184 0.033045977011494254
2.0 0.5743769213844998 0.3666095106966938 0.022988505747126436 0.033045977011494254
2.0 0.6710323929821521 0.44029692874952997 0.034482758620689655 0.04741379310344827
2.0 0.5002794273085758 0.32461981306601767 0.020114942528735632 0.028735632183908046
2.0 0.308471689090493 0.24983984950541857 0.01867816091954023 0.02586206896551724
2.0 0.4106717956833929 0.2868340659224415 0.01867816091954023 0.027298850574712645
2.0 0.7763469916661422 0.6024387967700208 0.07183908045977011 0.09770114942528736
