2.0 0.6015639708113046 0.47963461493218634 0.038028169014084505 0.04788732394366197
7.0 0.39922614467629985 0.39278887246631533 0.06619718309859154 0.08309859154929577
2.0 0.4885694308392066 0.3750534820432371 0.038028169014084505 0.04788732394366197
7.0 0.6377877513506562 0.607117339282914 0.0647887323943662 0.08028169014084507
2.0 0.688472143014447 0.5382549172664141 0.030985915492957747 0.04084507042253521
2.0 0.4157273743637431 0.2895182562194834 0.03380281690140845 0.04366197183098591
2.0 0.7241488516848436 0.5457661812432281 0.023943661971830985 0.030985915492957747
8.0 0.416914810915532 0.6689849163366907 0.09014084507042254 0.11830985915492957
7.0 0.39841835675861 0.2078735652292387 0.016901408450704224 0.02112676056338028
9.0 0.4023383167826307 0.23415975526556213 0.035211267605633804 0.04788732394366197
8.0 0.34716294861623737 0.14825007790091854 0.011267605633802818 0.016901408450704224
9.0 0.4057753488292201 0.24545477060438356 0.04366197183098591 0.056338028169014086
8.0 0.3547305562351899 0.14578692012890276 0.011267605633802818 0.014084507042253521
2.0 0.3962373969370131 0.24611920292043887 0.02535211267605634 0.0323943661971831
8.0 0.3984175203027527 0.18991088677074874 0.01267605633802817 0.015492957746478873
8.0 0.39814709512860785 0.20107984303230073 0.015492957746478873 0.01971830985915493
8.0 0.39807165663278093 0.18211872357698292 0.009859154929577466 0.014084507042253521
8.0 0.3979120389046837 0.1753916077823159 0.007042253521126761 0.009859154929577466
8.0 0.38680979872836796 0.16648521947932782 0.008450704225352112 0.011267605633802818
8.0 0.3740691442406036 0.15505587402111812 0.008450704225352112 0.011267605633802818
8.0 0.36058808186713687 0.1440665400631419 0.009859154929577466 0.011267605633802818
2.0 0.4414860976176434 0.25111014908056656 0.018309859154929577 0.022535211267605635
7.0 0.45075278787984835 0.24365199456757325 0.014084507042253521 0.018309859154929577
2.0 0.47929922271381237 0.27519759125832766 0.015492957746478873 0.02112676056338028
7.0 0.5050645301284242 0.2854873468083817 0.01267605633802817 0.015492957746478873
2.0 0.5198005042448313 0.30629983737559324 0.014084507042253521 0.018309859154929577
7.0 0.5595754635847483 0.33264997638447247 0.009859154929577466 0.014084507042253521
2.0 0.5627271483067351 0.3423433881349756 0.014084507042253521 0.018309859154929577
2.0 0.6050685669746666 0.38082786487791714 0.011267605633802818 0.015492957746478873
7.0 0.6128779159489006 0.3813721275653953 0.011267605633802818 0.014084507042253521
2.0 0.6431653865370491 0.4197633986926063 0.014084507042253521 0.018309859154929577
7.0 0.6627893218670655 0.43063395617313993 0.01267605633802817 0.015492957746478873
2.0 0.677816109290204 0.45684422232214605 0.015492957746478873 0.01971830985915493
2.0 0.7067399162944507 0.49479410057086337 0.016901408450704224 0.022535211267605635
7.0 0.7093887609190496 0.4809759102411673 0.014084507042253521 0.016901408450704224
2.0 0.7253339429005203 0.5267158768889754 0.02112676056338028 0.02676056338028169
7.0 0.7542019727686345 0.5357843698402931 0.016901408450704224 0.01971830985915493
7.0 0.7951840843685293 0.5955762932552463 0.022535211267605635 0.02676056338028169
