7 0.70961 0.32446 0.00766 0.03152
7 0.1915 0.3087 0.01393 0.0587
7 0.32103 0.29348 0.01114 0.04348
7 0.4476 0.29402 0.00801 0.03587
7 0.5773 0.30543 0.00696 0.03261
2 0.52472 0.32065 0.01045 0.0413
2 0.32033 0.40978 0.02368 0.09565
2 0.43593 0.32554 0.01184 0.05109
8 0.13092 0.23261 0.00696 0.02826
2 0.62552 0.32717 0.00801 0.03913
8 0.09244 0.21739 0.00522 0.02391
7 0.84784 0.35163 0.00696 0.03152
9 0.36316 0.49022 0.05084 0.23261
8 0.06006 0.21413 0.00662 0.02609
2 0.73485 0.34348 0.0087 0.03696
2 0.85097 0.36685 0.00905 0.03804
9 0.45944 0.5875 0.07138 0.30326
2 0.36003 0.34783 0.01532 0.06522
8 0.17253 0.28424 0.01219 0.04891
8 0.14624 0.25163 0.00905 0.03587
2 0.39728 0.57717 0.04735 0.16739
8 0.1196 0.22011 0.00522 0.025
1 0.48799 0.2538 0.00244 0.01196
1 0.45404 0.25054 0.00279 0.01413
1 0.05118 0.20707 0.00418 0.02065
1 0.12779 0.21685 0.00348 0.02065
1 0.12378 0.20978 0.00313 0.01304
1 0.17183 0.21576 0.00313 0.0163
1 0.23642 0.22011 0.00279 0.01413
1 0.30745 0.22446 0.00279 0.01413
1 0.3118 0.22826 0.00313 0.01522
1 0.38562 0.23859 0.00313 0.01413
1 0.40007 0.23696 0.00279 0.01304
1 0.50766 0.26304 0.00279 0.01522
1 0.55049 0.2663 0.00279 0.01522
1 0.56859 0.27663 0.00348 0.01848
1 0.60829 0.2788 0.00348 0.01848
1 0.21205 0.21304 0.00279 0.01522
