7.0 0.52342346580365 0.2805486104780897 0.027739251040221916 0.024965325936199722
7.0 0.5468923811797389 0.304916263243998 0.024965325936199722 0.022191400832177532
2.0 0.6232171228636643 0.39887044283541817 0.019417475728155338 0.018030513176144243
2.0 0.7764514572489173 0.6337320225036943 0.015256588072122053 0.013869625520110958
2.0 0.4727033619869024 0.27953873100814025 0.04299583911234397 0.038834951456310676
2.0 0.6166655239639359 0.37725307489901916 0.015256588072122053 0.013869625520110958
2.0 0.4030922299196701 0.3406840625203915 0.08183079056865465 0.07350901525658807
2.0 0.4274295107705048 0.2519982226482576 0.05409153952843273 0.047156726768377254
2.0 0.6191195230307972 0.40779658992399676 0.022191400832177532 0.019417475728155338
7.0 0.4704303026070499 0.21979114296045765 0.02912621359223301 0.026352288488210817
7.0 0.7881010186920504 0.6446104871387898 0.013869625520110958 0.012482662968099861
2.0 0.5964930667471473 0.3964416614946103 0.026352288488210817 0.023578363384188627
7.0 0.7752118784437751 0.6202460293228689 0.012482662968099861 0.011095700416088766
7.0 0.5657558860960047 0.3195862731391475 0.020804438280166437 0.019417475728155338
2.0 0.5655892230438829 0.37282480176575666 0.033287101248266296 0.02912621359223301
2.0 0.45189585585767744 0.6029831631529015 0.12343966712898752 0.11095700416088766
7.0 0.5739068457550804 0.31549073218553003 0.016643550624133148 0.015256588072122053
2.0 0.6142094274772624 0.36591880384860953 0.015256588072122053 0.013869625520110958
2.0 0.6201444092413329 0.3681971894782267 0.015256588072122053 0.013869625520110958
2.0 0.6305923145718455 0.3794443318479615 0.013869625520110958 0.012482662968099861
2.0 0.6441920190605583 0.3980491536354521 0.012482662968099861 0.011095700416088766
2.0 0.6588694190759397 0.4191425092815604 0.011095700416088766 0.009708737864077669
2.0 0.6748258080200723 0.44416847726437203 0.011095700416088766 0.009708737864077669
2.0 0.6954660808061838 0.4789745614719211 0.013869625520110958 0.012482662968099861
2.0 0.7083239854308491 0.5002968520542824 0.011095700416088766 0.009708737864077669
2.0 0.725297721128943 0.5325340832387241 0.012482662968099861 0.011095700416088766
2.0 0.7424727502291195 0.5662153929012513 0.013869625520110958 0.012482662968099861
2.0 0.7573268950918853 0.5965231634737908 0.013869625520110958 0.011095700416088766
7.0 0.7619616839894562 0.5942470975167862 0.011095700416088766 0.009708737864077669
7.0 0.7411195078125373 0.5537981270461327 0.011095700416088766 0.008321775312066574
7.0 0.7190553468626244 0.5130859905940276 0.011095700416088766 0.009708737864077669
7.0 0.6966928954622271 0.475034355073955 0.011095700416088766 0.009708737864077669
7.0 0.6730926952228611 0.4360931497281134 0.009708737864077669 0.008321775312066574
7.0 0.650270997562615 0.3998915309328281 0.009708737864077669 0.008321775312066574
7.0 0.6275793375685083 0.3674463964411722 0.011095700416088766 0.009708737864077669
7.0 0.6070791341343976 0.3388171245208935 0.011095700416088766 0.011095700416088766
7.0 0.5904379494819746 0.3201780716882044 0.012482662968099861 0.012482662968099861
7.0 0.5736191697594929 0.3223509161799561 0.019417475728155338 0.016643550624133148
7.0 0.5742345418630016 0.3032759751320007 0.016643550624133148 0.013869625520110958
