7.0 0.613179458443144 0.34173785101519544 0.008896797153024912 0.033807829181494664
2.0 0.5684669075510079 0.3912413470923295 0.019572953736654804 0.05693950177935943
2.0 0.5080134994340461 0.5155825282091823 0.04092526690391459 0.11743772241992882
2.0 0.5375094419952933 0.4183948587945289 0.023131672597864767 0.0711743772241993
2.0 0.7806798202012886 0.3360781488142449 0.005338078291814947 0.02491103202846975
2.0 0.6463986007154303 0.3755845865615964 0.017793594306049824 0.0498220640569395
2.0 0.8124952876625738 0.3596202832033999 0.010676156583629894 0.03202846975088968
2.0 0.7285263189447498 0.3679511103128444 0.012455516014234875 0.03914590747330961
7.0 0.6623901490907779 0.3410450847184163 0.008896797153024912 0.030249110320284697
2.0 0.8082099963945322 0.3461284006969436 0.0071174377224199285 0.023131672597864767
7.0 0.275407119877113 0.3842102967381145 0.023131672597864767 0.060498220640569395
2.0 0.7833643168265458 0.3646699006529026 0.012455516014234875 0.03914590747330961
7.0 0.3989408044579958 0.3547924418492141 0.014234875444839857 0.042704626334519574
2.0 0.7400573472274531 0.32740395277254153 0.0071174377224199285 0.021352313167259787
2.0 0.8249685988969598 0.31897408773405656 0.005338078291814947 0.01601423487544484
7.0 0.688431661134604 0.3293490400886156 0.0071174377224199285 0.023131672597864767
7.0 0.8544112114360859 0.31837120113230905 0.005338078291814947 0.014234875444839857
7.0 0.8067915658147132 0.31441725614769345 0.005338078291814947 0.014234875444839857
2.0 0.8637631586600156 0.32237158521789483 0.0035587188612099642 0.012455516014234875
7.0 0.5126671083957046 0.34283932564424935 0.012455516014234875 0.03914590747330961
7.0 0.8323878812543941 0.3167011278321129 0.005338078291814947 0.014234875444839857
7.0 0.8718668975802479 0.31902819126249016 0.0035587188612099642 0.012455516014234875
7.0 0.7568059565140697 0.3092188220627084 0.0035587188612099642 0.014234875444839857
2.0 0.7399766347537644 0.30998916028650986 0.0035587188612099642 0.012455516014234875
2.0 0.7868092203314696 0.3155189905186687 0.005338078291814947 0.014234875444839857
2.0 0.6816361287828662 0.30417569932323035 0.0035587188612099642 0.012455516014234875
7.0 0.549321871155892 0.30164854674438374 0.0071174377224199285 0.017793594306049824
2.0 0.682881230112113 0.7287074076704907 0.042704626334519574 0.1423487544483986
7.0 0.6616159406365566 0.3002980977715657 0.0035587188612099642 0.012455516014234875
2.0 0.6934368808496372 0.3193601712406922 0.005338078291814947 0.017793594306049824
7.0 0.8884226638998091 0.3202744339113263 0.0035587188612099642 0.012455516014234875
2.0 0.6087229926112019 0.3038695415874825 0.005338078291814947 0.01601423487544484
7.0 0.6395045191435254 0.3190560432597032 0.005338078291814947 0.019572953736654804
2.0 0.7139684659042507 0.3067500813699169 0.005338078291814947 0.01601423487544484
7.0 0.6672534831755207 0.3236053191334327 0.0071174377224199285 0.021352313167259787
7.0 0.5424463556180324 0.29689321206655594 0.005338078291814947 0.017793594306049824
7.0 0.5831145357808634 0.30905275553237027 0.005338078291814947 0.019572953736654804
2.0 0.6536238656101908 0.3031350882451088 0.005338078291814947 0.012455516014234875
7.0 0.559215193425262 0.29563456382869857 0.0035587188612099642 0.014234875444839857
7.0 0.6925729185975087 0.33388792923426497 0.0071174377224199285 0.02491103202846975
7.0 0.6208261033640482 0.29761414004066694 0.0035587188612099642 0.012455516014234875
2.0 0.6294923981381129 0.3011919219689638 0.005338078291814947 0.014234875444839857
7.0 0.6871020301584292 0.33944625612668 0.0071174377224199285 0.026690391459074734
2.0 0.6152880623330307 0.3056711816283048 0.0035587188612099642 0.01601423487544484
2.0 0.6375785229158922 0.3097956745628949 0.0071174377224199285 0.01601423487544484
7.0 0.7076076508563813 0.3039284785279331 0.005338078291814947 0.010676156583629894
7.0 0.5851867154987772 0.29538734303340136 0.005338078291814947 0.012455516014234875
2.0 0.6121405113618874 0.3015225168554503 0.005338078291814947 0.012455516014234875
