2.0 0.4151574119641823 0.4253820313660259 0.06085753803596127 0.058091286307053944
2.0 0.6375246393489122 0.6903614259705293 0.07330567081604426 0.06915629322268327
7.0 0.6728498728734837 0.5786983617990025 0.024896265560165973 0.02351313969571231
7.0 0.3821425014745784 0.2562369882730459 0.017980636237897647 0.016597510373443983
2.0 0.6185729469741205 0.5521011911040554 0.0318118948824343 0.030428769017980636
7.0 0.709687810167791 0.6390836511377102 0.029045643153526972 0.029045643153526972
7.0 0.4962636230787497 0.35547184339260957 0.013831258644536652 0.012448132780082987
2.0 0.6032041744231053 0.47523951298076716 0.015214384508990318 0.013831258644536652
2.0 0.3782840220543716 0.311919248107413 0.03872752420470263 0.03872752420470263
7.0 0.5959677508454595 0.45619241559497575 0.012448132780082987 0.012448132780082987
7.0 0.6524114323354261 0.5325143230521736 0.016597510373443983 0.015214384508990318
2.0 0.6292648181593097 0.5957352404257473 0.04149377593360996 0.040110650069156296
7.0 0.5356232407798598 0.39429480926413885 0.012448132780082987 0.012448132780082987
2.0 0.5204598771999758 0.38989217429537554 0.016597510373443983 0.015214384508990318
7.0 0.45684658967165076 0.31771912011412884 0.015214384508990318 0.015214384508990318
2.0 0.5979741434646814 0.504052655829633 0.022130013831258646 0.022130013831258646
7.0 0.62057137980162 0.4848298206306791 0.012448132780082987 0.011065006915629323
7.0 0.643881744550147 0.5143439963955517 0.013831258644536652 0.012448132780082987
8.0 0.7271632780139573 0.5850243121526337 0.009681881051175657 0.009681881051175657
2.0 0.5830083221879798 0.47333173761436254 0.019363762102351315 0.019363762102351315
7.0 0.5644113108235796 0.4229129916109634 0.009681881051175657 0.009681881051175657
8.0 0.7445032197371132 0.60644346478465 0.011065006915629323 0.011065006915629323
2.0 0.4163461245886705 0.30137852494426204 0.02074688796680498 0.02074688796680498
2.0 0.5935535626719332 0.4710895135811701 0.016597510373443983 0.015214384508990318
2.0 0.562097466194896 0.427762525105876 0.013831258644536652 0.013831258644536652
2.0 0.4658221293472878 0.3391919060817285 0.017980636237897647 0.016597510373443983
2.0 0.5846611116859954 0.45139835761939834 0.012448132780082987 0.011065006915629323
7.0 0.4261436610497845 0.2915643733332676 0.016597510373443983 0.015214384508990318
2.0 0.4934632143176432 0.6662406745845891 0.07607192254495158 0.07330567081604426
8.0 0.705242070234476 0.5626485082435834 0.008298755186721992 0.009681881051175657
8.0 0.7092584303127775 0.5381721624983404 0.009681881051175657 0.009681881051175657
2.0 0.3747076439521121 0.2781688741143115 0.029045643153526972 0.027662517289073305
7.0 0.6456901887842023 0.5365936549440253 0.017980636237897647 0.019363762102351315
