9.0 0.5998675979025039 0.38797803849592366 0.08792846497764531 0.12965722801788376
7.0 0.6899433100071235 0.3447695470668577 0.022354694485842028 0.02384500745156483
8.0 0.6673189469126989 0.17822397463188733 0.06855439642324888 0.08792846497764531
7.0 0.5151162667581538 0.3808481367732025 0.013412816691505217 0.020864381520119227
2.0 0.5203826580606252 0.38192843301867024 0.020864381520119227 0.028315946348733235
2.0 0.5328789679141663 0.38242662096021646 0.026825633383010434 0.037257824143070044
2.0 0.16439404905415522 0.4033080417574796 0.026825633383010434 0.03427719821162444
2.0 0.2447116807336068 0.40817525383860204 0.02384500745156483 0.029806259314456036
7.0 0.2913721153010777 0.4646312491417751 0.040238450074515646 0.05067064083457526
2.0 0.40092017245339157 0.4119138326052921 0.014903129657228018 0.022354694485842028
8.0 0.42305483419151885 0.41246546630915526 0.028315946348733235 0.037257824143070044
8.0 0.45143996013167687 0.412021808732473 0.040238450074515646 0.05365126676602087
