9 0.58473 0.506 0.00838 0.022
7 0.55896 0.518 0.00709 0.014
7 0.62403 0.5195 0.00709 0.017
7 0.63789 0.511 0.00773 0.016
7 0.61727 0.527 0.00773 0.018
8 0.61179 0.5345 0.00966 0.021
2 0.65303 0.57 0.01482 0.032
9 0.66398 0.4975 0.00966 0.023
2 0.5538 0.6015 0.01611 0.035
8 0.60052 0.5635 0.01289 0.027
7 0.58731 0.553 0.01095 0.024
7 0.5364 0.527 0.00709 0.016
2 0.52771 0.534 0.00773 0.018
2 0.51353 0.5445 0.00902 0.019
2 0.50644 0.5555 0.0116 0.021
8 0.48131 0.576 0.00902 0.026
2 0.48969 0.5945 0.01546 0.031
