7.0 0.6617136641045576 0.3760404903271634 0.05532503457814661 0.058091286307053944
7.0 0.655688032133612 0.26220188870834765 0.017980636237897647 0.019363762102351315
7.0 0.5242913123749888 0.3684156724947424 0.02074688796680498 0.022130013831258646
7.0 0.5415738813824293 0.5438556769068402 0.08713692946058091 0.08990318118948824
7.0 0.36106015678768394 0.4811638005191206 0.011065006915629323 0.011065006915629323
7.0 0.460038684970089 0.41412744335593743 0.017980636237897647 0.019363762102351315
7.0 0.6841441666529525 0.2377672972433673 0.013831258644536652 0.015214384508990318
7.0 0.35336243569780673 0.48465286725599277 0.009681881051175657 0.009681881051175657
7.0 0.3632805225216458 0.4754041016671396 0.009681881051175657 0.009681881051175657
2.0 0.5537903016669878 0.3340616293085201 0.012448132780082987 0.013831258644536652
2.0 0.4849263809565719 0.3851289338135485 0.015214384508990318 0.015214384508990318
2.0 0.6266366467618534 0.2666638715085848 0.011065006915629323 0.012448132780082987
2.0 0.6209343940207113 0.27355961638332044 0.011065006915629323 0.011065006915629323
7.0 0.6076772415098484 0.3038160589251024 0.019363762102351315 0.02074688796680498
2.0 0.6117188295995852 0.28320870230312783 0.012448132780082987 0.012448132780082987
2.0 0.5321706566782742 0.3410729339694138 0.011065006915629323 0.011065006915629323
7.0 0.7442420475326228 0.29697066160627156 0.019363762102351315 0.019363762102351315
2.0 0.4774513640682122 0.3852537091854579 0.009681881051175657 0.009681881051175657
7.0 0.40912791708448143 0.4473880460660629 0.016597510373443983 0.016597510373443983
