8.0 0.3572695347431796 0.42033482727784677 0.017214397496087636 0.023474178403755867
2.0 0.43192332508484416 0.44190198762430344 0.01564945226917058 0.02034428794992175
2.0 0.46930715044218707 0.45207457617816305 0.012519561815336464 0.017214397496087636
2.0 0.49373164399374203 0.4587040306705144 0.012519561815336464 0.01564945226917058
2.0 0.5171458191070867 0.46334887468736496 0.010954616588419406 0.01564945226917058
2.0 0.53825356466978 0.47022109140502744 0.012519561815336464 0.01564945226917058
8.0 0.5565982754626478 0.4888165021013405 0.02034428794992175 0.03129890453834116
9.0 0.5705342685621823 0.4759009801767757 0.014084507042253521 0.018779342723004695
7.0 0.5988871633373514 0.49881299363033366 0.018779342723004695 0.025039123630672927
7.0 0.6238973153897593 0.5035268454816323 0.01564945226917058 0.02190923317683881
2.0 0.6429077559995664 0.509338920444098 0.01564945226917058 0.023474178403755867
7.0 0.6586671829592645 0.5116434730915397 0.012519561815336464 0.017214397496087636
8.0 0.6654615455880122 0.5141396494908281 0.012519561815336464 0.018779342723004695
7.0 0.6714907869166041 0.5147261797027249 0.009389671361502348 0.01564945226917058
7.0 0.6758069196059624 0.5156268226083842 0.009389671361502348 0.01564945226917058
9.0 0.6815395664350814 0.5127712245200474 0.014084507042253521 0.02034428794992175
