2.0 0.6399827028735288 0.4825861527270904 0.058823529411764705 0.08676470588235294
7.0 0.3154379771246094 0.4894431255370006 0.01764705882352941 0.026470588235294117
2.0 0.4446041773673161 0.5235717783453814 0.045588235294117645 0.06764705882352941
2.0 0.7072732295324136 0.3961191313234777 0.041176470588235294 0.058823529411764705
7.0 0.5403359872569787 0.39946732263278384 0.01911764705882353 0.029411764705882353
2.0 0.45990834304624706 0.45683526701694493 0.023529411764705882 0.03823529411764706
2.0 0.2587983951923907 0.5289476681606015 0.020588235294117647 0.03235294117647059
7.0 0.19395256782630124 0.5266774047664984 0.014705882352941176 0.023529411764705882
7.0 0.7732275322483404 0.3229279604971367 0.029411764705882353 0.04411764705882353
7.0 0.4203034059354817 0.4491172088646224 0.01764705882352941 0.027941176470588237
7.0 0.16948284116464563 0.533119769264784 0.011764705882352941 0.01764705882352941
2.0 0.560025454449945 0.42866794777557443 0.029411764705882353 0.04411764705882353
2.0 0.1739717124891209 0.5585668870470126 0.020588235294117647 0.029411764705882353
7.0 0.2445675343531836 0.513003063345078 0.014705882352941176 0.023529411764705882
7.0 0.6336667290559858 0.37039372403401416 0.022058823529411766 0.03235294117647059
2.0 0.29304639973052266 0.5657984691045158 0.03529411764705882 0.05588235294117647
2.0 0.34076147780049454 0.5015610088903264 0.023529411764705882 0.03676470588235294
