2.0 0.6529746200926485 0.7985725806253703 0.24957264957264957 0.1606837606837607
7.0 0.41641869685338484 0.7479734554594446 0.07521367521367521 0.0547008547008547
8.0 0.43460081902709935 0.5884179542241863 0.05982905982905983 0.03418803418803419
2.0 0.5833148402700394 0.3935779868716457 0.12478632478632479 0.08376068376068375
7.0 0.4612780029385797 0.42278222513462244 0.044444444444444446 0.02564102564102564
2.0 0.4445809587538567 0.39672629492243766 0.03247863247863248 0.017094017094017096
8.0 0.4582347541969188 0.38604891671061475 0.039316239316239315 0.020512820512820513
2.0 0.5336460852901478 0.29036435927525367 0.07179487179487179 0.04957264957264957
2.0 0.47535819416327896 0.2891252966418016 0.02905982905982906 0.017094017094017096
2.0 0.5014417759576494 0.23074052965422912 0.037606837606837605 0.023931623931623933
8.0 0.5193753199026471 0.2210156952439827 0.05128205128205128 0.03247863247863248
