7.0 0.4513350333404986 0.7704529416972046 0.09166666666666666 0.09722222222222222
7.0 0.38921565778161316 0.5892538769441436 0.05555555555555555 0.059722222222222225
8.0 0.36903928121278573 0.5177495981723363 0.043055555555555555 0.04583333333333333
7.0 0.3540622236403052 0.47085840816980684 0.034722222222222224 0.0375
8.0 0.3477133000661374 0.4480912798567715 0.02638888888888889 0.029166666666666667
2.0 0.34113533046197575 0.42322205680010405 0.025 0.02638888888888889
2.0 0.39763715293365637 0.3335463899336314 0.019444444444444445 0.020833333333333332
2.0 0.44344814512901015 0.316580018450986 0.025 0.02638888888888889
8.0 0.46749863267410646 0.3204375577746077 0.029166666666666667 0.03194444444444444
2.0 0.4891036412515141 0.3267329214320955 0.034722222222222224 0.03611111111111111
2.0 0.532204205142174 0.33117702103104885 0.04027777777777778 0.043055555555555555
2.0 0.6087742584258679 0.35838714436294894 0.05555555555555555 0.059722222222222225
7.0 0.7792527762388175 0.4243878351289082 0.1 0.10416666666666667
