9.0 0.6019437215251151 0.4963170966792581 0.11618257261410789 0.11065006915629322
8.0 0.5827535588104426 0.23558520641218833 0.017980636237897647 0.017980636237897647
2.0 0.5805999527223518 0.2554394596732639 0.022130013831258646 0.02074688796680498
2.0 0.5830638875614697 0.26963624960534166 0.02627939142461964 0.024896265560165973
2.0 0.5839618872351147 0.28610135131710873 0.027662517289073305 0.02627939142461964
2.0 0.5883472439011401 0.3066308195220197 0.034578146611341634 0.03319502074688797
2.0 0.5891565682761939 0.3454193178053232 0.04149377593360996 0.040110650069156296
8.0 0.4686662831337547 0.3437712019988487 0.013831258644536652 0.013831258644536652
7.0 0.4556683350871933 0.3661443545790184 0.013831258644536652 0.013831258644536652
7.0 0.44193398281255325 0.390922860673377 0.016597510373443983 0.016597510373443983
2.0 0.43133362721568835 0.40163741908588707 0.016597510373443983 0.016597510373443983
7.0 0.4238934784014147 0.42471714992132076 0.017980636237897647 0.017980636237897647
8.0 0.40031693345208014 0.45936818919854766 0.017980636237897647 0.017980636237897647
7.0 0.40601824164696004 0.4562112324914394 0.02074688796680498 0.02074688796680498
7.0 0.37990533380360053 0.506379138241013 0.02351313969571231 0.02351313969571231
7.0 0.360735418389778 0.5440735884204431 0.02627939142461964 0.02627939142461964
9.0 0.3348620454972996 0.5775713614432074 0.048409405255878286 0.04564315352697095
