7.0 0.39123721459784644 0.40219858904057787 0.031791907514450865 0.023121387283236993
7.0 0.35260911213578433 0.49369637257345766 0.04190751445086705 0.028901734104046242
7.0 0.3312327587527646 0.6032747045197522 0.06069364161849711 0.04046242774566474
2.0 0.4387648787882983 0.4001851637031355 0.0476878612716763 0.031791907514450865
8.0 0.290228093381283 0.6144379125848478 0.0476878612716763 0.03468208092485549
2.0 0.45950342464859284 0.4545435196105918 0.06936416184971098 0.046242774566473986
8.0 0.18568730324854285 0.656886804601939 0.02167630057803468 0.014450867052023121
2.0 0.45536446672464026 0.33899047238587904 0.03757225433526012 0.024566473988439308
2.0 0.5435162301845439 0.19460311717922812 0.031791907514450865 0.02167630057803468
7.0 0.5056949540969424 0.2220480367995337 0.02601156069364162 0.017341040462427744
2.0 0.4915275626981073 0.27097758071972006 0.03468208092485549 0.02167630057803468
8.0 0.23958618023321646 0.6266108521332246 0.033236994219653176 0.02167630057803468
8.0 0.21336501949592332 0.6330901646041253 0.024566473988439308 0.017341040462427744
7.0 0.4430509844917443 0.3124576716723903 0.02745664739884393 0.02023121387283237
8.0 0.19762629231733436 0.637852738995316 0.01878612716763006 0.01300578034682081
8.0 0.17168196812231865 0.679791341984766 0.02167630057803468 0.014450867052023121
2.0 0.5981413803255349 0.4824467588782086 0.12861271676300579 0.08959537572254335
1.0 0.16201928595001722 0.6834020189821713 0.014450867052023121 0.010115606936416185
1.0 0.19655909899780033 0.6313021899833834 0.015895953757225433 0.010115606936416185
