7.0 0.4457800637140659 0.48545998740953333 0.05128205128205128 0.0698005698005698
7.0 0.49697569652288787 0.45425198816526985 0.029914529914529916 0.04131054131054131
7.0 0.5548268305295767 0.4686679653046386 0.024216524216524215 0.03418803418803419
2.0 0.6347552462833133 0.5180807336808394 0.021367521367521368 0.029914529914529916
2.0 0.648888900947758 0.6079595631561793 0.042735042735042736 0.0584045584045584
2.0 0.6400806507425328 0.5545754124844171 0.029914529914529916 0.039886039886039885
2.0 0.588532784546956 0.45053744275916435 0.011396011396011397 0.01566951566951567
2.0 0.6651383576880397 0.5109040077984977 0.014245014245014245 0.018518518518518517
7.0 0.7710735861178283 0.598134141874462 0.01566951566951567 0.021367521367521368
7.0 0.528207569300437 0.42815970666835573 0.017094017094017096 0.024216524216524215
2.0 0.7673990542977454 0.6153518033088635 0.021367521367521368 0.029914529914529916
2.0 0.7100573232576546 0.562858803410068 0.019943019943019943 0.02564102564102564
7.0 0.7656219042189262 0.583303518769356 0.014245014245014245 0.018518518518518517
8.0 0.3315009793505504 0.24939246418669833 0.011396011396011397 0.01566951566951567
2.0 0.6180708909819135 0.4622700207868657 0.009971509971509971 0.014245014245014245
2.0 0.640282901256176 0.4760843258857406 0.011396011396011397 0.014245014245014245
2.0 0.6793792668905587 0.5300967833091452 0.014245014245014245 0.019943019943019943
8.0 0.3576525286614002 0.2660248484470287 0.009971509971509971 0.014245014245014245
8.0 0.3081387328705754 0.23674194131338464 0.009971509971509971 0.014245014245014245
2.0 0.5979720342662525 0.4515803403074659 0.009971509971509971 0.014245014245014245
7.0 0.583215398153906 0.43300514173860694 0.009971509971509971 0.01282051282051282
7.0 0.6143805185788113 0.4531179662977026 0.009971509971509971 0.01282051282051282
7.0 0.5252404504642592 0.41065265785838234 0.014245014245014245 0.019943019943019943
2.0 0.7815539611519409 0.5905620764199142 0.011396011396011397 0.014245014245014245
2.0 0.5906390578303456 0.46058407955561614 0.01282051282051282 0.017094017094017096
7.0 0.6778625664466544 0.49958341492782343 0.008547008547008548 0.011396011396011397
2.0 0.8098764227467908 0.6159015142772913 0.01282051282051282 0.017094017094017096
2.0 0.7602192340394172 0.5740415601311851 0.009971509971509971 0.014245014245014245
2.0 0.6800068781587499 0.51474966625492 0.009971509971509971 0.014245014245014245
2.0 0.6056184148596436 0.4829944213016189 0.01566951566951567 0.022792022792022793
8.0 0.46267882430816293 0.3328323324126281 0.005698005698005698 0.008547008547008548
2.0 0.662665046081994 0.4918387544423481 0.008547008547008548 0.011396011396011397
8.0 0.3973196713277312 0.2917141862087286 0.008547008547008548 0.011396011396011397
8.0 0.42378659708499666 0.3080765936794373 0.007122507122507123 0.009971509971509971
8.0 0.4412941609870901 0.31813672528687204 0.005698005698005698 0.009971509971509971
7.0 0.5314371100604611 0.4065138746045897 0.01282051282051282 0.017094017094017096
7.0 0.5531919217840792 0.4154246912181153 0.009971509971509971 0.014245014245014245
2.0 0.6848440686165447 0.723900442375728 0.07407407407407407 0.09686609686609686
2.0 0.7131729173792019 0.5374516951286502 0.011396011396011397 0.017094017094017096
