7.0 0.31065170627837196 0.30018051722149125 0.10882352941176471 0.07352941176470588
7.0 0.6417147624488939 0.6741535885363297 0.026470588235294117 0.016176470588235296
2.0 0.38225360383501716 0.22716386156994275 0.058823529411764705 0.03823529411764706
2.0 0.4529204323076524 0.38353752901622945 0.05588235294117647 0.03676470588235294
2.0 0.6121759239204336 0.6514815149726534 0.03823529411764706 0.023529411764705882
2.0 0.49480318182245575 0.5275876019799213 0.06470588235294118 0.04264705882352941
2.0 0.5728019050854128 0.5486396215555741 0.033823529411764704 0.020588235294117647
7.0 0.59414850436635 0.5576272924747198 0.026470588235294117 0.01764705882352941
7.0 0.44827096804135735 0.24092581126867396 0.027941176470588237 0.01764705882352941
2.0 0.42224752192523146 0.2238505655034291 0.03676470588235294 0.023529411764705882
7.0 0.5008371303757438 0.3497703990631423 0.026470588235294117 0.016176470588235296
2.0 0.6470957709617671 0.7592915325738826 0.045588235294117645 0.029411764705882353
2.0 0.5256791896941475 0.4427564675495449 0.033823529411764704 0.020588235294117647
2.0 0.47735933778916184 0.33815432490922415 0.03235294117647059 0.022058823529411766
2.0 0.5098483996448351 0.7389753058251729 0.10147058823529412 0.06764705882352941
