7.0 0.40850599305899987 0.7525309474566818 0.05160390516039052 0.04741980474198047
2.0 0.4574592129098815 0.7130787575721139 0.06694560669456066 0.06276150627615062
9.0 0.4265735845990908 0.6834653633494968 0.03626220362622036 0.03347280334728033
7.0 0.4625474407990732 0.6541180423150323 0.026499302649930265 0.023709902370990237
2.0 0.5501330798976922 0.6434913458170316 0.09762900976290098 0.09065550906555091
7.0 0.5146490068742207 0.5980290310530705 0.030683403068340307 0.02789400278940028
7.0 0.5677233171021413 0.5412424220729722 0.03626220362622036 0.03347280334728033
8.0 0.6221697933245321 0.48144833257038344 0.040446304044630406 0.03626220362622036
2.0 0.7011413722212214 0.5101369165669204 0.1297071129707113 0.11576011157601115
7.0 0.703834453304014 0.39146726698465983 0.05160390516039052 0.04602510460251046
