9.0 0.4013786634723997 0.6498980270586139 0.0584958217270195 0.06406685236768803
7.0 0.4211475146229401 0.634905371121169 0.03203342618384401 0.033426183844011144
7.0 0.42847685188738927 0.6174150189700344 0.026462395543175487 0.02924791086350975
8.0 0.43394405309783923 0.5986647470383507 0.020891364902506964 0.023676880222841225
7.0 0.44140114715492573 0.5932910899550634 0.019498607242339833 0.020891364902506964
2.0 0.44455358227389236 0.576801774818404 0.01532033426183844 0.018105849582172703
7.0 0.4510049923420192 0.5794532572848684 0.018105849582172703 0.019498607242339833
7.0 0.4575902214600235 0.5666164360043255 0.01532033426183844 0.018105849582172703
7.0 0.46150847836305203 0.5585780616957745 0.012534818941504178 0.013927576601671309
8.0 0.4671413262042962 0.5501050287699033 0.011142061281337047 0.011142061281337047
8.0 0.5648936431361649 0.47373254859330505 0.012534818941504178 0.012534818941504178
2.0 0.5751362348372289 0.4711597187473639 0.01532033426183844 0.016713091922005572
2.0 0.5882274205274841 0.465908860042891 0.016713091922005572 0.018105849582172703
2.0 0.5997343414599617 0.46234822794127417 0.018105849582172703 0.020891364902506964
2.0 0.6206931870146449 0.45185540630852616 0.022284122562674095 0.023676880222841225
2.0 0.6450451306689056 0.44459362904855115 0.026462395543175487 0.02924791086350975
9.0 0.7552693513371611 0.390149462079155 0.07520891364902507 0.07938718662952646
