7.0 0.17016475562713804 0.3224825589174365 0.08494783904619971 0.06706408345752608
7.0 0.2556680147701285 0.3852630908704788 0.05812220566318927 0.046199701937406856
2.0 0.2980303809438523 0.3942549328880267 0.043219076005961254 0.03278688524590164
7.0 0.3144465643124701 0.42414120132561606 0.03576751117734724 0.026825633383010434
7.0 0.34420131908851265 0.442488421045286 0.028315946348733235 0.020864381520119227
8.0 0.36466101570135784 0.45944280664210463 0.02533532041728763 0.01788375558867362
8.0 0.44908076673871583 0.6495354408565511 0.02384500745156483 0.01788375558867362
2.0 0.44742396879393825 0.6846893183393912 0.03278688524590164 0.02533532041728763
2.0 0.44884957718432483 0.7358927260685232 0.040238450074515646 0.03278688524590164
2.0 0.4486517597707752 0.7949886969289337 0.05067064083457526 0.043219076005961254
8.0 0.16979349088422602 0.30500866823718725 0.06110283159463487 0.03129657228017884
