2 0.69237 0.40217 0.01288 0.05652
7 0.82242 0.36793 0.00627 0.02935
2 0.90982 0.41848 0.01114 0.04348
7 0.52246 0.34239 0.0101 0.04348
7 0.6438 0.35217 0.00836 0.03696
2 0.55258 0.4837 0.02368 0.10435
2 0.62152 0.42283 0.01671 0.07391
7 0.21518 0.37663 0.02228 0.08152
7 0.76062 0.36685 0.00801 0.0337
2 0.76724 0.40109 0.01149 0.04783
7 0.79405 0.36957 0.00731 0.03043
2 0.9415 0.37826 0.00627 0.02174
7 0.79492 0.3413 0.00348 0.02174
2 0.87692 0.35707 0.00383 0.01848
7 0.84906 0.33533 0.00313 0.01413
7 0.83148 0.36522 0.00557 0.02609
2 0.80501 0.33424 0.00418 0.0163
2 0.9274 0.3462 0.00244 0.01196
2 0.90634 0.3663 0.00627 0.01957
7 0.76445 0.33207 0.00383 0.01848
2 0.86978 0.34565 0.00348 0.01522
7 0.74808 0.31957 0.00244 0.01522
2 0.53517 0.63315 0.04039 0.17283
7 0.84244 0.33043 0.00244 0.01304
7 0.3891 0.34728 0.01428 0.05543
7 0.78447 0.32609 0.00279 0.01522
7 0.72197 0.31576 0.00313 0.0163
2 0.91678 0.35163 0.00279 0.01413
7 0.81372 0.34837 0.00487 0.02065
2 0.89415 0.34891 0.00418 0.01522
2 0.91974 0.35 0.00244 0.01304
7 0.82678 0.35326 0.00313 0.02174
2 0.90233 0.34293 0.00313 0.01196
7 0.81859 0.33152 0.00279 0.01522
7 0.7258 0.32011 0.00313 0.0163
7 0.83565 0.33424 0.00279 0.01413
7 0.88458 0.33641 0.00244 0.00978
7 0.8609 0.33315 0.00244 0.00978
2 0.83113 0.34239 0.00348 0.01739
2 0.90773 0.34565 0.00279 0.01304
7 0.92166 0.34293 0.00209 0.00978
7 0.85359 0.33641 0.00313 0.01196
2 0.91034 0.34348 0.00174 0.01087
7 0.82852 0.35978 0.00383 0.02174
2 0.8165 0.33641 0.00348 0.0163
