2.0 0.708393859689273 0.1543920600533539 0.1720226843100189 0.05103969754253308
7.0 0.5387916520318246 0.5647496233636431 0.10207939508506617 0.034026465028355386
7.0 0.4708134170727639 0.40119599682492996 0.06049149338374291 0.017013232514177693
7.0 0.7284253520080699 0.7713381290484795 0.19659735349716445 0.06427221172022685
7.0 0.43296255688345164 0.20412063894885066 0.03969754253308128 0.011342155009451797
2.0 0.5448018975894278 0.09118219777618373 0.09073724007561437 0.026465028355387523
7.0 0.40049999742504805 0.6966563714602605 0.035916824196597356 0.011342155009451797
7.0 0.4088415429632308 0.3371476902754351 0.034026465028355386 0.00945179584120983
7.0 0.44529704528358877 0.2730016868972121 0.04914933837429111 0.015122873345935728
7.0 0.4142480642545175 0.2577586372998855 0.034026465028355386 0.00945179584120983
7.0 0.36507331479026245 0.9274123642236503 0.030245746691871456 0.00945179584120983
7.0 0.41219293536969376 0.4372478989571869 0.034026465028355386 0.00945179584120983
2.0 0.3789076017986881 0.7572732688680309 0.030245746691871456 0.007561436672967864
7.0 0.40871054822296665 0.551946179781302 0.035916824196597356 0.011342155009451797
2.0 0.3946206967262154 0.41269408368861543 0.026465028355387523 0.005671077504725898
2.0 0.42905247697257437 0.12001914714950845 0.034026465028355386 0.00945179584120983
2.0 0.40505113318803426 0.21966777323779627 0.02835538752362949 0.007561436672967864
2.0 0.3960032061243508 0.31292382365508853 0.026465028355387523 0.005671077504725898
2.0 0.3922253255586112 0.6471312198144138 0.030245746691871456 0.007561436672967864
7.0 0.38489729473062095 0.8117739563885181 0.03213610586011342 0.00945179584120983
2.0 0.3965239091022492 0.5240358927010255 0.030245746691871456 0.007561436672967864
2.0 0.3447609851873758 0.9211441169444111 0.026465028355387523 0.003780718336483932
2.0 0.3607699385765049 0.8395976445075494 0.026465028355387523 0.007561436672967864
