7.0 0.26120432185131226 0.6910062578095412 0.03216374269005848 0.039473684210526314
7.0 0.27423744898888547 0.6784033906411323 0.024853801169590642 0.03070175438596491
7.0 0.2812083649626372 0.6708393235269177 0.02046783625730994 0.024853801169590642
8.0 0.290499927366495 0.6642254636330321 0.01608187134502924 0.021929824561403508
8.0 0.2951130571160842 0.6594770153858778 0.013157894736842105 0.017543859649122806
8.0 0.39229929947017544 0.623319253228014 0.014619883040935672 0.019005847953216373
2.0 0.40788262082730986 0.6202992962078728 0.017543859649122806 0.021929824561403508
2.0 0.4250790923319779 0.6173253781348619 0.02046783625730994 0.024853801169590642
2.0 0.44965705268196016 0.6120005046663544 0.021929824561403508 0.029239766081871343
2.0 0.4828162043597329 0.6062380163380601 0.029239766081871343 0.038011695906432746
2.0 0.5292862013689326 0.5977311067597645 0.039473684210526314 0.049707602339181284
2.0 0.6278645542008986 0.5758852141529386 0.059941520467836254 0.07309941520467836
9.0 0.8278733250057723 0.5145622993608567 0.10526315789473684 0.1652046783625731
