7.0 0.2910627303556395 0.35318587484014785 0.039886039886039885 0.05413105413105413
7.0 0.30078405169638656 0.47186195488193305 0.07407407407407407 0.09829059829059829
7.0 0.2993394641399378 0.31746154734344106 0.02849002849002849 0.038461538461538464
2.0 0.5576433291836007 0.5443441235156976 0.05270655270655271 0.07122507122507123
2.0 0.47918922379076445 0.4421778661406108 0.03276353276353276 0.04700854700854701
7.0 0.3773692565780015 0.3231896117720598 0.017094017094017096 0.022792022792022793
7.0 0.788243135331946 0.5552707778851472 0.017094017094017096 0.024216524216524215
7.0 0.46179451980811026 0.3466382816041383 0.009971509971509971 0.014245014245014245
2.0 0.44369162282979546 0.3681283597711178 0.014245014245014245 0.022792022792022793
2.0 0.581205536803034 0.41884713327086043 0.009971509971509971 0.01566951566951567
2.0 0.4363539655016794 0.3845319243537055 0.024216524216524215 0.03276353276353276
2.0 0.6156097868664534 0.4436800852867012 0.01282051282051282 0.017094017094017096
2.0 0.5070534001159323 0.3733730863659487 0.009971509971509971 0.01566951566951567
2.0 0.4722956118667712 0.36959114638119334 0.014245014245014245 0.019943019943019943
7.0 0.6042494200673243 0.4206703902336155 0.007122507122507123 0.011396011396011397
2.0 0.7638148886329419 0.5688079182570251 0.02564102564102564 0.03418803418803419
7.0 0.3251662029812532 0.31170786964768354 0.021367521367521368 0.02849002849002849
7.0 0.6228501077728961 0.43878146600531637 0.011396011396011397 0.01566951566951567
7.0 0.4421750772412624 0.3413249121645974 0.011396011396011397 0.01566951566951567
2.0 0.49183303558242053 0.37208137190599394 0.01282051282051282 0.017094017094017096
7.0 0.48831230626308053 0.3537822062819659 0.008547008547008548 0.011396011396011397
7.0 0.7216723720804515 0.5055625108090873 0.014245014245014245 0.019943019943019943
2.0 0.5607460483246175 0.4028525134096179 0.009971509971509971 0.01282051282051282
7.0 0.6126572159669658 0.4229484416654942 0.007122507122507123 0.011396011396011397
7.0 0.41422594636754695 0.33285296613764576 0.014245014245014245 0.018518518518518517
2.0 0.5330136648293156 0.37602122515944947 0.007122507122507123 0.009971509971509971
2.0 0.6574723978610577 0.4748493865327385 0.01566951566951567 0.021367521367521368
2.0 0.5435212867584971 0.37678711734225073 0.007122507122507123 0.009971509971509971
2.0 0.5187588540132707 0.37485019982743445 0.008547008547008548 0.01282051282051282
2.0 0.5577097644509912 0.39779479390828854 0.009971509971509971 0.01282051282051282
2.0 0.7116714111951522 0.5185108873034938 0.019943019943019943 0.02849002849002849
7.0 0.6646404121054116 0.4675929330850157 0.011396011396011397 0.017094017094017096
2.0 0.5944456273268476 0.4106188842331989 0.007122507122507123 0.011396011396011397
7.0 0.6328928634899549 0.4309464523370254 0.007122507122507123 0.009971509971509971
2.0 0.6254991415593804 0.4232705199074239 0.005698005698005698 0.008547008547008548
7.0 0.49844836383276797 0.3566392280143085 0.007122507122507123 0.009971509971509971
7.0 0.4758100172428818 0.3504308661875835 0.009971509971509971 0.011396011396011397
7.0 0.5147297695271084 0.36133383356081616 0.007122507122507123 0.009971509971509971
2.0 0.5849470480698323 0.3965899759698351 0.004273504273504274 0.007122507122507123
7.0 0.5075063370034605 0.3593079453637487 0.007122507122507123 0.008547008547008548
2.0 0.5266911470225238 0.37545560928972666 0.007122507122507123 0.011396011396011397
2.0 0.5508791696433685 0.37982124839866843 0.005698005698005698 0.007122507122507123
2.0 0.6059405677978201 0.4087361723735261 0.005698005698005698 0.005698005698005698
7.0 0.5209779361441796 0.3627737228815416 0.005698005698005698 0.007122507122507123
2.0 0.5762414104297344 0.4024545492165247 0.008547008547008548 0.011396011396011397
2.0 0.5383768806231697 0.37646990830428595 0.007122507122507123 0.008547008547008548
7.0 0.5556984871431704 0.3799431244778525 0.004273504273504274 0.005698005698005698
2.0 0.5605500828349419 0.39626809327722573 0.005698005698005698 0.011396011396011397
2.0 0.5636822871732927 0.3861272065146627 0.004273504273504274 0.005698005698005698
7.0 0.5814366772627666 0.39355327546160845 0.004273504273504274 0.005698005698005698
7.0 0.6086221756947472 0.40896051394594435 0.005698005698005698 0.007122507122507123
7.0 0.6039219909856942 0.42417496994205356 0.009971509971509971 0.014245014245014245
2.0 0.6250957904757097 0.4202457913293736 0.005698005698005698 0.008547008547008548
2.0 0.6282932801378355 0.4235624767348047 0.007122507122507123 0.008547008547008548
7.0 0.6352759833232611 0.4245162632206129 0.005698005698005698 0.005698005698005698
7.0 0.649732715415038 0.4327432701379519 0.005698005698005698 0.008547008547008548
7.0 0.6494750976940208 0.43859567590514503 0.007122507122507123 0.008547008547008548
7.0 0.6573914268096348 0.43873201921598143 0.007122507122507123 0.008547008547008548
7.0 0.6624528896046078 0.44361965796911396 0.007122507122507123 0.011396011396011397
