9 0.61244 0.6485 0.01611 0.039
7 0.59117 0.6445 0.00966 0.021
7 0.56024 0.6365 0.00838 0.017
2 0.52416 0.632 0.00838 0.018
2 0.50193 0.628 0.00773 0.016
2 0.47229 0.6255 0.00773 0.015
7 0.46617 0.651 0.00709 0.02
9 0.46005 0.6565 0.01546 0.041
7 0.44942 0.6425 0.00838 0.019
7 0.43428 0.6375 0.00773 0.017
8 0.44684 0.6215 0.00709 0.013
8 0.42075 0.6335 0.00773 0.015
2 0.42107 0.621 0.0058 0.012
7 0.41173 0.6285 0.00644 0.013
8 0.39111 0.6265 0.00644 0.015
2 0.38595 0.6225 0.00515 0.013
2 0.35857 0.6265 0.0058 0.013
