7 0.23868 0.54022 0.02681 0.1087
2 0.6196 0.47663 0.02054 0.07065
2 0.77698 0.40761 0.0094 0.03696
2 0.7063 0.41359 0.01079 0.04239
7 0.57921 0.39239 0.00801 0.03478
7 0.67218 0.38696 0.00801 0.03043
2 0.64398 0.43207 0.01358 0.05109
7 0.75244 0.38424 0.00696 0.02717
8 0.10306 0.35326 0.00766 0.03043
7 0.36229 0.44402 0.01497 0.05978
7 0.86316 0.39239 0.00766 0.02826
2 0.83948 0.40435 0.00905 0.03261
8 0.1781 0.34728 0.00592 0.025
8 0.25557 0.34565 0.00487 0.02174
2 0.66313 0.58424 0.03238 0.12065
7 0.47336 0.40761 0.0087 0.04348
