7 0.34506 0.35326 0.01323 0.05652
7 0.42061 0.3837 0.01741 0.07391
7 0.24896 0.34837 0.01114 0.04674
2 0.47806 0.3087 0.01114 0.04783
7 0.17009 0.32337 0.00662 0.02935
7 0.13336 0.36196 0.01045 0.04348
7 0.44533 0.47663 0.02716 0.11848
7 0.20108 0.30543 0.00453 0.02609
2 0.34279 0.31196 0.0087 0.03913
8 0.40843 0.275 0.00696 0.02826
2 0.62378 0.32717 0.01567 0.06304
2 0.06476 0.3413 0.00766 0.03261
8 0.35655 0.27772 0.00627 0.025
7 0.14032 0.30326 0.00487 0.01957
2 0.80745 0.41413 0.03064 0.11087
8 0.26776 0.29891 0.00696 0.02826
7 0.18576 0.3 0.00522 0.02174
8 0.31389 0.3 0.00801 0.03043
2 0.20474 0.3288 0.00836 0.03587
7 0.07103 0.31304 0.00279 0.01957
2 0.10602 0.325 0.00662 0.02609
2 0.10237 0.31848 0.00418 0.02391
2 0.07329 0.31957 0.00522 0.02174
1 0.09575 0.29837 0.00348 0.01413
1 0.11386 0.29783 0.00418 0.01522
1 0.1781 0.28098 0.00313 0.01196
1 0.18663 0.28261 0.00279 0.01304
1 0.25575 0.27011 0.00313 0.01196
1 0.25853 0.26359 0.00244 0.01196
1 0.26706 0.26467 0.00279 0.01196
1 0.32382 0.2587 0.00279 0.01304
1 0.32103 0.25598 0.00209 0.01196
1 0.36038 0.24565 0.00209 0.01087
1 0.36264 0.24837 0.00244 0.01196
1 0.36577 0.24946 0.00244 0.01196
1 0.38945 0.24946 0.00313 0.01413
1 0.41992 0.24239 0.00279 0.01304
1 0.42792 0.26033 0.00418 0.02065
1 0.43611 0.2462 0.00244 0.01413
1 0.4563 0.24837 0.00383 0.01848
1 0.48155 0.2375 0.00279 0.01413
1 0.49164 0.25435 0.00418 0.02174
1 0.51811 0.23967 0.00348 0.01848
7 0.26219 0.77337 0.02994 0.14891
