9.0 0.36061704001430867 0.3753862987096101 0.19883040935672514 0.25877192982456143
2.0 0.417536997892068 0.32194759478398977 0.023391812865497075 0.027777777777777776
2.0 0.4533083597068504 0.3685433232300703 0.021929824561403508 0.02631578947368421
7.0 0.4872682376402364 0.4188360685973596 0.03070175438596491 0.039473684210526314
2.0 0.5454884218229537 0.4551437857567344 0.005847953216374269 0.007309941520467836
8.0 0.5848666758090956 0.46352312053027933 0.02046783625730994 0.02631578947368421
8.0 0.6254268738522882 0.47497740247130665 0.033625730994152045 0.043859649122807015
2.0 0.6602336356195977 0.5031969298861578 0.011695906432748537 0.014619883040935672
2.0 0.6816588518667603 0.5065676948901454 0.01608187134502924 0.021929824561403508
9.0 0.783207398246954 0.5261145358852946 0.08187134502923976 0.10964912280701754
