7.0 0.6359029570122607 0.5568900367732765 0.27046783625730997 0.21198830409356725
7.0 0.42302299857693226 0.4742652641285213 0.07894736842105263 0.059941520467836254
2.0 0.43214062947293075 0.3488498518702783 0.023391812865497075 0.017543859649122806
2.0 0.4565425223259114 0.29796478522315695 0.029239766081871343 0.021929824561403508
8.0 0.4633449117103843 0.28572536411395133 0.043859649122807015 0.03508771929824561
8.0 0.4166587049914075 0.3737623251989971 0.03070175438596491 0.023391812865497075
7.0 0.41423734959330044 0.3838494714066565 0.02046783625730994 0.01608187134502924
7.0 0.40825112957688 0.4072220771578939 0.043859649122807015 0.033625730994152045
7.0 0.49848087900857047 0.22478499123990747 0.023391812865497075 0.019005847953216373
7.0 0.5056533746025959 0.25618288336759093 0.06286549707602339 0.049707602339181284
2.0 0.3631081615765278 0.48099589411463795 0.02046783625730994 0.01608187134502924
2.0 0.2659361978108682 0.5572847783229753 0.03070175438596491 0.02631578947368421
2.0 0.21471899771154757 0.5803334895120821 0.039473684210526314 0.033625730994152045
