7.0 0.4411641976702401 0.6694158752247784 0.24410540915395285 0.2593619972260749
7.0 0.4192886064308976 0.5162762826371278 0.08876560332871013 0.09292649098474341
2.0 0.35988435153189496 0.49567020951185836 0.023578363384188627 0.024965325936199722
8.0 0.4131717777395022 0.48479232739783307 0.049930651872399444 0.05409153952843273
7.0 0.4222715992550852 0.45861662801996417 0.033287101248266296 0.036061026352288486
2.0 0.41025261407279756 0.45247921686572834 0.018030513176144243 0.019417475728155338
2.0 0.4557171032002099 0.418037989307326 0.023578363384188627 0.024965325936199722
8.0 0.49325966965797013 0.3930250505142983 0.026352288488210817 0.027739251040221916
2.0 0.5425041871761308 0.36699952909010697 0.03744798890429958 0.04022191400832178
2.0 0.6416524262752472 0.312541344105726 0.06241331484049931 0.0651872399445215
8.0 0.3998857400313246 0.46859407405053527 0.024965325936199722 0.026352288488210817
