2.0 0.4900034966959092 0.6006737243096242 0.010510510510510511 0.0075075075075075074
2.0 0.4962786583334312 0.5810377482698806 0.009009009009009009 0.0075075075075075074
8.0 0.4973132349918166 0.5774509796919467 0.009009009009009009 0.006006006006006006
7.0 0.5021823182249782 0.5623212713176209 0.010510510510510511 0.0075075075075075074
8.0 0.5046877951164374 0.5561199984020319 0.013513513513513514 0.009009009009009009
7.0 0.5085842436614308 0.5464759498333055 0.013513513513513514 0.010510510510510511
8.0 0.5102350600128356 0.5372595285249756 0.010510510510510511 0.006006006006006006
7.0 0.5122315594339716 0.5353963235306068 0.015015015015015015 0.010510510510510511
7.0 0.5166067719476359 0.5235411910652209 0.015015015015015015 0.009009009009009009
9.0 0.5102111636111925 0.5260315577834878 0.03303303303303303 0.021021021021021023
2.0 0.516325910706618 0.5180797380790225 0.013513513513513514 0.009009009009009009
2.0 0.5243182254911708 0.4972719633354989 0.013513513513513514 0.009009009009009009
2.0 0.529650965942177 0.48099466307679395 0.013513513513513514 0.009009009009009009
7.0 0.5386159154148978 0.4547012285276708 0.013513513513513514 0.010510510510510511
7.0 0.5463619772854936 0.43245074815027207 0.016516516516516516 0.012012012012012012
9.0 0.5465179970021812 0.4146208604381095 0.03303303303303303 0.02252252252252252
