8.0 0.3211704288592153 0.8007710511119354 0.2892249527410208 0.1720226843100189
7.0 0.49000938500570546 0.56056734035994 0.11909262759924386 0.06805293005671077
8.0 0.5650506211614411 0.5879011202320822 0.06049149338374291 0.035916824196597356
7.0 0.5810045037604105 0.5733014175494955 0.04725897920604915 0.01890359168241966
7.0 0.5920518199869966 0.570726931064912 0.035916824196597356 0.011342155009451797
7.0 0.6027415541441915 0.5856455236149057 0.02835538752362949 0.013232514177693762
9.0 0.6188658675102876 0.6175256541615985 0.03969754253308128 0.017013232514177693
9.0 0.6077145579352374 0.4784577120643623 0.034026465028355386 0.011342155009451797
7.0 0.5926489938676517 0.4352968599782863 0.024574669187145556 0.011342155009451797
7.0 0.5799259529074504 0.38988486855861715 0.030245746691871456 0.015122873345935728
2.0 0.567877120084378 0.36377967211917134 0.03969754253308128 0.022684310018903593
2.0 0.5461000218698089 0.3086894116132423 0.052930056710775046 0.034026465028355386
2.0 0.5048952939753166 0.2380559768966554 0.08128544423440454 0.052930056710775046
