7.0 0.4652522996736677 0.8032383694396941 0.07073509015256588 0.06657420249653259
7.0 0.5060525677702784 0.6281196994373827 0.020804438280166437 0.020804438280166437
7.0 0.5035414353574554 0.6460265850350886 0.024965325936199722 0.023578363384188627
7.0 0.497469075751105 0.6764632617809719 0.033287101248266296 0.0319001386962552
2.0 0.6355836207966805 0.48535056182540265 0.024965325936199722 0.023578363384188627
2.0 0.6596932029181466 0.47153211523944455 0.02912621359223301 0.026352288488210817
2.0 0.6831691068620612 0.45957361501096494 0.033287101248266296 0.030513176144244106
2.0 0.731871317667382 0.4302562912500992 0.044382801664355064 0.04160887656033287
2.0 0.8074508125691741 0.39542206231607846 0.059639389736477116 0.05547850208044383
2.0 0.4911447974139809 0.661905080953147 0.023578363384188627 0.020804438280166437
7.0 0.4857602425060266 0.7147219843482049 0.04022191400832178 0.038834951456310676
8.0 0.5117016966793485 0.6125492648623074 0.018030513176144243 0.016643550624133148
8.0 0.4735631270157823 0.7253912871580747 0.04022191400832178 0.04022191400832178
8.0 0.6170409617665995 0.4930869868739232 0.018030513176144243 0.016643550624133148
