2.0 0.3768777138598265 0.7080315779782804 0.04942339373970346 0.03789126853377265
2.0 0.32628757108514 0.6539372679985425 0.03789126853377265 0.026359143327841845
2.0 0.30244013044047563 0.6241365210920423 0.03130148270181219 0.019769357495881382
2.0 0.27890162072159763 0.6030248066072948 0.02800658978583196 0.016474464579901153
2.0 0.266259005059741 0.5833926192883703 0.02471169686985173 0.016474464579901153
9.0 0.24187924561815372 0.5601532106844973 0.029654036243822075 0.016474464579901153
9.0 0.27438833687974606 0.3828681095267321 0.03130148270181219 0.014827018121911038
7.0 0.2873509247330152 0.3786815820944377 0.0214168039538715 0.013179571663920923
7.0 0.2974315986039536 0.367768517642431 0.0214168039538715 0.013179571663920923
7.0 0.31689402417755036 0.35328753427827225 0.02800658978583196 0.016474464579901153
8.0 0.31909669611886105 0.3429247775418786 0.02471169686985173 0.009884678747940691
7.0 0.3368592315720467 0.3425266113151848 0.02800658978583196 0.019769357495881382
7.0 0.3766635082796065 0.31348424787930573 0.03789126853377265 0.02471169686985173
2.0 0.3747686622286776 0.2919714831924631 0.03459637561779242 0.023064250411861616
7.0 0.44424677215187336 0.25923338184987554 0.051070840197693576 0.03459637561779242
8.0 0.5709127442589472 0.18058118163335074 0.07413509060955518 0.04942339373970346
