2.0 0.28871954513726433 0.29946789016021663 0.02553191489361702 0.028368794326241134
2.0 0.35884578081699725 0.4062306634385888 0.015602836879432624 0.019858156028368795
7.0 0.3588743884141718 0.46490973797796953 0.05106382978723404 0.06099290780141844
7.0 0.4209811111697772 0.46132811641971944 0.031205673758865248 0.03687943262411347
7.0 0.443829407639782 0.4636161665629088 0.015602836879432624 0.01702127659574468
8.0 0.4491922875092142 0.4673954497621548 0.02269503546099291 0.02553191489361702
2.0 0.471424323584472 0.48171575166699204 0.015602836879432624 0.018439716312056736
2.0 0.5061821710559912 0.5060039688754809 0.01702127659574468 0.02127659574468085
8.0 0.5097837738570568 0.5103954197379489 0.02695035460992908 0.032624113475177303
7.0 0.5218111481119336 0.5410328895605415 0.03404255319148936 0.04113475177304964
7.0 0.5613658440712544 0.5421992905919696 0.01702127659574468 0.018439716312056736
9.0 0.610253970110967 0.5783143733277276 0.04680851063829787 0.05531914893617021
9.0 0.6154574803274855 0.655641707424236 0.09787234042553192 0.11773049645390071
8.0 0.6738074868179228 0.537100255190243 0.028368794326241134 0.032624113475177303
7.0 0.3035690600648174 0.575933669789696 0.12907801418439716 0.1475177304964539
