7.0 0.30552482640813833 0.5465523343237794 0.042876901798063624 0.042876901798063624
2.0 0.5179536181792225 0.35371797046337855 0.0318118948824343 0.0318118948824343
7.0 0.5245498961358493 0.32327799966277326 0.022130013831258646 0.022130013831258646
7.0 0.6109002002878431 0.2639604994643997 0.02351313969571231 0.02351313969571231
7.0 0.3760521769959473 0.4506240560504023 0.030428769017980636 0.030428769017980636
2.0 0.6512315416360904 0.2539068435069839 0.027662517289073305 0.027662517289073305
7.0 0.4466472612927107 0.3835242357501109 0.024896265560165973 0.024896265560165973
2.0 0.45244468676631727 0.4651290932118334 0.05255878284923928 0.05394190871369295
2.0 0.5079482662276694 0.5527800673569317 0.09405255878284924 0.0954356846473029
2.0 0.47399246873279455 0.4047355511273503 0.035961272475795295 0.03734439834024896
2.0 0.5780194244712817 0.30480949547984765 0.02627939142461964 0.027662517289073305
