7.0 0.6098881161520412 0.29978974509921336 0.06405693950177936 0.023131672597864767
7.0 0.6408543283803785 0.44755510885890915 0.04448398576512456 0.014234875444839857
2.0 0.5735356940288119 0.4986467968374851 0.07651245551601424 0.02491103202846975
7.0 0.5012828644437664 0.10483681725240429 0.12277580071174377 0.04804270462633452
7.0 0.6447047261130432 0.7067865374196134 0.03558718861209965 0.012455516014234875
2.0 0.6215182684241565 0.6661600101850758 0.04804270462633452 0.017793594306049824
2.0 0.6194758044770494 0.7698791992696667 0.04448398576512456 0.014234875444839857
7.0 0.6307770401701422 0.8442838579643837 0.03558718861209965 0.012455516014234875
2.0 0.6096621603934733 0.5723567636646023 0.05516014234875445 0.017793594306049824
2.0 0.4708882105963882 0.4740301400168659 0.12277580071174377 0.04092526690391459
2.0 0.6076333893060911 0.8893035296994153 0.04448398576512456 0.017793594306049824
7.0 0.6487408275885945 0.5794160827517826 0.04092526690391459 0.012455516014234875
