7.0 0.8002185980993205 0.4541533602499467 0.023255813953488372 0.03488372093023256
7.0 0.7572818840797005 0.4168411549046941 0.01744186046511628 0.027616279069767442
7.0 0.7071422756985807 0.38312530144566537 0.015988372093023256 0.024709302325581394
7.0 0.5765970006584886 0.31342697510864265 0.011627906976744186 0.0188953488372093
7.0 0.5137830849870867 0.2846038728845125 0.011627906976744186 0.01744186046511628
2.0 0.7480242850067651 0.3907843136946581 0.01308139534883721 0.020348837209302327
2.0 0.8299488198341555 0.43888296971764157 0.01744186046511628 0.02616279069767442
2.0 0.6742746036090755 0.35003313993284013 0.011627906976744186 0.01744186046511628
7.0 0.6431135852149521 0.3464084784706161 0.014534883720930232 0.02180232558139535
7.0 0.8611759348761083 0.5074545706400181 0.03197674418604651 0.046511627906976744
2.0 0.5842605583853331 0.29781267248896565 0.007267441860465116 0.011627906976744186
7.0 0.5260092943123791 0.2685915417176998 0.007267441860465116 0.010174418604651164
7.0 0.5559307904446891 0.2829269162010682 0.007267441860465116 0.011627906976744186
7.0 0.4706847893769186 0.2567391923947305 0.00872093023255814 0.01308139534883721
2.0 0.6870354596976042 0.34382307968641074 0.007267441860465116 0.011627906976744186
2.0 0.8839686226251913 0.44416553804744907 0.010174418604651164 0.014534883720930232
7.0 0.8002571970019088 0.39470539714462344 0.005813953488372093 0.010174418604651164
2.0 0.6112689038673991 0.3192915402781121 0.010174418604651164 0.015988372093023256
2.0 0.5556826600558946 0.29369175006806963 0.011627906976744186 0.015988372093023256
2.0 0.5390070314908049 0.2824722772741189 0.010174418604651164 0.014534883720930232
7.0 0.7355013293537331 0.36171063457378494 0.005813953488372093 0.00872093023255814
7.0 0.47630661488510095 0.26368787904434826 0.011627906976744186 0.01744186046511628
2.0 0.557806942529492 0.28524427126225793 0.00872093023255814 0.011627906976744186
2.0 0.8045890885838862 0.4019072189136663 0.007267441860465116 0.011627906976744186
7.0 0.497857318603637 0.25878263566499665 0.00872093023255814 0.011627906976744186
2.0 0.8503014530695018 0.4251988319756527 0.00872093023255814 0.01308139534883721
7.0 0.7017671541411751 0.3454326030682752 0.005813953488372093 0.00872093023255814
7.0 0.6258066414716417 0.31444621712379994 0.007267441860465116 0.010174418604651164
2.0 0.6145268533214222 0.3123237307378146 0.005813953488372093 0.007267441860465116
2.0 0.7208327223114684 0.35968223728456056 0.007267441860465116 0.010174418604651164
2.0 0.7602129147750684 0.37884541046301745 0.00872093023255814 0.011627906976744186
7.0 0.6614445390458138 0.3289714279676023 0.007267441860465116 0.010174418604651164
7.0 0.7754383138760517 0.38205954456397134 0.005813953488372093 0.00872093023255814
7.0 0.8662431633872579 0.4278759077835748 0.007267441860465116 0.011627906976744186
2.0 0.5442303943185418 0.2787776929763587 0.007267441860465116 0.010174418604651164
7.0 0.47877569616247734 0.25541608400401716 0.007267441860465116 0.011627906976744186
2.0 0.64961067132754 0.327936383962766 0.005813953488372093 0.010174418604651164
7.0 0.2978682071578095 0.5899277134368544 0.12354651162790697 0.17732558139534885
7.0 0.5891511781368464 0.2984921413454331 0.007267441860465116 0.00872093023255814
7.0 0.8274532979621272 0.4081114841670066 0.007267441860465116 0.010174418604651164
7.0 0.6353043752954126 0.5535061658063661 0.07412790697674419 0.10755813953488372
