2 0.54143 0.29891 0.01532 0.05435
7 0.41139 0.42011 0.02611 0.10761
7 0.2695 0.31848 0.01671 0.05435
2 0.69725 0.35598 0.02124 0.08587
7 0.16121 0.31467 0.01253 0.04891
8 0.7305 0.3087 0.01602 0.06522
7 0.35846 0.34511 0.01915 0.07065
2 0.39415 0.27989 0.01045 0.04457
2 0.25313 0.27935 0.00975 0.03913
8 0.80118 0.2087 0.00627 0.02609
8 0.90059 0.20761 0.00731 0.02609
2 0.08269 0.29565 0.01079 0.03696
8 0.94185 0.2538 0.01323 0.04674
8 0.78987 0.225 0.00801 0.03261
8 0.83426 0.2087 0.00696 0.02609
8 0.91643 0.22446 0.00905 0.0337
8 0.86891 0.20707 0.00662 0.02717
7 0.33774 0.67554 0.05989 0.22283
8 0.77107 0.25272 0.0101 0.04457
