8.0 0.6859602755599037 0.5546072845529059 0.03905160390516039 0.04602510460251046
8.0 0.5898385479174284 0.401022844156114 0.023709902370990237 0.029288702928870293
8.0 0.6365447958686087 0.4177457359193306 0.01813110181311018 0.022315202231520222
8.0 0.6525116734674599 0.43415889355734333 0.016736401673640166 0.019525801952580194
8.0 0.6639476607988921 0.47289987340753503 0.023709902370990237 0.029288702928870293
8.0 0.5702550462704897 0.4445720388337307 0.040446304044630406 0.04741980474198047
8.0 0.5988481710452687 0.38059466955936877 0.01813110181311018 0.02092050209205021
2.0 0.22644345753438463 0.3424564953180858 0.08926080892608089 0.1101813110181311
8.0 0.6174629735495274 0.39948601362650255 0.016736401673640166 0.019525801952580194
8.0 0.49006712066744185 0.6125434704388293 0.10320781032078104 0.12412831241283125
