7 0.34558 0.26467 0.00592 0.025
7 0.43437 0.27554 0.00592 0.025
2 0.76932 0.33913 0.0094 0.03913
7 0.78517 0.32826 0.00696 0.03043
7 0.08339 0.23859 0.00522 0.02065
2 0.60272 0.65652 0.04875 0.16957
2 0.45021 0.29022 0.00696 0.03043
7 0.24547 0.2538 0.00557 0.02283
7 0.17061 0.24511 0.00557 0.02065
7 0.64676 0.30272 0.00592 0.02717
2 0.93367 0.36957 0.01219 0.04348
2 0.1774 0.2587 0.00662 0.02609
2 0.36473 0.28152 0.00662 0.03043
7 0.53865 0.28641 0.00418 0.025
2 0.65129 0.31848 0.00801 0.03478
2 0.27037 0.27065 0.00662 0.02826
2 0.54231 0.30163 0.00731 0.03152
2 0.10132 0.25109 0.00696 0.02609
