2 0.3219 0.42283 0.02472 0.09565
7 0.89345 0.35543 0.00627 0.02826
7 0.22754 0.25652 0.00662 0.02609
2 0.28639 0.30815 0.01219 0.04674
7 0.93558 0.3413 0.00487 0.02174
2 0.71379 0.33859 0.00836 0.02935
7 0.1243 0.27717 0.01045 0.03913
7 0.87134 0.33424 0.00453 0.02065
7 0.17845 0.26522 0.00801 0.03043
2 0.34088 0.26413 0.00627 0.02826
2 0.31285 0.28696 0.0094 0.03913
7 0.8078 0.3337 0.00557 0.02391
2 0.91696 0.33207 0.00522 0.0163
2 0.46744 0.59348 0.04422 0.16304
2 0.33217 0.27283 0.00696 0.03043
2 0.83705 0.31957 0.00418 0.01739
2 0.27281 0.34783 0.01776 0.06739
7 0.28343 0.25 0.00557 0.02174
2 0.73677 0.31033 0.00418 0.02065
2 0.69725 0.31359 0.00592 0.025
7 0.4704 0.25707 0.00348 0.01413
2 0.3649 0.25707 0.00557 0.02283
2 0.87448 0.37391 0.01079 0.03696
7 0.32591 0.24837 0.00487 0.01848
2 0.77907 0.31359 0.00522 0.01848
2 0.43593 0.2587 0.00418 0.01739
2 0.58287 0.27174 0.00279 0.01304
7 0.37152 0.24728 0.00348 0.0163
7 0.8273 0.32989 0.00627 0.02283
2 0.40599 0.25707 0.00418 0.02065
2 0.47685 0.2625 0.00383 0.0163
9 0.62987 0.27011 0.00348 0.01848
9 0.67444 0.2788 0.00348 0.01848
9 0.66295 0.275 0.00279 0.02174
7 0.42235 0.25163 0.00348 0.0163
9 0.64171 0.26957 0.00348 0.02174
2 0.51776 0.26685 0.00279 0.01413
2 0.55084 0.26957 0.00348 0.01739
