7.0 0.5604073193328549 0.4003450158726958 0.023943661971830985 0.030985915492957747
7.0 0.7168982518772394 0.5347345474661124 0.018309859154929577 0.023943661971830985
7.0 0.7960313969468998 0.6178937138492357 0.02112676056338028 0.02676056338028169
2.0 0.5512518902791833 0.45230944203041734 0.036619718309859155 0.04788732394366197
7.0 0.6422028090261198 0.46497188808379225 0.02112676056338028 0.02535211267605634
2.0 0.6141140538037926 0.4767483924530174 0.028169014084507043 0.036619718309859155
2.0 0.48606700571975053 0.4764237492125251 0.057746478873239436 0.07605633802816901
2.0 0.7399840426227986 0.5781930534401553 0.023943661971830985 0.029577464788732393
7.0 0.3211633605695637 0.2999571329700106 0.057746478873239436 0.07183098591549296
2.0 0.6768188272451509 0.5214092502194158 0.02535211267605634 0.03380281690140845
7.0 0.46291647404606623 0.3421454856152929 0.03380281690140845 0.04225352112676056
2.0 0.4215083600419003 0.6668816848153667 0.1056338028169014 0.13380281690140844
