7.0 0.28727800957786276 0.6020762078685089 0.037257824143070044 0.02384500745156483
2.0 0.3557009136976928 0.5640092937916958 0.05514157973174367 0.03129657228017884
7.0 0.3186373595049675 0.5197033010291839 0.03278688524590164 0.019374068554396422
7.0 0.24276388591569728 0.7048358307731927 0.044709388971684055 0.026825633383010434
2.0 0.39856615085893216 0.4237532608044337 0.041728763040238454 0.02384500745156483
2.0 0.38486697291166644 0.36367610959741986 0.022354694485842028 0.013412816691505217
7.0 0.3310597023311664 0.48514586517509 0.028315946348733235 0.01788375558867362
2.0 0.3584083037549806 0.6244772216109464 0.07153502235469449 0.043219076005961254
2.0 0.3982173036624263 0.35981850631969264 0.026825633383010434 0.01788375558867362
2.0 0.36407731593040427 0.38400512685671073 0.019374068554396422 0.011922503725782414
2.0 0.40367218371677904 0.3830563273672011 0.03427719821162444 0.019374068554396422
7.0 0.32266636785300445 0.4582070916490975 0.019374068554396422 0.011922503725782414
2.0 0.4951031941130585 0.15705437645520998 0.014903129657228018 0.00894187779433681
7.0 0.33166844195561845 0.45293481000415386 0.02384500745156483 0.013412816691505217
2.0 0.4401457728654614 0.23344741794637386 0.014903129657228018 0.00894187779433681
7.0 0.4789307318674389 0.169669585529168 0.013412816691505217 0.007451564828614009
7.0 0.30947406493000007 0.4648755541754609 0.019374068554396422 0.010432190760059613
2.0 0.3564208833597169 0.3733942063174547 0.014903129657228018 0.007451564828614009
2.0 0.4660538991962074 0.19682235276148544 0.014903129657228018 0.00894187779433681
2.0 0.5136814184049417 0.5951336343525335 0.13263785394932937 0.08196721311475409
2.0 0.4234424347996257 0.2579563378864474 0.013412816691505217 0.007451564828614009
7.0 0.3163730837520353 0.44225618540066663 0.014903129657228018 0.007451564828614009
2.0 0.38094685298624903 0.32621863150892727 0.013412816691505217 0.007451564828614009
2.0 0.3979136066138568 0.29792552243835885 0.014903129657228018 0.00894187779433681
2.0 0.3672733211672072 0.35101061451424354 0.013412816691505217 0.00894187779433681
7.0 0.33577032385641004 0.4613157383882644 0.02384500745156483 0.014903129657228018
7.0 0.32665009272893686 0.4180450694888411 0.013412816691505217 0.007451564828614009
7.0 0.41775211519285155 0.2607383735096792 0.011922503725782414 0.007451564828614009
7.0 0.4466714916154659 0.2170192476717755 0.013412816691505217 0.007451564828614009
2.0 0.3518623033231081 0.39368299632305626 0.01788375558867362 0.010432190760059613
7.0 0.34465437425833295 0.3841245483757165 0.013412816691505217 0.007451564828614009
7.0 0.3649579868119133 0.3458416831481552 0.010432190760059613 0.004470938897168405
7.0 0.39040759264475805 0.3049850659206861 0.010432190760059613 0.007451564828614009
2.0 0.3506256163646706 0.3881015400970147 0.014903129657228018 0.010432190760059613
