7.0 0.675553368937104 0.07896013052590849 0.018803418803418803 0.008547008547008548
7.0 0.6500259605533945 0.7266212285670884 0.018803418803418803 0.008547008547008548
7.0 0.6362065602744463 0.7883574939030056 0.023931623931623933 0.010256410256410256
2.0 0.4621203752732579 0.36422867259263114 0.11282051282051282 0.04786324786324787
2.0 0.5866254822891726 0.2198580329461222 0.05128205128205128 0.018803418803418803
9.0 0.5661184055873272 0.25766484443913346 0.1111111111111111 0.03247863247863248
2.0 0.6407159155174194 0.6708610893574233 0.02564102564102564 0.010256410256410256
2.0 0.6536897840749173 0.6402641981885779 0.018803418803418803 0.008547008547008548
2.0 0.6179274800699059 0.19252566962147433 0.039316239316239315 0.017094017094017096
2.0 0.5345550965913796 0.2742278908444011 0.0735042735042735 0.02905982905982906
2.0 0.6227826625604856 0.7522208253091635 0.03247863247863248 0.013675213675213675
7.0 0.646009510247859 0.7377402107209808 0.022222222222222223 0.008547008547008548
2.0 0.6562231313625203 0.1667174066711103 0.02905982905982906 0.011965811965811967
2.0 0.6393253981273338 0.17556116302573413 0.03247863247863248 0.013675213675213675
2.0 0.6614172522805848 0.6282384441449829 0.017094017094017096 0.008547008547008548
2.0 0.6830110748787337 0.42704445400684155 0.015384615384615385 0.005128205128205128
7.0 0.6593000366391966 0.6909036927531327 0.018803418803418803 0.006837606837606838
7.0 0.6884375778633214 0.41878585061525714 0.011965811965811967 0.005128205128205128
2.0 0.28889853254261166 0.6388041122040123 0.15042735042735042 0.04786324786324787
9.0 0.5466470188704567 0.292835334680216 0.13162393162393163 0.04786324786324787
7.0 0.6824149621123244 0.08882584521287164 0.018803418803418803 0.008547008547008548
7.0 0.6673007377890485 0.6441252122706572 0.013675213675213675 0.005128205128205128
7.0 0.6772374625803709 0.5487552358552307 0.011965811965811967 0.005128205128205128
7.0 0.6808304129188746 0.5045268722647728 0.011965811965811967 0.003418803418803419
7.0 0.6961122630336971 0.16008944571302092 0.013675213675213675 0.005128205128205128
7.0 0.6894475400397417 0.09372877166217414 0.013675213675213675 0.005128205128205128
7.0 0.6948094269081895 0.12450527363666128 0.011965811965811967 0.005128205128205128
7.0 0.6939860285885308 0.3048288650066215 0.011965811965811967 0.003418803418803419
2.0 0.6925536197042882 0.2075555869720298 0.013675213675213675 0.005128205128205128
7.0 0.6952041920905888 0.8050829351925459 0.010256410256410256 0.003418803418803419
2.0 0.688423052017966 0.16933557440961006 0.013675213675213675 0.005128205128205128
7.0 0.6926364611528889 0.3419053457582862 0.010256410256410256 0.003418803418803419
2.0 0.6796311650462513 0.484814484616091 0.013675213675213675 0.005128205128205128
7.0 0.6843531863748932 0.46293254863892025 0.011965811965811967 0.005128205128205128
2.0 0.6914361950995502 0.31910941020687933 0.011965811965811967 0.003418803418803419
2.0 0.6679690988778677 0.5935723534516377 0.013675213675213675 0.005128205128205128
2.0 0.6749456864262966 0.5403278741669783 0.015384615384615385 0.005128205128205128
7.0 0.6922087296578853 0.840887106752037 0.013675213675213675 0.005128205128205128
7.0 0.6745857318545182 0.5897508157374086 0.013675213675213675 0.005128205128205128
2.0 0.6673752743512221 0.16109644428704087 0.022222222222222223 0.006837606837606838
7.0 0.6955331811522456 0.2689439400318285 0.011965811965811967 0.005128205128205128
2.0 0.6872407884936894 0.37469582094113596 0.013675213675213675 0.005128205128205128
2.0 0.6934942655584249 0.2621690247136543 0.011965811965811967 0.005128205128205128
7.0 0.6906568188932983 0.38110198173649235 0.011965811965811967 0.005128205128205128
7.0 0.6957643583426055 0.21568675833649584 0.008547008547008548 0.003418803418803419
7.0 0.6938347959251393 0.10923223295265823 0.013675213675213675 0.003418803418803419
