7 0.08339 0.30761 0.01219 0.04565
7 0.93854 0.35435 0.00592 0.01957
7 0.88336 0.35 0.00557 0.02174
2 0.7312 0.33967 0.00696 0.02717
7 0.85759 0.35924 0.00696 0.02717
7 0.26793 0.2663 0.00592 0.02174
7 0.15077 0.28641 0.00836 0.0337
2 0.37152 0.57717 0.0376 0.15652
2 0.30397 0.40924 0.0195 0.08152
2 0.79039 0.37717 0.00905 0.03696
2 0.83043 0.33207 0.00487 0.0163
2 0.3703 0.27609 0.00592 0.02391
2 0.55205 0.28478 0.00383 0.01522
2 0.31093 0.34783 0.01045 0.05435
7 0.31912 0.2625 0.00522 0.02065
7 0.21901 0.27283 0.00766 0.02609
7 0.54596 0.28098 0.00348 0.01413
2 0.44168 0.27717 0.00453 0.01957
2 0.90512 0.34076 0.00453 0.0163
2 0.48555 0.28098 0.00383 0.01848
2 0.6969 0.29293 0.00313 0.01196
2 0.74251 0.29076 0.00313 0.01196
2 0.84627 0.29402 0.00313 0.00978
7 0.51323 0.27935 0.00348 0.01522
2 0.66818 0.29185 0.00348 0.01413
2 0.61194 0.2875 0.00313 0.01413
7 0.85324 0.35 0.00522 0.02391
2 0.75209 0.33043 0.00627 0.02391
2 0.79213 0.29239 0.00348 0.01087
2 0.7688 0.2913 0.00279 0.01087
2 0.88875 0.29837 0.00313 0.00978
2 0.39955 0.27609 0.00522 0.02174
2 0.30989 0.29457 0.00557 0.03478
2 0.71901 0.2913 0.00279 0.01304
2 0.94098 0.30652 0.00313 0.01087
7 0.78691 0.2875 0.00279 0.00978
2 0.32852 0.28043 0.00731 0.02826
7 0.87396 0.29185 0.00209 0.00978
7 0.91992 0.29946 0.00279 0.00978
7 0.47545 0.275 0.00383 0.01522
9 0.63075 0.28478 0.00383 0.02391
7 0.7359 0.28424 0.00313 0.01196
7 0.37552 0.26576 0.00453 0.01848
7 0.68663 0.28424 0.00209 0.01196
7 0.70613 0.28424 0.00279 0.00978
2 0.78099 0.32935 0.00557 0.01957
7 0.42758 0.27011 0.00418 0.0163
7 0.84297 0.28804 0.00209 0.0087
7 0.82869 0.28696 0.00279 0.0087
9 0.64171 0.28641 0.00418 0.02065
7 0.65895 0.2837 0.00244 0.01087
2 0.31389 0.31304 0.00731 0.0413
2 0.51967 0.28315 0.00383 0.0163
7 0.76236 0.28696 0.00244 0.0087
9 0.59192 0.27826 0.00418 0.02174
2 0.81668 0.29293 0.00313 0.00978
2 0.58409 0.28641 0.00383 0.01413
2 0.63527 0.28913 0.00313 0.01522
9 0.60324 0.2788 0.00383 0.02065
7 0.57208 0.28261 0.00279 0.01304
7 0.80867 0.28587 0.00244 0.0087
7 0.59732 0.28315 0.00313 0.01413
