8.0 0.44157710209017825 0.3593711860587646 0.03189792663476874 0.06220095693779904
8.0 0.3771869369841737 0.27780039468259093 0.02073365231259968 0.0430622009569378
8.0 0.3287101381566314 0.21426502874733772 0.011164274322169059 0.022328548644338118
8.0 0.3085678459719733 0.1872765808728125 0.006379585326953748 0.01594896331738437
8.0 0.3024658112074574 0.17875159272165375 0.006379585326953748 0.012759170653907496
8.0 0.34664248132384506 0.2374488292075068 0.014354066985645933 0.03189792663476874
8.0 0.2976877537639063 0.17241586601149858 0.006379585326953748 0.012759170653907496
8.0 0.31655176587700995 0.19814877534457012 0.009569377990430622 0.02073365231259968
8.0 0.6291494165524969 0.6035219183661815 0.07017543859649122 0.1291866028708134
8.0 0.29046360357179346 0.16312524179351653 0.006379585326953748 0.011164274322169059
8.0 0.21584853942864862 0.14773113347564065 0.009569377990430622 0.02073365231259968
8.0 0.2936416168553511 0.16719773517609338 0.004784688995215311 0.011164274322169059
8.0 0.2219159649469397 0.1443014451666366 0.007974481658692184 0.01594896331738437
8.0 0.22670233839287984 0.14237145670633208 0.006379585326953748 0.012759170653907496
8.0 0.23009052957219428 0.1396018602926295 0.004784688995215311 0.012759170653907496
8.0 0.28732917405517244 0.1599943589344618 0.004784688995215311 0.009569377990430622
8.0 0.28540736580674014 0.15672343082075882 0.003189792663476874 0.007974481658692184
8.0 0.232359607464614 0.13883186730870267 0.006379585326953748 0.009569377990430622
