7 0.39328 0.33587 0.01497 0.05435
7 0.21675 0.375 0.02472 0.08478
2 0.68419 0.31033 0.00627 0.02283
2 0.71135 0.3375 0.00766 0.03152
8 0.46361 0.29185 0.00731 0.03152
2 0.77089 0.38424 0.01323 0.04674
8 0.51375 0.29022 0.00662 0.02826
7 0.90059 0.38207 0.00801 0.03587
7 0.79979 0.35109 0.00696 0.03043
2 0.49391 0.4462 0.02403 0.09674
7 0.54648 0.3337 0.01079 0.04348
7 0.94499 0.35652 0.00557 0.02174
2 0.89467 0.40435 0.01219 0.04565
7 0.75801 0.32663 0.00348 0.02283
8 0.5665 0.3163 0.00905 0.03478
7 0.87813 0.34293 0.00557 0.02065
7 0.78238 0.32772 0.00487 0.02283
2 0.72406 0.31304 0.00592 0.02174
8 0.60829 0.31304 0.00696 0.03261
7 0.82399 0.3337 0.00522 0.02174
7 0.67914 0.3462 0.0087 0.03804
2 0.56233 0.39239 0.0188 0.06522
2 0.6579 0.37772 0.01497 0.05326
2 0.93767 0.35 0.00557 0.01957
2 0.6734 0.31685 0.00766 0.025
2 0.85254 0.33261 0.00453 0.01957
2 0.49913 0.63207 0.04422 0.17935
2 0.78099 0.31957 0.00348 0.01739
7 0.76027 0.33533 0.00592 0.025
