7.0 0.1810570310030124 0.6121809323454517 0.03319502074688797 0.034578146611341634
7.0 0.20006341223115115 0.5702784273192184 0.02351313969571231 0.024896265560165973
7.0 0.25075290624934865 0.5042084123019536 0.015214384508990318 0.016597510373443983
2.0 0.589401292918585 0.2713429570210924 0.019363762102351315 0.02074688796680498
2.0 0.36736431854040125 0.5323166304441164 0.051175656984785614 0.051175656984785614
2.0 0.31959203518039586 0.5190573849726193 0.035961272475795295 0.03734439834024896
2.0 0.29716016072716445 0.5070117228300106 0.027662517289073305 0.027662517289073305
2.0 0.5107315239933391 0.5634711025356467 0.09405255878284924 0.0954356846473029
7.0 0.609961389306774 0.24400641536441803 0.016597510373443983 0.017980636237897647
2.0 0.29906459615522113 0.4848435553752324 0.02074688796680498 0.02074688796680498
2.0 0.30905994051403834 0.4639584878904792 0.017980636237897647 0.019363762102351315
7.0 0.23081203815910786 0.5293521487827366 0.017980636237897647 0.019363762102351315
7.0 0.27051680639284403 0.48030863194249546 0.012448132780082987 0.012448132780082987
2.0 0.5065492961746334 0.3064116531099908 0.012448132780082987 0.012448132780082987
7.0 0.6129510489337686 0.228813598823371 0.012448132780082987 0.012448132780082987
2.0 0.5586221109766476 0.26093952422755473 0.009681881051175657 0.011065006915629323
2.0 0.5136025228304849 0.3177932311071585 0.016597510373443983 0.016597510373443983
2.0 0.5837619697421427 0.21740622943957416 0.006915629322268326 0.006915629322268326
2.0 0.5954472250672314 0.2334111092487217 0.009681881051175657 0.009681881051175657
2.0 0.6455852244964352 0.1983623573804337 0.009681881051175657 0.009681881051175657
2.0 0.36906348728222693 0.39049866463274574 0.006915629322268326 0.006915629322268326
2.0 0.3320719735098957 0.42354322613599626 0.011065006915629323 0.011065006915629323
7.0 0.583667822816205 0.25120501756911057 0.012448132780082987 0.012448132780082987
2.0 0.46763203437502227 0.31349508037244544 0.006915629322268326 0.006915629322268326
2.0 0.4499825672515631 0.3278710891337242 0.008298755186721992 0.006915629322268326
2.0 0.4140508170292068 0.3561513051899897 0.008298755186721992 0.008298755186721992
2.0 0.353096566164711 0.4043130731760021 0.008298755186721992 0.011065006915629323
2.0 0.5313886048677617 0.2829660639062146 0.011065006915629323 0.011065006915629323
2.0 0.3169302835878213 0.44832500160081284 0.016597510373443983 0.015214384508990318
7.0 0.3357766840643666 0.41300550457185314 0.008298755186721992 0.008298755186721992
2.0 0.43241478019084917 0.34215837578664554 0.006915629322268326 0.008298755186721992
2.0 0.6011522138230525 0.20382200183580215 0.005532503457814661 0.005532503457814661
2.0 0.537463571967156 0.2594383443526205 0.006915629322268326 0.008298755186721992
7.0 0.6007843101469015 0.19936327844159482 0.005532503457814661 0.006915629322268326
7.0 0.36257267433371754 0.39194292140337816 0.008298755186721992 0.008298755186721992
2.0 0.5509425074192776 0.24642188769015755 0.006915629322268326 0.006915629322268326
2.0 0.5659300403430887 0.23248020317008833 0.008298755186721992 0.009681881051175657
9.0 0.4935324113246006 0.29008804503712465 0.009681881051175657 0.011065006915629323
7.0 0.2948987674229165 0.45408551775815975 0.011065006915629323 0.011065006915629323
7.0 0.31378554107615475 0.4342421045007467 0.008298755186721992 0.008298755186721992
7.0 0.5669026307865734 0.2668535229444651 0.013831258644536652 0.015214384508990318
7.0 0.43533803224423356 0.3388038163062539 0.006915629322268326 0.006915629322268326
7.0 0.517489499447558 0.2707037422311842 0.005532503457814661 0.005532503457814661
9.0 0.5012590110247607 0.28584573492420917 0.011065006915629323 0.011065006915629323
7.0 0.5835738584973408 0.21383709808563103 0.006915629322268326 0.005532503457814661
2.0 0.5192743071569489 0.2743257850920196 0.006915629322268326 0.008298755186721992
2.0 0.6195197714302455 0.18876238574372484 0.006915629322268326 0.006915629322268326
7.0 0.565654405138446 0.2284738295238224 0.005532503457814661 0.005532503457814661
9.0 0.47641065384476294 0.3023497825710419 0.011065006915629323 0.011065006915629323
7.0 0.5459580424909126 0.2453482655137702 0.005532503457814661 0.005532503457814661
7.0 0.45272770129208484 0.32467869163030605 0.006915629322268326 0.006915629322268326
7.0 0.38901340385933714 0.3722964697089062 0.005532503457814661 0.006915629322268326
7.0 0.481561323526987 0.30164839014551004 0.006915629322268326 0.006915629322268326
2.0 0.39168742610211177 0.37346498471693784 0.009681881051175657 0.009681881051175657
2.0 0.4985153766186021 0.2900998998205697 0.006915629322268326 0.006915629322268326
9.0 0.48332481992225884 0.2967360655758654 0.009681881051175657 0.011065006915629323
7.0 0.4141289227901667 0.3533981512235718 0.006915629322268326 0.006915629322268326
2.0 0.48431912064369387 0.3005997289635088 0.005532503457814661 0.006915629322268326
2.0 0.3204680395712515 0.4390314109421179 0.012448132780082987 0.012448132780082987
