7.0 0.6780591071955832 0.47989608701918235 0.02118003025718608 0.01361573373676248
2.0 0.7075594667729014 0.6601062969491631 0.02723146747352496 0.01664145234493192
7.0 0.700004242272349 0.5722962785393496 0.02118003025718608 0.012102874432677761
7.0 0.6162815835762194 0.295465490985993 0.028744326777609682 0.015128593040847202
7.0 0.5726097121324762 0.20519102106170645 0.037821482602118005 0.02118003025718608
2.0 0.4974961794907875 0.28790458604908836 0.07866868381240545 0.0453857791225416
7.0 0.6504284740632688 0.38794429799794744 0.0226928895612708 0.01361573373676248
2.0 0.6739037270929188 0.5054692791299378 0.025718608169440244 0.015128593040847202
2.0 0.6243811607265607 0.3647220677334319 0.03328290468986384 0.018154311649016642
2.0 0.6515113944897504 0.4318756270216585 0.028744326777609682 0.015128593040847202
9.0 0.45300593463352756 0.5056188462834449 0.22692889561270801 0.12859304084720122
2.0 0.7189592003848132 0.7520741534584561 0.03177004538577912 0.018154311649016642
9.0 0.469107295496071 0.3866249277443353 0.18910741301059 0.10741301059001512
2.0 0.5520351344739994 0.27375592111376873 0.0529500756429652 0.028744326777609682
7.0 0.7191730490838852 0.669222017164355 0.024205748865355523 0.01361573373676248
2.0 0.5918388688333941 0.3093202085452866 0.037821482602118005 0.02118003025718608
2.0 0.6925537319183279 0.5810719635764657 0.025718608169440244 0.015128593040847202
2.0 0.4265587462329301 0.4484580802890852 0.13313161875945537 0.07866868381240545
2.0 0.43351491571628464 0.8753690496436922 0.15128593040847202 0.09379727685325265
