7.0 0.5994581312654785 0.4947350509117133 0.11772853185595568 0.1260387811634349
2.0 0.22118235714293877 0.49878502682446174 0.008310249307479225 0.009695290858725761
2.0 0.21503119781418464 0.500561586721697 0.008310249307479225 0.009695290858725761
2.0 0.2303687025186028 0.4933552288351584 0.009695290858725761 0.0110803324099723
2.0 0.2107352153352735 0.5027644444304539 0.008310249307479225 0.009695290858725761
2.0 0.22731374774283958 0.4954940687349906 0.008310249307479225 0.009695290858725761
2.0 0.19492695941784355 0.5353927418374409 0.009695290858725761 0.0110803324099723
2.0 0.22410855177151742 0.4972655119702785 0.006925207756232687 0.008310249307479225
7.0 0.22060957624748456 0.4941807934450579 0.00554016620498615 0.006925207756232687
7.0 0.23868566585427817 0.4713169696053792 0.00554016620498615 0.006925207756232687
7.0 0.24661815759247857 0.458802423752661 0.00554016620498615 0.006925207756232687
2.0 0.21737371593918955 0.5000568496685877 0.006925207756232687 0.008310249307479225
7.0 0.2524109274871069 0.45172786726464575 0.00554016620498615 0.006925207756232687
7.0 0.2331892058776707 0.4760949693679818 0.00554016620498615 0.006925207756232687
7.0 0.26156631729928453 0.4361018976770996 0.006925207756232687 0.008310249307479225
