2 0.25958 0.4587 0.03099 0.11304
7 0.86247 0.35543 0.00627 0.02826
7 0.11508 0.24402 0.00592 0.025
7 0.78517 0.33804 0.00627 0.02391
2 0.26758 0.27228 0.00592 0.02717
2 0.0618 0.25924 0.0101 0.0337
7 0.40947 0.27935 0.00557 0.02174
7 0.21884 0.25652 0.00453 0.02174
2 0.63841 0.32228 0.00662 0.02717
2 0.9046 0.38533 0.00975 0.03587
2 0.36194 0.28478 0.00522 0.02391
2 0.54997 0.30815 0.00522 0.025
2 0.15669 0.26359 0.00696 0.02935
2 0.75174 0.34837 0.00766 0.03152
7 0.59244 0.29728 0.00453 0.02065
2 0.45561 0.29674 0.00592 0.02391
7 0.4953 0.28696 0.00453 0.02174
7 0.31529 0.26902 0.00522 0.02065
7 0.67444 0.31413 0.00627 0.02391
2 0.89798 0.83315 0.0188 0.02935
