7 0.2305 0.29239 0.00766 0.03261
7 0.36247 0.49511 0.04039 0.13587
7 0.7547 0.25978 0.01079 0.04565
7 0.72458 0.39783 0.03134 0.1087
7 0.13684 0.31848 0.00905 0.03913
7 0.31058 0.27609 0.00766 0.03043
7 0.59627 0.24674 0.00731 0.03478
7 0.68088 0.24946 0.00801 0.03804
2 0.87117 0.2413 0.01114 0.04348
7 0.50923 0.25054 0.00731 0.03152
2 0.64467 0.23152 0.00662 0.03043
2 0.1835 0.28913 0.00627 0.03043
2 0.76079 0.23261 0.00766 0.03478
8 0.89171 0.21033 0.00766 0.02935
9 0.82173 0.29511 0.01532 0.11413
2 0.28621 0.26848 0.00627 0.02826
8 0.93228 0.1875 0.00522 0.02283
8 0.89903 0.19783 0.00696 0.02609
9 0.80536 0.32065 0.03134 0.13478
2 0.41121 0.24783 0.00487 0.02391
2 0.5336 0.23804 0.00731 0.02826
8 0.879 0.22935 0.0094 0.03696
2 0.05084 0.32283 0.00418 0.03696
8 0.90442 0.18859 0.00522 0.02283
7 0.8179 0.32772 0.01393 0.07717
7 0.41208 0.25978 0.00592 0.02826
7 0.81041 0.2837 0.00662 0.06087
