2.0 0.6660255291060525 0.7112927510952224 0.038461538461538464 0.021538461538461538
7.0 0.6961712745644006 0.6331833609310135 0.023076923076923078 0.013846153846153847
7.0 0.4669136754259125 0.3670864738649391 0.1 0.052307692307692305
7.0 0.5417413824654378 0.7408912326252998 0.1 0.05692307692307692
7.0 0.6962434299810712 0.8003825989967828 0.03230769230769231 0.018461538461538463
2.0 0.6845038441550961 0.6466229105216282 0.024615384615384615 0.013846153846153847
2.0 0.6453120168017121 0.3500371530528654 0.021538461538461538 0.012307692307692308
7.0 0.6992674007039187 0.7144921974736229 0.024615384615384615 0.012307692307692308
2.0 0.6298443951168434 0.2958978551074537 0.023076923076923078 0.012307692307692308
7.0 0.6627318092658384 0.39929721233423504 0.016923076923076923 0.007692307692307693
2.0 0.5997700722011926 0.5767459146228316 0.05846153846153846 0.033846153846153845
2.0 0.567855665918387 0.40252465261573556 0.06153846153846154 0.03230769230769231
2.0 0.6589761586383293 0.4107456277897346 0.018461538461538463 0.009230769230769232
2.0 0.6119261035986044 0.24913373510893927 0.026153846153846153 0.013846153846153847
9.0 0.5885593621001072 0.20887758988140573 0.06 0.027692307692307693
7.0 0.6886171340972912 0.5560087504079188 0.02 0.012307692307692308
7.0 0.6453336512531896 0.3211634929741364 0.02 0.010769230769230769
2.0 0.683685146819671 0.5916466357765984 0.021538461538461538 0.010769230769230769
2.0 0.6801797776518916 0.6906072002435117 0.03076923076923077 0.016923076923076923
7.0 0.6772897997327272 0.47840054900995765 0.018461538461538463 0.010769230769230769
7.0 0.6032765241173542 0.18060879566010668 0.027692307692307693 0.013846153846153847
2.0 0.5613246695710925 0.270472680589294 0.05076923076923077 0.027692307692307693
2.0 0.6702925121885059 0.4738536930430851 0.018461538461538463 0.010769230769230769
8.0 0.5983027593909163 0.09254040361976137 0.021538461538461538 0.010769230769230769
7.0 0.6260830913494935 0.24817456777793176 0.021538461538461538 0.010769230769230769
2.0 0.6396090559996126 0.685865850498373 0.047692307692307694 0.026153846153846153
2.0 0.6785547157719106 0.5346727369682643 0.021538461538461538 0.010769230769230769
8.0 0.612495544273485 0.09824187854480654 0.015384615384615385 0.009230769230769232
8.0 0.6156725680489733 0.16401091624849828 0.018461538461538463 0.010769230769230769
8.0 0.6167655357890881 0.11722370857938562 0.015384615384615385 0.006153846153846154
2.0 0.5745274854559465 0.21545028899707105 0.038461538461538464 0.018461538461538463
8.0 0.6066133608278941 0.09562702294165823 0.018461538461538463 0.009230769230769232
8.0 0.6242841693377265 0.1508904628915601 0.013846153846153847 0.007692307692307693
8.0 0.6205367603195547 0.1571126309709674 0.015384615384615385 0.009230769230769232
8.0 0.6211758851370799 0.13528247587775338 0.013846153846153847 0.006153846153846154
8.0 0.6078718891412603 0.17423627645782483 0.023076923076923078 0.012307692307692308
9.0 0.5839919037700281 0.22060553314558146 0.06461538461538462 0.03076923076923077
