2 0.82225 0.38804 0.01219 0.04783
7 0.74095 0.31957 0.00696 0.02609
7 0.32678 0.48478 0.0289 0.12391
7 0.80641 0.54946 0.03552 0.12065
7 0.94168 0.38859 0.0101 0.04022
2 0.75226 0.33913 0.00801 0.03261
2 0.38005 0.26359 0.00662 0.02717
7 0.83983 0.34946 0.00766 0.03152
2 0.30867 0.25978 0.00662 0.02826
7 0.44638 0.26304 0.00487 0.02174
2 0.63336 0.41196 0.0195 0.07174
2 0.41104 0.37826 0.01985 0.07391
2 0.45857 0.27228 0.00627 0.025
2 0.24513 0.26196 0.00836 0.03261
9 0.18715 0.27337 0.0101 0.07717
7 0.64519 0.29674 0.00557 0.02391
7 0.3454 0.25163 0.00557 0.02283
2 0.68593 0.31739 0.00627 0.02826
2 0.80327 0.3625 0.00975 0.03804
7 0.54735 0.27826 0.00487 0.02174
7 0.1593 0.24402 0.00731 0.03152
2 0.24983 0.33152 0.01567 0.06304
2 0.539 0.28478 0.00557 0.02391
8 0.05153 0.21359 0.00557 0.025
7 0.24983 0.24457 0.00592 0.02609
2 0.78081 0.40924 0.01497 0.05978
2 0.61542 0.3 0.00592 0.02609
8 0.06424 0.19891 0.00453 0.01739
8 0.1445 0.22228 0.00627 0.02283
8 0.08879 0.20163 0.00418 0.01848
2 0.18924 0.29293 0.0094 0.04891
8 0.05867 0.20489 0.00522 0.02065
8 0.13231 0.20652 0.00418 0.01739
8 0.13823 0.21359 0.00487 0.01848
8 0.11229 0.2038 0.00383 0.0163
8 0.15355 0.23587 0.00696 0.02826
9 0.19934 0.2837 0.01497 0.08261
