7.0 0.4327100110736487 0.3209520830946638 0.030042918454935622 0.04291845493562232
7.0 0.6977536698674283 0.48086829311599677 0.01430615164520744 0.022889842632331903
2.0 0.6661345012535657 0.4897374183893528 0.022889842632331903 0.034334763948497854
7.0 0.5226334646564705 0.36184032159558127 0.02145922746781116 0.030042918454935622
7.0 0.6652706402990749 0.45705638762201817 0.01430615164520744 0.02145922746781116
7.0 0.5994307481049407 0.4093932529626814 0.017167381974248927 0.02575107296137339
7.0 0.7110361809972903 0.4752073161400524 0.011444921316165951 0.017167381974248927
2.0 0.5745245560867842 0.45890457515003585 0.034334763948497854 0.05007153075822604
2.0 0.7627152888985901 0.553770180858443 0.01859799713876967 0.027181688125894134
2.0 0.7798469610240436 0.5383805161211214 0.012875536480686695 0.017167381974248927
2.0 0.5076946444407463 0.48973423023295076 0.055793991416309016 0.07725321888412018
2.0 0.6078226120572361 0.46066366901393846 0.027181688125894134 0.03862660944206009
2.0 0.7578324428682052 0.513254242159879 0.010014306151645207 0.015736766809728183
2.0 0.7245299619678239 0.5275879627140267 0.020028612303290415 0.02861230329041488
2.0 0.7862817771589188 0.5659976627454497 0.017167381974248927 0.024320457796852647
7.0 0.7215904467191842 0.4872805541910325 0.011444921316165951 0.017167381974248927
7.0 0.2832452008909992 0.2824625422946796 0.058655221745350504 0.07582260371959942
2.0 0.7937578151736563 0.557897769327841 0.01430615164520744 0.020028612303290415
2.0 0.7314234939619582 0.4860560265015059 0.008583690987124463 0.012875536480686695
7.0 0.7153570948906243 0.49195354555854903 0.015736766809728183 0.02145922746781116
2.0 0.7331310728580809 0.4718768966434147 0.004291845493562232 0.00715307582260372
2.0 0.7153573103259712 0.45701411661959107 0.00715307582260372 0.010014306151645207
7.0 0.7813427903420349 0.5125848568759566 0.00715307582260372 0.010014306151645207
2.0 0.6848982680619637 0.4352926710073635 0.00715307582260372 0.011444921316165951
7.0 0.7224689690086544 0.45974139822047466 0.005722460658082976 0.008583690987124463
7.0 0.7509356793699435 0.48491366391375046 0.004291845493562232 0.00715307582260372
2.0 0.7693480701936198 0.5042810655154668 0.008583690987124463 0.011444921316165951
2.0 0.7532056886561128 0.4899034375608301 0.005722460658082976 0.00715307582260372
7.0 0.6965075215661609 0.45854737198283635 0.010014306151645207 0.01430615164520744
2.0 0.822724936281071 0.5520985771541311 0.00715307582260372 0.010014306151645207
7.0 0.6469802995516815 0.4055856291443368 0.00715307582260372 0.010014306151645207
7.0 0.8296836672165672 0.5561162023329581 0.005722460658082976 0.010014306151645207
2.0 0.6877894958779728 0.43971919507312135 0.008583690987124463 0.012875536480686695
7.0 0.6571635445289904 0.4073290190113653 0.005722460658082976 0.010014306151645207
7.0 0.8126737960408991 0.541702913081763 0.00715307582260372 0.010014306151645207
7.0 0.6648856533923172 0.42558220307415623 0.010014306151645207 0.01430615164520744
7.0 0.6449916451993998 0.3998448434696796 0.00715307582260372 0.010014306151645207
7.0 0.696545720646787 0.43833814771793767 0.00715307582260372 0.010014306151645207
2.0 0.6999400739445177 0.44444224576230734 0.005722460658082976 0.008583690987124463
2.0 0.7979890295651418 0.5309241124832991 0.005722460658082976 0.010014306151645207
2.0 0.48925028693373673 0.6744457730888282 0.11158798283261803 0.15021459227467812
7.0 0.6741942538903241 0.419918976553518 0.00715307582260372 0.008583690987124463
2.0 0.7000684859556029 0.45416683964911186 0.00715307582260372 0.012875536480686695
7.0 0.8001095395280625 0.5303130268400649 0.005722460658082976 0.00715307582260372
7.0 0.7219619657167645 0.49300959660008736 0.012875536480686695 0.01859799713876967
2.0 0.6883688040855995 0.43591774946089384 0.005722460658082976 0.008583690987124463
