7 0.85237 0.29674 0.01462 0.06087
7 0.70717 0.24783 0.00905 0.03478
7 0.80031 0.26196 0.0101 0.0413
7 0.83583 0.27554 0.01288 0.05109
7 0.66121 0.2462 0.00696 0.03152
7 0.81981 0.325 0.01985 0.07174
7 0.49756 0.24511 0.00627 0.025
7 0.5585 0.24728 0.00696 0.02717
2 0.87639 0.2337 0.01393 0.03478
2 0.88823 0.20163 0.00627 0.02065
7 0.8992 0.19565 0.00592 0.01957
7 0.51445 0.23043 0.00522 0.01957
2 0.71936 0.22989 0.00836 0.02717
2 0.62082 0.23315 0.00627 0.02283
7 0.75696 0.25326 0.00975 0.03696
7 0.93628 0.19348 0.00557 0.01957
9 0.71744 0.39946 0.0296 0.1837
2 0.57678 0.22935 0.00522 0.02174
9 0.6788 0.4288 0.0484 0.20109
2 0.79683 0.2288 0.00801 0.02935
7 0.56389 0.22228 0.00383 0.01848
2 0.70352 0.21141 0.00592 0.02065
7 0.68698 0.20815 0.00418 0.01848
7 0.82382 0.19837 0.00418 0.01848
7 0.48799 0.23967 0.00522 0.02283
2 0.6109 0.22065 0.00453 0.01739
7 0.62448 0.21413 0.00383 0.01739
2 0.65077 0.21576 0.00487 0.01848
2 0.80449 0.20489 0.00592 0.02065
2 0.94916 0.19837 0.00418 0.02283
7 0.7023 0.4462 0.02507 0.12283
2 0.58948 0.23315 0.00557 0.02283
2 0.5874 0.225 0.00348 0.01957
2 0.75609 0.20707 0.00592 0.01848
7 0.75279 0.20272 0.00418 0.0163
7 0.34036 0.75163 0.04422 0.19239
