7 0.29822 0.33424 0.01497 0.05761
7 0.72075 0.34239 0.00696 0.03043
2 0.68942 0.37446 0.01045 0.04674
7 0.43245 0.3212 0.00975 0.04239
7 0.66609 0.33641 0.00627 0.03152
7 0.55571 0.325 0.00766 0.03478
7 0.73259 0.32663 0.00487 0.02283
2 0.56006 0.40054 0.01567 0.06848
2 0.84732 0.38424 0.00801 0.03804
2 0.85707 0.35435 0.00522 0.02391
2 0.50209 0.48261 0.02577 0.1087
2 0.60063 0.37989 0.01253 0.05326
2 0.81389 0.33967 0.00383 0.02065
2 0.7843 0.37935 0.0094 0.0413
2 0.88353 0.38261 0.00662 0.03261
7 0.75331 0.3337 0.00313 0.02391
7 0.09523 0.39076 0.03308 0.09891
2 0.88684 0.36793 0.00418 0.02717
2 0.7641 0.32554 0.00313 0.01848
7 0.74913 0.34348 0.00662 0.02826
2 0.75644 0.30761 0.00174 0.01304
2 0.72528 0.30217 0.00279 0.01304
7 0.84123 0.32283 0.00279 0.01304
2 0.67444 0.29728 0.00279 0.01413
7 0.73555 0.30054 0.00174 0.01196
7 0.78639 0.31087 0.00244 0.01087
2 0.82138 0.3212 0.00279 0.01413
2 0.79248 0.31522 0.00279 0.01304
7 0.70404 0.31685 0.00418 0.02065
2 0.91713 0.3413 0.00279 0.01304
7 0.60933 0.28804 0.00279 0.01739
7 0.9281 0.3413 0.00244 0.01304
2 0.68088 0.30054 0.00244 0.0163
7 0.62256 0.28315 0.00279 0.01413
7 0.89815 0.33587 0.00313 0.01304
7 0.64415 0.29946 0.00348 0.01848
7 0.60306 0.28261 0.00279 0.01522
7 0.69029 0.29293 0.00244 0.01196
2 0.69847 0.29783 0.00209 0.01304
2 0.87343 0.33315 0.00244 0.01413
2 0.60637 0.71359 0.05675 0.20543
7 0.65129 0.28641 0.00244 0.01196
2 0.70526 0.30924 0.00244 0.01848
7 0.87552 0.33098 0.00174 0.01196
7 0.75766 0.34022 0.00557 0.02609
2 0.67897 0.29565 0.00209 0.01304
