7.0 0.35914532527210147 0.16906826825457164 0.02197802197802198 0.007326007326007326
7.0 0.3264354476605126 0.7537944959818813 0.06227106227106227 0.02197802197802198
7.0 0.31154915040013187 0.4187460731053918 0.029304029304029304 0.007326007326007326
2.0 0.39451425626593056 0.0797298709671551 0.02564102564102564 0.007326007326007326
7.0 0.2896536731023695 0.541917883035673 0.03296703296703297 0.007326007326007326
7.0 0.3321808550289546 0.31364705433797185 0.02564102564102564 0.007326007326007326
2.0 0.35286005843757295 0.412469630134771 0.04212454212454213 0.01282051282051282
2.0 0.36881225606383006 0.22816641284835265 0.027472527472527472 0.007326007326007326
7.0 0.3775292964056602 0.08885417284830023 0.020146520146520148 0.007326007326007326
2.0 0.4551559939938403 0.5276310161709806 0.08974358974358974 0.02564102564102564
2.0 0.37733874371689313 0.4933873286414418 0.054945054945054944 0.016483516483516484
7.0 0.29956686985502734 0.6339245052030221 0.04212454212454213 0.014652014652014652
7.0 0.3407566265180418 0.2640027271090598 0.023809523809523808 0.009157509157509158
7.0 0.3500421733515762 0.21899532383514747 0.02197802197802198 0.005494505494505495
2.0 0.7452889104306566 0.33827609858410745 0.19047619047619047 0.06776556776556776
2.0 0.3828859732148914 0.14372163663780788 0.02564102564102564 0.009157509157509158
2.0 0.35340850277935665 0.33149716296425347 0.03296703296703297 0.01098901098901099
