7 0.07434 0.31196 0.02124 0.06957
7 0.21361 0.26304 0.01079 0.04348
7 0.54526 0.2712 0.00557 0.025
7 0.37813 0.26576 0.00836 0.03804
7 0.58705 0.27283 0.00487 0.02391
2 0.50609 0.30489 0.0101 0.04239
2 0.4288 0.33043 0.01497 0.05652
7 0.6297 0.275 0.00522 0.02174
2 0.89728 0.32717 0.00487 0.01957
2 0.76636 0.30489 0.00487 0.02065
7 0.49617 0.26902 0.00627 0.02717
2 0.60515 0.30054 0.00696 0.03152
2 0.36455 0.41304 0.02437 0.0913
7 0.82416 0.30435 0.00418 0.01739
2 0.71936 0.29891 0.00487 0.02174
2 0.67375 0.29946 0.00557 0.02717
7 0.879 0.31196 0.00383 0.01739
7 0.75958 0.29457 0.00453 0.01739
2 0.47023 0.7 0.05536 0.2087
7 0.94272 0.325 0.00453 0.01739
7 0.69499 0.28098 0.00418 0.01848
2 0.83792 0.31793 0.00522 0.01848
2 0.93506 0.3288 0.00522 0.01848
