7.0 0.13786273318308723 0.45997702450374245 0.014814814814814815 0.023703703703703703
7.0 0.11703392395655046 0.47195739200803793 0.014814814814814815 0.023703703703703703
2.0 0.23779668652048122 0.48768661404726404 0.028148148148148148 0.044444444444444446
7.0 0.7478709172858784 0.2515615533481216 0.011851851851851851 0.01925925925925926
7.0 0.6803681004264817 0.2716853331691169 0.011851851851851851 0.017777777777777778
7.0 0.18344043630748713 0.438331131584372 0.011851851851851851 0.02074074074074074
7.0 0.6153457194201193 0.2902563887765975 0.008888888888888889 0.016296296296296295
2.0 0.21145733420119137 0.4678206624028622 0.01925925925925926 0.03259259259259259
2.0 0.541694967113062 0.31898764016451986 0.011851851851851851 0.01925925925925926
2.0 0.6295817355507854 0.29203845849817656 0.011851851851851851 0.01925925925925926
2.0 0.4759992967709213 0.6149219006009681 0.08888888888888889 0.13925925925925925
2.0 0.21291201367940016 0.4464154501640082 0.014814814814814815 0.022222222222222223
2.0 0.2940098155307123 0.5159061766169353 0.044444444444444446 0.06814814814814815
2.0 0.7162146952610206 0.26745756655967134 0.011851851851851851 0.01925925925925926
2.0 0.3880202037806807 0.36439208466472445 0.01037037037037037 0.017777777777777778
7.0 0.3550367509936856 0.3705002454799888 0.01037037037037037 0.016296296296296295
2.0 0.4645457012831001 0.34114787464242957 0.011851851851851851 0.017777777777777778
2.0 0.31719932177785715 0.390061641519912 0.011851851851851851 0.016296296296296295
7.0 0.44707690732666183 0.33990010128387854 0.008888888888888889 0.013333333333333334
7.0 0.251429151239979 0.409862360516749 0.01037037037037037 0.016296296296296295
2.0 0.25386450093013974 0.41826012054019296 0.013333333333333334 0.01925925925925926
7.0 0.5565014095685256 0.307430181964009 0.01037037037037037 0.014814814814814815
7.0 0.4969295115124449 0.32492791829115003 0.008888888888888889 0.013333333333333334
7.0 0.3996566478624315 0.35515102973080687 0.008888888888888889 0.014814814814814815
7.0 0.31255787011100505 0.38580955157358826 0.008888888888888889 0.014814814814814815
