7.0 0.5118571693282281 0.5041907730029154 0.0905982905982906 0.041025641025641026
7.0 0.4841057617136694 0.3145158560733084 0.06153846153846154 0.02905982905982906
7.0 0.6272335749250392 0.7456967881533034 0.17094017094017094 0.07521367521367521
7.0 0.5018675738829483 0.1385359477165035 0.05811965811965812 0.023931623931623933
7.0 0.3448044228146584 0.5463801911338851 0.018803418803418803 0.008547008547008548
2.0 0.4021819109075308 0.28750419936568444 0.022222222222222223 0.008547008547008548
7.0 0.3966107820969496 0.31053828775550507 0.023931623931623933 0.008547008547008548
2.0 0.3949441928357756 0.31798359886489247 0.020512820512820513 0.006837606837606838
2.0 0.39196100308715776 0.33077637418296163 0.023931623931623933 0.008547008547008548
2.0 0.38497117721409896 0.3566694721992594 0.020512820512820513 0.006837606837606838
2.0 0.34353969226213354 0.5574425049382356 0.017094017094017096 0.006837606837606838
2.0 0.3235219447372367 0.7020685143709772 0.020512820512820513 0.008547008547008548
2.0 0.36387498764986886 0.47766898881307684 0.023931623931623933 0.008547008547008548
7.0 0.35981268302662095 0.5063385425190949 0.02735042735042735 0.010256410256410256
2.0 0.35446562642203266 0.5127401407398043 0.017094017094017096 0.006837606837606838
2.0 0.36154510592281186 0.5106182087733385 0.02564102564102564 0.006837606837606838
2.0 0.3620529402008915 0.49527123475447343 0.02564102564102564 0.008547008547008548
7.0 0.3506829108866309 0.4819064896499067 0.03076923076923077 0.008547008547008548
2.0 0.3769790027246161 0.5044229954735947 0.02905982905982906 0.010256410256410256
2.0 0.36336320319094745 0.486998559816385 0.02564102564102564 0.008547008547008548
2.0 0.35663433757798735 0.499047437394003 0.02564102564102564 0.006837606837606838
