2 0.19725 0.36196 0.02124 0.07609
7 0.05414 0.21033 0.00731 0.025
7 0.13196 0.21304 0.00487 0.02174
2 0.88196 0.31739 0.00418 0.01522
7 0.10463 0.21141 0.00383 0.02065
7 0.164 0.21413 0.00627 0.01957
2 0.21692 0.22609 0.00487 0.01957
7 0.18071 0.21413 0.00487 0.01957
2 0.82399 0.30815 0.00592 0.0163
7 0.6149 0.26033 0.00279 0.01196
2 0.77472 0.29946 0.00418 0.0163
2 0.34471 0.4413 0.02925 0.10435
2 0.9227 0.32446 0.00418 0.01413
7 0.22458 0.2087 0.00348 0.01304
2 0.60655 0.25978 0.00279 0.01087
2 0.59157 0.25707 0.00279 0.01196
7 0.84558 0.30761 0.00453 0.01522
7 0.76724 0.29511 0.00383 0.01413
2 0.43141 0.23641 0.00348 0.01413
2 0.24513 0.22609 0.00418 0.01739
7 0.29387 0.21848 0.00348 0.01522
7 0.32974 0.22228 0.00418 0.01413
7 0.3501 0.225 0.00383 0.01304
7 0.58008 0.25217 0.00279 0.0087
2 0.6337 0.26848 0.00279 0.01304
7 0.79457 0.3 0.00348 0.01522
7 0.90494 0.31848 0.00487 0.01522
2 0.72806 0.29076 0.00487 0.0163
2 0.48886 0.24022 0.00279 0.01304
2 0.16905 0.22554 0.00592 0.02283
7 0.71605 0.28478 0.00313 0.01522
2 0.41226 0.23478 0.00279 0.01304
7 0.40825 0.22935 0.00313 0.01087
7 0.50487 0.24185 0.00279 0.01196
2 0.56337 0.25217 0.00279 0.01087
2 0.51393 0.24457 0.00279 0.01304
7 0.38684 0.22717 0.00348 0.01087
2 0.10063 0.22174 0.00766 0.02174
2 0.26654 0.21848 0.00313 0.01522
2 0.34262 0.22609 0.00279 0.01304
7 0.73955 0.28967 0.00418 0.01413
2 0.68524 0.28043 0.00348 0.01739
7 0.69481 0.27989 0.00313 0.01413
2 0.62813 0.26576 0.00279 0.01196
2 0.25627 0.21902 0.00209 0.01413
2 0.44046 0.23587 0.00279 0.01304
7 0.67792 0.27446 0.00348 0.01196
2 0.52716 0.62935 0.05084 0.18261
2 0.46762 0.2375 0.00209 0.01413
7 0.66609 0.2712 0.00348 0.01196
7 0.18924 0.21087 0.00453 0.01739
2 0.62117 0.26413 0.00348 0.01304
7 0.64345 0.26522 0.00279 0.0087
7 0.3945 0.22826 0.00348 0.01087
7 0.19429 0.2087 0.00279 0.01304
2 0.28621 0.21957 0.00418 0.01304
2 0.26393 0.22391 0.00487 0.01739
2 0.64554 0.27283 0.00279 0.01087
2 0.53865 0.24783 0.00279 0.01304
2 0.44916 0.23587 0.00279 0.01087
7 0.46936 0.23587 0.00209 0.01304
7 0.43837 0.23152 0.00209 0.01087
2 0.25766 0.22609 0.00418 0.01522
7 0.37221 0.22717 0.00279 0.01304
2 0.375 0.23098 0.00348 0.0163
7 0.25888 0.21359 0.00313 0.01413
