7.0 0.4505421914688464 0.5424542826154418 0.10207612456747404 0.04152249134948097
7.0 0.5007060757591524 0.6883310983423662 0.07958477508650519 0.03460207612456748
7.0 0.5325040591359147 0.8246504565022399 0.06747404844290658 0.025951557093425604
7.0 0.3110720795331136 0.338738974615888 0.17647058823529413 0.07093425605536333
8.0 0.6022603917166406 0.141462230254147 0.02422145328719723 0.012110726643598616
8.0 0.6084611607608881 0.18902000284703244 0.02422145328719723 0.00865051903114187
8.0 0.6185482499703152 0.48909982940551217 0.020761245674740483 0.00865051903114187
8.0 0.5992066579491974 0.09548378260096897 0.029411764705882353 0.010380622837370242
8.0 0.6175141484293386 0.4540548034669371 0.020761245674740483 0.006920415224913495
8.0 0.6216078208701763 0.5523685001151897 0.02249134948096886 0.00865051903114187
8.0 0.6187659453856376 0.5217728321963876 0.01903114186851211 0.00865051903114187
