7.0 0.6419501627229527 0.5903146471602934 0.08287292817679558 0.08287292817679558
7.0 0.7363502462782385 0.4287073847204306 0.006906077348066298 0.008287292817679558
2.0 0.7241539435029795 0.41705113963263674 0.006906077348066298 0.0055248618784530384
2.0 0.744051068858763 0.4298875107782253 0.0055248618784530384 0.0055248618784530384
7.0 0.7437810400150303 0.43450800432653996 0.006906077348066298 0.006906077348066298
7.0 0.7098574163875773 0.40819519366503376 0.0055248618784530384 0.0055248618784530384
2.0 0.7290494664291699 0.4387984626214035 0.006906077348066298 0.006906077348066298
2.0 0.6933006478394497 0.41012039931016486 0.009668508287292817 0.009668508287292817
7.0 0.756827433594633 0.44375399195731235 0.0055248618784530384 0.0055248618784530384
2.0 0.7612729084479359 0.4433089444185678 0.004143646408839779 0.0055248618784530384
7.0 0.7426659209010973 0.44154375586601896 0.008287292817679558 0.008287292817679558
2.0 0.6905053492534022 0.40351469370700066 0.006906077348066298 0.008287292817679558
2.0 0.7529820228385141 0.45404009068987006 0.006906077348066298 0.006906077348066298
2.0 0.7356401704299045 0.4241969029232663 0.0055248618784530384 0.0055248618784530384
7.0 0.6917804854599175 0.39283855331127354 0.0055248618784530384 0.0055248618784530384
2.0 0.6824894930218564 0.38245744442999524 0.004143646408839779 0.004143646408839779
7.0 0.6694931047836855 0.3841326233679665 0.006906077348066298 0.006906077348066298
2.0 0.7149079558722069 0.42194666255882735 0.008287292817679558 0.008287292817679558
2.0 0.762923084715191 0.4677815585153773 0.008287292817679558 0.008287292817679558
7.0 0.7255790957337908 0.42119658243734776 0.0055248618784530384 0.006906077348066298
2.0 0.7057719799925848 0.4035696995825759 0.004143646408839779 0.0055248618784530384
2.0 0.7171431946342163 0.41222062365030787 0.0055248618784530384 0.0055248618784530384
7.0 0.7662034351131288 0.4498696452144431 0.006906077348066298 0.006906077348066298
2.0 0.7192884237816481 0.4072950975192581 0.004143646408839779 0.004143646408839779
2.0 0.6960209384133492 0.3938186580033404 0.004143646408839779 0.0055248618784530384
2.0 0.6684579942160436 0.3869079198174412 0.009668508287292817 0.009668508287292817
2.0 0.7749293671930086 0.448804531441942 0.004143646408839779 0.004143646408839779
7.0 0.6780640203051264 0.3818323776620955 0.0055248618784530384 0.0055248618784530384
2.0 0.6989962562285519 0.39189345235820916 0.004143646408839779 0.004143646408839779
7.0 0.6933956579881705 0.40097442236225633 0.006906077348066298 0.0055248618784530384
7.0 0.7173332149316578 0.4205615146011616 0.0055248618784530384 0.006906077348066298
2.0 0.7574424992942465 0.43512807056029645 0.0027624309392265192 0.0027624309392265192
7.0 0.18121094783700453 0.41275568080362995 0.15607734806629833 0.15607734806629833
8.0 0.7355601618836133 0.43280782271785273 0.008287292817679558 0.008287292817679558
