7 0.18558 0.29348 0.01045 0.04783
7 0.67914 0.31685 0.00731 0.02935
2 0.49408 0.3087 0.00975 0.03913
2 0.33269 0.32609 0.01358 0.0587
2 0.40773 0.30978 0.01045 0.04783
2 0.28708 0.36793 0.01845 0.07935
9 0.3038 0.41576 0.03726 0.18152
7 0.5524 0.29837 0.00662 0.03152
7 0.81058 0.3413 0.00766 0.03261
8 0.06912 0.21196 0.00522 0.02391
9 0.35881 0.46957 0.04979 0.21739
8 0.14833 0.24511 0.00766 0.0337
8 0.17026 0.27283 0.01114 0.04348
2 0.69603 0.33315 0.00836 0.03587
2 0.59157 0.31739 0.00905 0.03696
7 0.30623 0.28261 0.0087 0.03913
8 0.13475 0.22935 0.00696 0.02609
2 0.8038 0.35435 0.0087 0.03696
8 0.09958 0.21522 0.00487 0.02391
7 0.42723 0.28533 0.00766 0.0337
2 0.92218 0.38424 0.01079 0.04022
8 0.125 0.21793 0.00557 0.02283
2 0.32242 0.47337 0.03343 0.12283
2 0.62134 0.70815 0.05188 0.21413
1 0.21501 0.21359 0.00244 0.01413
1 0.17514 0.21359 0.00279 0.0163
1 0.23781 0.21848 0.00348 0.01522
1 0.31076 0.22609 0.00174 0.01304
1 0.30693 0.22174 0.00244 0.01304
1 0.38196 0.23533 0.00279 0.0163
1 0.39676 0.23478 0.00244 0.01304
1 0.4476 0.24783 0.00313 0.01522
1 0.4812 0.25054 0.00279 0.01413
1 0.49808 0.25924 0.00313 0.0163
1 0.54056 0.26304 0.00244 0.01522
1 0.55536 0.27228 0.00348 0.01848
1 0.59488 0.27554 0.00313 0.01848
1 0.06058 0.20543 0.00418 0.01957
1 0.13301 0.21413 0.00279 0.01957
1 0.12987 0.20761 0.00279 0.01304
