7.0 0.7481487258771593 0.63428403349132 0.03166666666666667 0.011666666666666667
7.0 0.7327021403424461 0.7613885149466213 0.04833333333333333 0.018333333333333333
7.0 0.7231136701187311 0.5127795001619776 0.025 0.008333333333333333
7.0 0.7507700881602125 0.7133767431663932 0.03166666666666667 0.016666666666666666
7.0 0.7417477305130151 0.5964790842557536 0.02666666666666667 0.011666666666666667
7.0 0.7477296420935374 0.7439326863648408 0.041666666666666664 0.02
7.0 0.7507942048264666 0.6770524960950229 0.03333333333333333 0.011666666666666667
7.0 0.7164119698604756 0.461263212214317 0.023333333333333334 0.008333333333333333
2.0 0.7644807937616199 0.6404892010986574 0.023333333333333334 0.01
2.0 0.814112304947726 0.7743118954575452 0.016666666666666666 0.005
7.0 0.8213323125305702 0.7822969612123226 0.016666666666666666 0.008333333333333333
2.0 0.8259648398794703 0.8255832578433905 0.016666666666666666 0.008333333333333333
2.0 0.7406633430867814 0.5228337224079929 0.02 0.008333333333333333
7.0 0.7069411796176783 0.7406645130303442 0.058333333333333334 0.025
7.0 0.3265131957629637 0.4703066252334846 0.205 0.08833333333333333
2.0 0.7866962532292262 0.7693571589447963 0.03 0.011666666666666667
7.0 0.804848869358541 0.7217809678667702 0.016666666666666666 0.008333333333333333
2.0 0.7772315016148776 0.623484629467711 0.015 0.006666666666666667
2.0 0.7764646969643789 0.704600740792193 0.025 0.01
2.0 0.7642927298705583 0.5812043897508782 0.013333333333333334 0.006666666666666667
9.0 0.6155148242613964 0.649468625399717 0.16 0.06666666666666667
7.0 0.7301485061004712 0.4711545560467662 0.015 0.006666666666666667
9.0 0.637285567109646 0.6739934281976976 0.15 0.05
2.0 0.7989153717098192 0.7058350953347271 0.013333333333333334 0.005
7.0 0.77511308494427 0.6101266181326556 0.013333333333333334 0.006666666666666667
7.0 0.7183265825257329 0.4516590310362032 0.021666666666666667 0.01
2.0 0.7525087746479023 0.5497398488370284 0.016666666666666666 0.008333333333333333
2.0 0.7459903342155633 0.5599433598092947 0.018333333333333333 0.006666666666666667
7.0 0.8280842137181207 0.8121577987534194 0.013333333333333334 0.005
7.0 0.6033239944856041 0.6693982419033555 0.09833333333333333 0.035
7.0 0.74664446538814 0.5098659492871379 0.013333333333333334 0.008333333333333333
7.0 0.761434461684064 0.5592102113606093 0.013333333333333334 0.006666666666666667
2.0 0.7460086506065102 0.5308789362210191 0.016666666666666666 0.005
2.0 0.7889842368006562 0.6669081814961214 0.015 0.006666666666666667
2.0 0.7414521223506209 0.5341813032502127 0.02 0.008333333333333333
7.0 0.7902630022094115 0.663782215418529 0.013333333333333334 0.006666666666666667
