2.0 0.5692473547805416 0.1795784351889009 0.012552301255230125 0.015341701534170154
7.0 0.6034731493719119 0.16302384432933772 0.016736401673640166 0.019525801952580194
7.0 0.622679692721896 0.38082858131304165 0.08228730822873083 0.09623430962343096
7.0 0.6771526095011431 0.22898825763681704 0.0502092050209205 0.058577405857740586
7.0 0.631943482021994 0.14399301064584896 0.015341701534170154 0.019525801952580194
2.0 0.5507487480083654 0.19303530335104999 0.01394700139470014 0.015341701534170154
7.0 0.5442899005169952 0.2047067471858256 0.015341701534170154 0.01813110181311018
7.0 0.5563629655385465 0.17859368660436875 0.009762900976290097 0.011157601115760111
7.0 0.5240679537971038 0.20390432861615507 0.008368200836820083 0.009762900976290097
7.0 0.494783961006483 0.23569062715174194 0.011157601115760111 0.012552301255230125
2.0 0.6051117661803979 0.14185883044304798 0.011157601115760111 0.012552301255230125
2.0 0.543147097944703 0.193899473295801 0.011157601115760111 0.012552301255230125
7.0 0.5017861556432534 0.22555895210674806 0.009762900976290097 0.011157601115760111
2.0 0.5748763022513862 0.16659209697530147 0.011157601115760111 0.012552301255230125
2.0 0.5533954856387959 0.18374471711780055 0.009762900976290097 0.009762900976290097
1.0 0.19684185064345566 0.5224109532344565 0.011157601115760111 0.01394700139470014
7.0 0.5903686195856077 0.14811344535396384 0.008368200836820083 0.008368200836820083
7.0 0.5071810069137165 0.23023826213131693 0.012552301255230125 0.015341701534170154
1.0 0.2350089520914732 0.49559024825809 0.01394700139470014 0.016736401673640166
1.0 0.43179698341024164 0.2714952231576188 0.002789400278940028 0.005578800557880056
2.0 0.5403792212296114 0.1989000920210197 0.011157601115760111 0.012552301255230125
1.0 0.15329302760027574 0.5654294042731713 0.015341701534170154 0.016736401673640166
1.0 0.2773556256645067 0.4175156471776754 0.00697350069735007 0.00697350069735007
2.0 0.6261997252447186 0.13472147686219435 0.009762900976290097 0.009762900976290097
1.0 0.43570174590978117 0.2690356054536845 0.005578800557880056 0.00697350069735007
1.0 0.17178463967848825 0.5325393526609209 0.012552301255230125 0.015341701534170154
1.0 0.21795570776417242 0.49774695730738167 0.011157601115760111 0.01394700139470014
1.0 0.4586563020444503 0.2493060645859996 0.0041841004184100415 0.005578800557880056
1.0 0.45203869320519197 0.2533271267442524 0.002789400278940028 0.0041841004184100415
1.0 0.24603035724000866 0.44597607298636055 0.00697350069735007 0.008368200836820083
7.0 0.40531633321161925 0.8434786798765658 0.04881450488145049 0.05718270571827057
1.0 0.2732183862727668 0.4459014830403852 0.011157601115760111 0.01394700139470014
1.0 0.25495495360709153 0.4528596135457272 0.009762900976290097 0.012552301255230125
1.0 0.26294784191084253 0.43371960711872354 0.00697350069735007 0.009762900976290097
1.0 0.21300671211878472 0.4975868138876236 0.011157601115760111 0.01394700139470014
1.0 0.20692964384176835 0.48807467511092273 0.00697350069735007 0.008368200836820083
