7 0.73538 0.47174 0.02437 0.07826
7 0.40216 0.59674 0.04109 0.14783
2 0.64607 0.33424 0.00313 0.01848
2 0.68297 0.34674 0.00522 0.02391
1 0.76184 0.3538 0.00905 0.01848
1 0.76045 0.33043 0.00487 0.01957
1 0.68019 0.33207 0.00453 0.02935
2 0.61455 0.32283 0.00279 0.01304
2 0.59819 0.3163 0.00209 0.01304
2 0.5907 0.31467 0.00244 0.01196
2 0.91992 0.34511 0.00348 0.01848
2 0.90999 0.34402 0.00453 0.01848
2 0.90111 0.34293 0.00348 0.0163
2 0.89224 0.34185 0.00313 0.01848
1 0.73642 0.35272 0.01045 0.0163
