2.0 0.20432515985329738 0.3589019649100053 0.023076923076923078 0.075
7.0 0.06604390913010147 0.2071682837759221 0.007692307692307693 0.026923076923076925
7.0 0.14260843995164024 0.2111734367830096 0.0038461538461538464 0.021153846153846155
2.0 0.8791643663571175 0.32679033457257967 0.0038461538461538464 0.015384615384615385
7.0 0.1157310097129878 0.20909912194137428 0.0038461538461538464 0.021153846153846155
7.0 0.1741319816425145 0.21279707650236568 0.0057692307692307696 0.021153846153846155
2.0 0.22602437228540564 0.22548065536536288 0.0057692307692307696 0.019230769230769232
7.0 0.19058239885956144 0.21308421960298551 0.0038461538461538464 0.019230769230769232
2.0 0.8222536850990395 0.31669772292515624 0.0057692307692307696 0.015384615384615385
7.0 0.6172335442946885 0.26602760310302676 0.0019230769230769232 0.011538461538461539
2.0 0.7738984018710613 0.307296067258868 0.0038461538461538464 0.015384615384615385
2.0 0.3481310598666167 0.43954339062023295 0.028846153846153848 0.10192307692307692
2.0 0.919149997458321 0.334450577519544 0.0038461538461538464 0.013461538461538462
7.0 0.23386420558297344 0.2084924303950637 0.0019230769230769232 0.013461538461538462
2.0 0.6090227091626119 0.2653426614896485 0.0038461538461538464 0.009615384615384616
2.0 0.594321985517568 0.26241734525353344 0.0019230769230769232 0.011538461538461539
7.0 0.8435175728902051 0.31653711216783587 0.0057692307692307696 0.015384615384615385
7.0 0.7666093505068593 0.3028851070382342 0.0038461538461538464 0.013461538461538462
2.0 0.43700502291891863 0.23932611493040595 0.0038461538461538464 0.013461538461538462
2.0 0.2537961418660695 0.22596541340656487 0.0038461538461538464 0.01730769230769231
7.0 0.3019097561182889 0.21931117520803 0.0038461538461538464 0.015384615384615385
7.0 0.3371572319886131 0.22366853059067582 0.0038461538461538464 0.013461538461538462
7.0 0.35715420776990514 0.2266961409053968 0.0038461538461538464 0.013461538461538462
7.0 0.5830946789567761 0.25739602157970637 0.0019230769230769232 0.009615384615384616
2.0 0.6356014453964498 0.27437405376793317 0.0038461538461538464 0.011538461538461539
7.0 0.7934307612058337 0.3081687791585992 0.0038461538461538464 0.015384615384615385
7.0 0.9017686513163073 0.3282582880865727 0.0038461538461538464 0.013461538461538462
2.0 0.7281127452359915 0.29792941693790875 0.0057692307692307696 0.01730769230769231
2.0 0.493497090776847 0.24406414369926038 0.0038461538461538464 0.013461538461538462
2.0 0.1789074636394035 0.22411660571269698 0.0057692307692307696 0.023076923076923078
7.0 0.7163920752757863 0.2918359349752286 0.0038461538461538464 0.015384615384615385
2.0 0.418180519839778 0.23739236445520212 0.0019230769230769232 0.013461538461538462
7.0 0.4143261221136265 0.23197780973814344 0.0019230769230769232 0.011538461538461539
7.0 0.5092303724280087 0.24594393670373133 0.0038461538461538464 0.011538461538461539
2.0 0.5666442617397291 0.2571088784790865 0.0038461538461538464 0.009615384615384616
2.0 0.5181028889302685 0.24877736885944554 0.0019230769230769232 0.013461538461538462
7.0 0.39328617832801166 0.2294637676485305 0.0019230769230769232 0.013461538461538462
2.0 0.11161563825292853 0.21919991412866427 0.007692307692307693 0.023076923076923078
2.0 0.27500431610979736 0.21884153900575953 0.0038461538461538464 0.015384615384615385
2.0 0.3497716759468539 0.2276406725854653 0.0038461538461538464 0.013461538461538462
7.0 0.7394429834049648 0.2970537927284258 0.0038461538461538464 0.013461538461538462
2.0 0.6861354455947857 0.28702407418383125 0.0057692307692307696 0.01730769230769231
7.0 0.6955660590024143 0.28665691285383277 0.0057692307692307696 0.013461538461538462
2.0 0.6301647132201922 0.2716005934507087 0.0038461538461538464 0.011538461538461539
2.0 0.2648845769061225 0.21919667160024425 0.0019230769230769232 0.013461538461538462
2.0 0.44592371430662714 0.23895001796831164 0.0038461538461538464 0.013461538461538462
7.0 0.6790317466290117 0.281021029403322 0.0038461538461538464 0.011538461538461539
2.0 0.524515342402742 0.6278073173930494 0.051923076923076926 0.18076923076923077
2.0 0.4726337854233826 0.2410214115456079 0.0019230769230769232 0.015384615384615385
7.0 0.6674415402155082 0.27760838649441094 0.0038461538461538464 0.011538461538461539
7.0 0.19903590845677452 0.21002144105844417 0.0057692307692307696 0.01730769230769231
2.0 0.6233408436464856 0.26987631481252194 0.0019230769230769232 0.013461538461538462
7.0 0.6452560028096291 0.2713322395910014 0.0038461538461538464 0.009615384615384616
7.0 0.4008084530080179 0.23066846369385238 0.0019230769230769232 0.009615384615384616
7.0 0.20404474792262925 0.20797192982547819 0.0038461538461538464 0.013461538461538462
2.0 0.2943500205191114 0.22025261378468072 0.0038461538461538464 0.011538461538461539
2.0 0.27234155273619726 0.22414233625267438 0.0057692307692307696 0.01730769230769231
2.0 0.647182766004597 0.2788599358269094 0.0057692307692307696 0.011538461538461539
2.0 0.5423828546452522 0.25241151234088743 0.0019230769230769232 0.013461538461538462
2.0 0.4544885634860591 0.23909951796683904 0.0019230769230769232 0.011538461538461539
7.0 0.4743747650291081 0.23944663290594856 0.0019230769230769232 0.013461538461538462
7.0 0.4439409315719813 0.23463167901113333 0.0019230769230769232 0.011538461538461539
2.0 0.2661314936152974 0.22618072777226003 0.0038461538461538464 0.015384615384615385
7.0 0.378883449190645 0.22921236707629422 0.0038461538461538464 0.013461538461538462
2.0 0.3815646370315905 0.23301112344060765 0.0019230769230769232 0.015384615384615385
7.0 0.26754734027972266 0.2138958743533294 0.0038461538461538464 0.013461538461538462
