7 0.12256 0.28152 0.01323 0.05
7 0.10637 0.23587 0.0087 0.03261
8 0.41731 0.31793 0.01358 0.05326
8 0.26898 0.38587 0.02403 0.0913
8 0.21361 0.32065 0.01776 0.06522
7 0.14746 0.2538 0.01079 0.04239
8 0.52646 0.36685 0.0195 0.07283
1 0.56424 0.27717 0.00453 0.02609
1 0.12065 0.21576 0.00453 0.02065
1 0.33182 0.2288 0.00348 0.01848
1 0.55919 0.31576 0.00905 0.04022
2 0.22354 0.62174 0.06267 0.20217
1 0.31111 0.23152 0.00383 0.01957
1 0.32643 0.22337 0.00313 0.0163
1 0.60272 0.29891 0.00557 0.03043
1 0.63249 0.28261 0.00453 0.02391
1 0.21988 0.22065 0.00453 0.02609
1 0.11159 0.20978 0.00453 0.01957
1 0.40198 0.24185 0.00383 0.02065
1 0.40407 0.23424 0.00244 0.0163
1 0.457 0.23804 0.00313 0.01522
1 0.45874 0.24293 0.00313 0.0163
1 0.4617 0.24728 0.00348 0.01848
1 0.49321 0.25924 0.00453 0.02283
1 0.53743 0.26033 0.00383 0.02065
1 0.69168 0.34891 0.0101 0.04565
1 0.71048 0.31522 0.00662 0.03043
