7 0.58896 0.56413 0.05258 0.18478
1 0.11856 0.26196 0.00662 0.02391
1 0.82904 0.19783 0.00557 0.03043
1 0.19673 0.26522 0.00696 0.02826
1 0.05362 0.26196 0.00627 0.02174
1 0.18524 0.25543 0.00557 0.02391
1 0.89345 0.19076 0.00348 0.02065
1 0.34506 0.21685 0.00418 0.0163
1 0.64728 0.20217 0.00487 0.01957
1 0.36125 0.22011 0.00453 0.01848
1 0.92827 0.18696 0.00348 0.01957
1 0.88719 0.17391 0.00279 0.01522
1 0.91539 0.18424 0.00279 0.01848
1 0.836 0.18261 0.00348 0.01739
1 0.68558 0.19402 0.00418 0.01848
1 0.56598 0.19783 0.00313 0.01522
1 0.52629 0.2038 0.00383 0.01848
1 0.4906 0.20543 0.00487 0.01739
1 0.49217 0.20054 0.00383 0.0163
1 0.44586 0.20978 0.00383 0.01739
1 0.43036 0.20598 0.00418 0.0163
1 0.33478 0.22772 0.00522 0.02283
1 0.33339 0.20815 0.00522 0.02065
1 0.32016 0.24022 0.00662 0.02391
1 0.31964 0.22554 0.00487 0.01848
1 0.22615 0.24674 0.00522 0.02174
1 0.24269 0.24185 0.00557 0.02283
1 0.24739 0.23207 0.00453 0.01848
1 0.07991 0.24348 0.00383 0.01522
1 0.08948 0.23804 0.00348 0.01522
1 0.12674 0.2375 0.00418 0.0163
1 0.15651 0.23098 0.00313 0.01413
1 0.19916 0.22663 0.00279 0.01413
1 0.18541 0.22446 0.00313 0.01196
1 0.20247 0.22337 0.00313 0.0163
1 0.14224 0.22554 0.00244 0.00978
1 0.17148 0.22337 0.00244 0.01196
7 0.94429 0.4087 0.01393 0.07174
