7.0 0.46691825657838143 0.43647446317745736 0.0584045584045584 0.045584045584045586
7.0 0.36734352225133987 0.3992793905427629 0.09544159544159544 0.07264957264957266
2.0 0.4872834098795229 0.37417218778458045 0.03133903133903134 0.024216524216524215
2.0 0.6457745187656306 0.7264518548847676 0.04843304843304843 0.037037037037037035
2.0 0.43606790792742833 0.2858481836217881 0.03133903133903134 0.024216524216524215
7.0 0.4542366760576729 0.3561050398607868 0.038461538461538464 0.02849002849002849
7.0 0.6485208104542756 0.6248150520594616 0.022792022792022793 0.017094017094017096
2.0 0.6179089095508383 0.5861741908527833 0.02564102564102564 0.021367521367521368
2.0 0.5001512943618787 0.7549937846139667 0.12108262108262108 0.09116809116809117
2.0 0.6446664160526787 0.6653439332229855 0.03418803418803419 0.024216524216524215
7.0 0.6860646023228608 0.698839618660552 0.022792022792022793 0.017094017094017096
2.0 0.6482977962133438 0.6459827547003192 0.02849002849002849 0.021367521367521368
7.0 0.4419070144329586 0.2586342356395913 0.021367521367521368 0.01566951566951567
2.0 0.5571601448394647 0.46891358241911324 0.022792022792022793 0.017094017094017096
2.0 0.5188190972532067 0.40203042949047196 0.022792022792022793 0.018518518518518517
7.0 0.6110193074797357 0.5523902525532502 0.018518518518518517 0.014245014245014245
2.0 0.5901382358166049 0.5307230650621957 0.021367521367521368 0.01566951566951567
2.0 0.47862008284616414 0.33434918033739297 0.024216524216524215 0.018518518518518517
7.0 0.4864043223936337 0.33499843311928834 0.017094017094017096 0.01282051282051282
7.0 0.569856498479302 0.4777238049132696 0.018518518518518517 0.01282051282051282
7.0 0.5276505963812467 0.40517314719646835 0.019943019943019943 0.01282051282051282
2.0 0.5582574625734849 0.5307682481398354 0.039886039886039885 0.029914529914529916
2.0 0.5253107351312162 0.45130972989512214 0.029914529914529916 0.021367521367521368
7.0 0.35078487071599673 0.2108806803780107 0.05413105413105413 0.037037037037037035
2.0 0.4340273379681335 0.25936969669710136 0.024216524216524215 0.017094017094017096
2.0 0.5602266246869405 0.6163916215040923 0.06125356125356125 0.04700854700854701
