2 0.84645 0.4962 0.02159 0.08152
7 0.19812 0.48533 0.02089 0.08587
7 0.07086 0.7087 0.04422 0.20435
7 0.51079 0.38152 0.00836 0.03261
2 0.53847 0.44728 0.01636 0.05978
7 0.8999 0.39783 0.0094 0.03043
2 0.61734 0.4 0.01045 0.03913
7 0.60063 0.37663 0.00696 0.02935
2 0.68663 0.3962 0.00905 0.03587
7 0.77472 0.38152 0.00836 0.02826
2 0.55432 0.41304 0.01253 0.04783
7 0.67549 0.375 0.00627 0.02826
2 0.88127 0.43533 0.01184 0.04891
2 0.51932 0.51304 0.02263 0.09565
2 0.83461 0.45924 0.01532 0.06196
2 0.85776 0.40326 0.00731 0.03696
2 0.78534 0.69946 0.05397 0.175
7 0.30432 0.42337 0.01462 0.05326
7 0.41173 0.39402 0.0087 0.03587
2 0.7453 0.39076 0.0087 0.03152
