2 0.26253 0.33587 0.01671 0.06304
9 0.31964 0.39402 0.02437 0.15326
7 0.12361 0.21739 0.00627 0.02174
9 0.3461 0.41685 0.0383 0.17283
7 0.07695 0.21196 0.00557 0.02174
7 0.87187 0.31141 0.00418 0.01413
2 0.10359 0.26033 0.01149 0.04022
2 0.23973 0.30435 0.01358 0.05
2 0.84018 0.30924 0.00487 0.0163
2 0.91922 0.32283 0.00418 0.01522
2 0.18558 0.28098 0.01184 0.04239
2 0.08931 0.21902 0.00731 0.02283
2 0.44377 0.2413 0.00313 0.01304
2 0.78447 0.3 0.00487 0.01739
2 0.62274 0.26793 0.00313 0.01413
7 0.93315 0.32283 0.00418 0.01522
2 0.87831 0.31576 0.00453 0.0163
7 0.23729 0.21848 0.00383 0.01522
2 0.15564 0.22446 0.00627 0.02283
2 0.57138 0.25543 0.00279 0.01087
2 0.27089 0.22935 0.00557 0.01957
2 0.46379 0.2413 0.00279 0.01304
2 0.59506 0.25978 0.00279 0.01304
2 0.54822 0.25163 0.00244 0.01196
2 0.24704 0.22935 0.00522 0.01957
2 0.36212 0.23207 0.00348 0.01413
2 0.52559 0.24837 0.00244 0.01196
2 0.50226 0.24565 0.00244 0.01304
2 0.9382 0.35543 0.00731 0.02826
7 0.81598 0.30217 0.00383 0.01522
7 0.67114 0.27609 0.00244 0.01304
2 0.6304 0.27174 0.00313 0.01304
7 0.35393 0.22935 0.00313 0.01304
7 0.64415 0.26685 0.00279 0.01196
7 0.16069 0.21902 0.00453 0.02065
7 0.22267 0.22065 0.00453 0.01739
2 0.93454 0.34891 0.00627 0.02391
2 0.28969 0.22772 0.00487 0.0163
2 0.29596 0.22554 0.00348 0.01413
2 0.94116 0.34565 0.00487 0.02391
7 0.6781 0.27663 0.00244 0.01413
2 0.45421 0.2413 0.00313 0.01304
7 0.26358 0.21848 0.00348 0.01304
7 0.3226 0.22609 0.00383 0.01304
7 0.23033 0.22011 0.00453 0.01848
7 0.58896 0.25761 0.00244 0.01087
2 0.60742 0.2625 0.00313 0.01196
2 0.2829 0.2288 0.00453 0.0163
7 0.20891 0.2212 0.00348 0.01848
7 0.37221 0.23152 0.00279 0.01304
7 0.18228 0.22011 0.00453 0.01848
2 0.28604 0.22554 0.00383 0.0163
2 0.48189 0.24293 0.00279 0.01196
2 0.6969 0.28533 0.00383 0.0163
2 0.66104 0.27772 0.00313 0.01413
2 0.31407 0.22663 0.00348 0.01413
7 0.76549 0.29402 0.00383 0.01413
2 0.42514 0.23913 0.00348 0.01304
2 0.61769 0.26522 0.00279 0.01304
2 0.52019 0.6875 0.0578 0.20761
7 0.48642 0.24185 0.00279 0.01196
7 0.71483 0.28533 0.00348 0.01413
7 0.52019 0.24674 0.00279 0.01087
2 0.3273 0.43315 0.0188 0.10109
7 0.74008 0.28913 0.00244 0.01304
7 0.40669 0.23478 0.00279 0.01304
7 0.55501 0.25217 0.00279 0.01087
7 0.66052 0.27174 0.00209 0.01304
2 0.20735 0.22826 0.00522 0.01957
2 0.73816 0.29239 0.00348 0.01522
7 0.42897 0.23641 0.00279 0.01196
7 0.66783 0.27391 0.00279 0.01304
7 0.29283 0.22228 0.00348 0.01413
7 0.41417 0.23533 0.00313 0.01196
7 0.45717 0.23967 0.00279 0.01196
7 0.39276 0.2337 0.00279 0.01304
2 0.39049 0.23533 0.00313 0.01413
7 0.69464 0.28152 0.00279 0.01304
7 0.6196 0.2625 0.00174 0.01196
2 0.62117 0.26685 0.00209 0.01196
