7 0.34488 0.51793 0.02472 0.08587
7 0.49443 0.43098 0.01184 0.04457
7 0.58809 0.4087 0.00836 0.03696
2 0.84558 0.7337 0.06093 0.19565
2 0.63858 0.44565 0.01393 0.05652
2 0.63736 0.50598 0.02611 0.08587
7 0.19864 0.68967 0.0477 0.17717
2 0.15094 0.38424 0.00522 0.02065
2 0.87535 0.3962 0.00975 0.0337
7 0.43193 0.4587 0.01428 0.05652
7 0.39903 0.40054 0.00627 0.025
2 0.3468 0.39457 0.00557 0.01957
2 0.22093 0.38315 0.00592 0.02065
7 0.0961 0.39565 0.00627 0.02174
2 0.60794 0.3788 0.00627 0.02283
7 0.50052 0.39565 0.00662 0.02609
2 0.80919 0.40435 0.01045 0.03913
7 0.68123 0.39293 0.00731 0.03152
2 0.82712 0.37663 0.00731 0.02717
2 0.75958 0.36902 0.00662 0.025
7 0.3172 0.39891 0.00627 0.02391
7 0.23398 0.39402 0.00557 0.025
2 0.52176 0.38859 0.00522 0.02283
7 0.74356 0.3837 0.00801 0.02826
2 0.86455 0.38478 0.00766 0.02826
7 0.71623 0.37663 0.00696 0.025
2 0.68698 0.37065 0.00557 0.02391
2 0.28412 0.38804 0.00557 0.02174
7 0.58287 0.38913 0.00557 0.02391
7 0.65877 0.38152 0.00557 0.01957
7 0.17566 0.39022 0.00522 0.01957
2 0.06511 0.39348 0.00627 0.02174
2 0.73572 0.4163 0.01045 0.04348
2 0.42984 0.39457 0.00592 0.02391
