8 0.14868 0.24837 0.00905 0.03587
8 0.1337 0.2288 0.00766 0.02935
8 0.35742 0.57717 0.04561 0.16957
8 0.20978 0.35054 0.02054 0.075
8 0.168 0.28207 0.01219 0.04674
8 0.27542 0.4125 0.02507 0.09891
8 0.25052 0.41196 0.02681 0.1
8 0.12692 0.21739 0.00662 0.02391
8 0.12117 0.20761 0.00487 0.01957
8 0.05989 0.18152 0.00348 0.01304
8 0.11786 0.20109 0.00383 0.01739
8 0.05049 0.19239 0.00348 0.01957
8 0.06233 0.17989 0.00209 0.01196
8 0.10951 0.18804 0.00244 0.01304
8 0.05467 0.18859 0.00418 0.0163
8 0.06476 0.17826 0.00209 0.01087
8 0.11229 0.19348 0.00313 0.01304
8 0.11542 0.19674 0.00313 0.01522
