7 0.48102 0.54565 0.0282 0.10217
7 0.65738 0.4712 0.01811 0.0663
7 0.09923 0.4212 0.01602 0.05543
7 0.32225 0.38913 0.0087 0.03478
7 0.78395 0.45543 0.01636 0.05652
2 0.20265 0.37826 0.00975 0.03913
7 0.1546 0.75761 0.05084 0.17826
7 0.36769 0.37663 0.00766 0.02935
7 0.27577 0.35326 0.00627 0.02174
7 0.24356 0.40217 0.0101 0.04565
2 0.21971 0.36196 0.00557 0.02826
2 0.05501 0.39239 0.01253 0.04348
7 0.91887 0.45761 0.01462 0.05
8 0.52524 0.35054 0.00313 0.01413
7 0.08948 0.33859 0.00766 0.02717
2 0.15407 0.35109 0.00801 0.02391
7 0.22214 0.34674 0.00696 0.02391
2 0.06999 0.34783 0.00905 0.02826
7 0.33635 0.36413 0.00627 0.02609
8 0.5477 0.35326 0.00279 0.01304
2 0.24095 0.36848 0.00557 0.02609
2 0.9375 0.63315 0.02751 0.13587
7 0.16121 0.3413 0.00557 0.02609
8 0.56999 0.35761 0.00348 0.01522
