7 0.80884 0.32446 0.00696 0.02717
7 0.90999 0.34022 0.00662 0.02609
7 0.86386 0.3337 0.00766 0.02826
2 0.28552 0.40326 0.02368 0.0913
7 0.10655 0.2337 0.00627 0.02826
7 0.94533 0.34402 0.00557 0.025
2 0.33339 0.25978 0.00731 0.02826
2 0.19969 0.34457 0.01985 0.07174
2 0.11821 0.29293 0.01497 0.05109
7 0.31668 0.24674 0.00592 0.02391
9 0.69098 0.2962 0.0087 0.04022
2 0.14519 0.25815 0.01045 0.03804
2 0.84627 0.34402 0.0087 0.03152
7 0.51306 0.27283 0.00522 0.02391
2 0.38997 0.48098 0.03482 0.11848
2 0.49356 0.28261 0.00731 0.02826
7 0.21292 0.23859 0.00662 0.025
9 0.72458 0.31359 0.01045 0.04891
2 0.39815 0.26739 0.00731 0.02826
2 0.26166 0.25435 0.00801 0.03261
7 0.41731 0.25815 0.00592 0.02283
2 0.63788 0.65815 0.05223 0.18587
7 0.91417 0.32283 0.00453 0.01957
2 0.19359 0.2538 0.00905 0.0337
7 0.90198 0.31522 0.00522 0.01739
2 0.60655 0.30109 0.00627 0.02609
2 0.121 0.26848 0.0087 0.0413
7 0.92601 0.31739 0.00383 0.01739
9 0.70857 0.29837 0.00627 0.04022
7 0.60829 0.28913 0.00487 0.02174
2 0.71361 0.32065 0.00801 0.03261
2 0.94046 0.3625 0.00905 0.03152
9 0.70282 0.30924 0.0101 0.04891
7 0.69882 0.30489 0.00418 0.025
