7 0.19429 0.64783 0.04875 0.1587
7 0.17096 0.46576 0.0195 0.06848
2 0.83235 0.74348 0.06163 0.19565
7 0.86421 0.41902 0.00836 0.0337
2 0.79544 0.45054 0.01567 0.05109
7 0.27298 0.47663 0.02089 0.07065
2 0.87761 0.49946 0.02054 0.075
2 0.58687 0.41848 0.00801 0.03478
7 0.33026 0.51793 0.02751 0.09239
2 0.49913 0.44674 0.01358 0.05
7 0.7453 0.4125 0.00801 0.03152
2 0.58774 0.4625 0.01671 0.06196
2 0.48607 0.41576 0.00836 0.03152
2 0.67618 0.42554 0.00836 0.03587
2 0.77246 0.43098 0.01079 0.04022
7 0.27176 0.40652 0.00662 0.02826
2 0.26149 0.4163 0.00836 0.03261
2 0.37187 0.41685 0.00766 0.0337
2 0.28813 0.43478 0.01219 0.04348
8 0.49547 0.38315 0.00348 0.0163
7 0.38875 0.40543 0.00592 0.02826
2 0.16556 0.43587 0.0087 0.04565
8 0.24373 0.38043 0.00348 0.01739
2 0.38075 0.43859 0.01219 0.04457
8 0.55397 0.38207 0.00348 0.0163
2 0.68489 0.50761 0.02089 0.08043
7 0.50818 0.40543 0.00662 0.02609
8 0.19185 0.38043 0.00418 0.01739
8 0.62308 0.38315 0.00313 0.0163
8 0.4321 0.38315 0.00418 0.0163
8 0.35898 0.38152 0.00418 0.01739
8 0.31285 0.38043 0.00383 0.01739
8 0.28169 0.37989 0.00348 0.0163
7 0.62883 0.40815 0.00487 0.025
