7 0.73224 0.44837 0.0383 0.12935
7 0.66504 0.19239 0.00209 0.01087
2 0.64119 0.19293 0.00244 0.00978
2 0.67392 0.18587 0.00174 0.0087
7 0.67827 0.19076 0.00209 0.00978
7 0.61804 0.19837 0.00209 0.00978
2 0.66783 0.20978 0.00348 0.01304
2 0.60341 0.21685 0.00348 0.0163
7 0.70056 0.18696 0.00209 0.0087
2 0.70456 0.18207 0.00174 0.00761
7 0.68419 0.19891 0.00279 0.01304
2 0.59401 0.21304 0.00279 0.01304
2 0.707 0.20109 0.00244 0.01304
2 0.65982 0.18859 0.00209 0.00978
7 0.58461 0.20109 0.00209 0.0087
2 0.56494 0.2 0.00174 0.0087
7 0.55362 0.21467 0.00209 0.01196
2 0.63684 0.20707 0.00348 0.01196
2 0.73068 0.20489 0.00383 0.01413
7 0.64676 0.19565 0.00174 0.01087
2 0.60933 0.19783 0.00139 0.0087
2 0.62935 0.19511 0.00174 0.00761
7 0.71605 0.1837 0.00244 0.01087
2 0.62657 0.18804 0.00174 0.00652
2 0.58983 0.19783 0.00139 0.0087
2 0.55536 0.21848 0.00279 0.01522
2 0.72371 0.17391 0.00174 0.0087
7 0.55989 0.2038 0.00209 0.00978
2 0.59088 0.19293 0.00139 0.00761
7 0.59436 0.20761 0.00209 0.01087
7 0.63788 0.20326 0.00209 0.01087
2 0.69255 0.17772 0.00139 0.00761
7 0.09401 0.73152 0.07521 0.23261
8 0.66835 0.19728 0.00313 0.01196
