2.0 0.3752271403410645 0.18946710692246996 0.03734439834024896 0.03872752420470263
2.0 0.4142746572648557 0.26165771831026974 0.04149377593360996 0.04426002766251729
2.0 0.44719409246097824 0.36971205426606923 0.05394190871369295 0.056708160442600276
7.0 0.41581513895736566 0.1452149545618688 0.011065006915629323 0.013831258644536652
2.0 0.46348729239255293 0.49594888739688553 0.07883817427385892 0.08298755186721991
2.0 0.5135291671052756 0.27633470499655943 0.013831258644536652 0.013831258644536652
2.0 0.42816075888026106 0.1683081465392623 0.015214384508990318 0.016597510373443983
2.0 0.561868090448556 0.3398283031868118 0.013831258644536652 0.013831258644536652
2.0 0.5374775931683956 0.3081368226015753 0.013831258644536652 0.013831258644536652
2.0 0.5968222264336907 0.3818934113277611 0.012448132780082987 0.012448132780082987
2.0 0.4832292505674226 0.23597598546591084 0.013831258644536652 0.013831258644536652
7.0 0.5595544990290636 0.3276684373020553 0.011065006915629323 0.012448132780082987
2.0 0.6143503390315801 0.4008723819952973 0.011065006915629323 0.011065006915629323
7.0 0.5861686975320922 0.35933236955721165 0.009681881051175657 0.011065006915629323
7.0 0.5447887200455197 0.30916420113537413 0.012448132780082987 0.012448132780082987
7.0 0.7681909001121837 0.5985357446401832 0.008298755186721992 0.009681881051175657
2.0 0.6306180718129042 0.40657243921923414 0.006915629322268326 0.008298755186721992
2.0 0.7772474050132233 0.6153954880301525 0.009681881051175657 0.009681881051175657
7.0 0.4566564840524608 0.19488084015277127 0.009681881051175657 0.011065006915629323
2.0 0.6521996226359537 0.4345891017872279 0.006915629322268326 0.006915629322268326
2.0 0.6402165445943276 0.41814721825807755 0.006915629322268326 0.006915629322268326
2.0 0.6915974769114571 0.48868958511574556 0.006915629322268326 0.006915629322268326
7.0 0.5261885211858776 0.28445056934916074 0.012448132780082987 0.012448132780082987
7.0 0.6006633158026494 0.36548015401787626 0.008298755186721992 0.008298755186721992
2.0 0.7429872750871968 0.566086010165939 0.006915629322268326 0.008298755186721992
7.0 0.7176386323763037 0.5240311954999262 0.006915629322268326 0.006915629322268326
2.0 0.6221708668110874 0.406586833962596 0.011065006915629323 0.012448132780082987
7.0 0.5751300694199836 0.34640494107392245 0.011065006915629323 0.012448132780082987
2.0 0.725145075634555 0.5383997328259186 0.008298755186721992 0.008298755186721992
2.0 0.6215079335762812 0.39807709787678375 0.008298755186721992 0.006915629322268326
2.0 0.45134266919277566 0.19623886030577517 0.013831258644536652 0.013831258644536652
2.0 0.7952142533392469 0.6400510688599705 0.009681881051175657 0.009681881051175657
7.0 0.7578118674124785 0.5825439073935893 0.006915629322268326 0.006915629322268326
7.0 0.49389647178819596 0.24171128077431453 0.012448132780082987 0.012448132780082987
7.0 0.5926666975129339 0.36591472766788563 0.008298755186721992 0.009681881051175657
7.0 0.7915074689468397 0.6297486458473713 0.006915629322268326 0.008298755186721992
2.0 0.6654460656195024 0.4521994093118183 0.005532503457814661 0.005532503457814661
2.0 0.761254165251752 0.5925900098331104 0.008298755186721992 0.008298755186721992
7.0 0.7339219051760911 0.5486854420493272 0.008298755186721992 0.006915629322268326
2.0 0.6785186097915998 0.4707126695133031 0.005532503457814661 0.006915629322268326
7.0 0.6641135281720772 0.446754431504316 0.004149377593360996 0.005532503457814661
2.0 0.7111835593857715 0.5201129258216027 0.006915629322268326 0.008298755186721992
7.0 0.5954290311272795 0.36638946216874063 0.009681881051175657 0.009681881051175657
7.0 0.8005883756943686 0.6424287777923864 0.008298755186721992 0.008298755186721992
7.0 0.611967574258041 0.37812272883259557 0.006915629322268326 0.006915629322268326
7.0 0.780986756383631 0.6157258732581259 0.008298755186721992 0.008298755186721992
7.0 0.7458254530334019 0.5655760375806171 0.009681881051175657 0.009681881051175657
2.0 0.699149038858775 0.500476137933675 0.006915629322268326 0.008298755186721992
7.0 0.5952769921000113 0.36203563407499595 0.006915629322268326 0.008298755186721992
7.0 0.6454215977806032 0.4214227007097778 0.006915629322268326 0.006915629322268326
7.0 0.6828188037012171 0.4726117990676708 0.005532503457814661 0.006915629322268326
2.0 0.6234878650885933 0.39939085591051704 0.006915629322268326 0.008298755186721992
