7.0 0.35970082774723117 0.3280626808388188 0.022988505747126436 0.031609195402298854
7.0 0.7286594773372661 0.530754638850018 0.021551724137931036 0.028735632183908046
2.0 0.5911462998789846 0.6483417592361852 0.07758620689655173 0.10919540229885058
2.0 0.49646065014122087 0.4546127303191452 0.035919540229885055 0.05028735632183908
7.0 0.7100156948276101 0.5044227267419341 0.015804597701149427 0.02442528735632184
2.0 0.49004237631198916 0.403054128031406 0.022988505747126436 0.033045977011494254
2.0 0.6246008228033039 0.4561597040757578 0.015804597701149427 0.02442528735632184
2.0 0.5783912870624822 0.4058594058857506 0.011494252873563218 0.015804597701149427
7.0 0.46208402263830983 0.3509944619959194 0.014367816091954023 0.020114942528735632
2.0 0.6607500821923626 0.4569955255785298 0.011494252873563218 0.017241379310344827
2.0 0.5723402742473636 0.4075349812504538 0.01293103448275862 0.017241379310344827
7.0 0.4200197994341402 0.3386456705026032 0.015804597701149427 0.022988505747126436
7.0 0.6151093025983341 0.41569893362453414 0.005747126436781609 0.011494252873563218
2.0 0.623313156188416 0.47327700547438367 0.02442528735632184 0.034482758620689655
7.0 0.504203950051854 0.3693122124692004 0.010057471264367816 0.014367816091954023
7.0 0.8187082807831427 0.6026134928952271 0.022988505747126436 0.034482758620689655
2.0 0.5793593214150685 0.3922320733286884 0.005747126436781609 0.008620689655172414
7.0 0.4972803864662386 0.34535559235106417 0.004310344827586207 0.008620689655172414
2.0 0.5465737038427633 0.3813677639047807 0.008620689655172414 0.01293103448275862
7.0 0.4944906029376163 0.35249762964532977 0.008620689655172414 0.01293103448275862
2.0 0.5972769335311736 0.40033039595621844 0.005747126436781609 0.008620689655172414
7.0 0.7251216595584963 0.49222308602190773 0.011494252873563218 0.015804597701149427
2.0 0.546965307065583 0.3994158997742795 0.01293103448275862 0.01867816091954023
2.0 0.5956392662272785 0.4085652492491379 0.008620689655172414 0.01293103448275862
7.0 0.4872178682501289 0.3452701523895078 0.007183908045977011 0.008620689655172414
7.0 0.5097121754984208 0.3641396305633614 0.008620689655172414 0.011494252873563218
7.0 0.7035345440616094 0.4738564724472613 0.011494252873563218 0.014367816091954023
2.0 0.5683834432313168 0.39116934036187284 0.005747126436781609 0.011494252873563218
2.0 0.5488142660187811 0.3707251536537821 0.005747126436781609 0.008620689655172414
7.0 0.4917454933942886 0.34503790894572955 0.007183908045977011 0.011494252873563218
2.0 0.6446506528366964 0.45538893219784876 0.011494252873563218 0.01867816091954023
7.0 0.5241133314367741 0.37486426869414463 0.010057471264367816 0.01293103448275862
7.0 0.6413072519527372 0.43342523955141354 0.008620689655172414 0.011494252873563218
2.0 0.6811319973986443 0.5377756894680151 0.033045977011494254 0.04597701149425287
2.0 0.6242723948898052 0.4271787986809594 0.011494252873563218 0.014367816091954023
7.0 0.719423715238135 0.49775310346623236 0.01293103448275862 0.020114942528735632
2.0 0.5901135765725791 0.393163547765549 0.005747126436781609 0.007183908045977011
2.0 0.5390778140490257 0.36715331126625916 0.007183908045977011 0.010057471264367816
2.0 0.6489266211509297 0.44450359247125987 0.010057471264367816 0.014367816091954023
7.0 0.6315833695785347 0.41980095152731833 0.005747126436781609 0.008620689655172414
7.0 0.2900383391561006 0.34384970793548925 0.03879310344827586 0.05459770114942529
7.0 0.5191016945849193 0.35380101881909337 0.005747126436781609 0.007183908045977011
2.0 0.5302616546408117 0.3695839003416249 0.008620689655172414 0.01293103448275862
7.0 0.5093326396155752 0.3497569167468318 0.005747126436781609 0.008620689655172414
2.0 0.562455411210806 0.3846872439658687 0.007183908045977011 0.010057471264367816
2.0 0.5074811114664738 0.38849724093544624 0.015804597701149427 0.022988505747126436
2.0 0.5327138031929527 0.36728441546238877 0.008620689655172414 0.011494252873563218
2.0 0.6041249597406738 0.40275534534734453 0.007183908045977011 0.008620689655172414
2.0 0.5642304557116915 0.3938970083277543 0.010057471264367816 0.014367816091954023
7.0 0.19297576507998007 0.41803541312560827 0.08764367816091954 0.11494252873563218
