7 0.2876 0.40815 0.01045 0.04022
7 0.11421 0.40489 0.01184 0.04022
2 0.81633 0.46902 0.01567 0.05978
2 0.60446 0.45435 0.01393 0.05435
7 0.4617 0.41196 0.01323 0.0413
7 0.05536 0.39239 0.00975 0.03913
7 0.84157 0.42663 0.01323 0.04891
8 0.5538 0.35924 0.00453 0.02283
7 0.63753 0.4163 0.01253 0.04348
8 0.61125 0.36141 0.00453 0.02065
8 0.47302 0.35652 0.00592 0.02174
2 0.42026 0.55435 0.03273 0.1087
8 0.51671 0.35707 0.00418 0.02065
8 0.70752 0.36739 0.00418 0.01739
2 0.72563 0.66902 0.04735 0.16196
2 0.41417 0.44511 0.01428 0.05326
2 0.22667 0.43804 0.01393 0.05652
2 0.14049 0.51957 0.0289 0.09565
