7.0 0.6074376571446201 0.4468128476320068 0.04335260115606936 0.030346820809248554
7.0 0.5830927820503271 0.38389574134280346 0.03757225433526012 0.02745664739884393
7.0 0.8220011032168345 0.6987531307757048 0.03468208092485549 0.02601156069364162
7.0 0.5440933406884052 0.31827083072091944 0.033236994219653176 0.023121387283236993
2.0 0.44627542150937727 0.17026626572542475 0.02601156069364162 0.01878612716763006
2.0 0.6831731947986641 0.5190243824679572 0.03757225433526012 0.02601156069364162
2.0 0.5276662070099132 0.2693780335266178 0.02745664739884393 0.01878612716763006
8.0 0.7578357172712916 0.6037642944041979 0.033236994219653176 0.023121387283236993
2.0 0.6408132856292923 0.4359213131783454 0.030346820809248554 0.02023121387283237
7.0 0.7560675954145051 0.6252766071786291 0.03901734104046243 0.02745664739884393
7.0 0.601920285650106 0.5083960697034982 0.06213872832369942 0.04190751445086705
2.0 0.5877332135109014 0.351521198584632 0.02745664739884393 0.01878612716763006
7.0 0.49520307979992106 0.2494414559921539 0.033236994219653176 0.02167630057803468
8.0 0.7542767222451188 0.5319822436982822 0.015895953757225433 0.011560693641618497
9.0 0.5801003301685037 0.5478604784079883 0.14017341040462428 0.08670520231213873
8.0 0.7603668885335507 0.5742626243778208 0.02601156069364162 0.017341040462427744
8.0 0.7625275268451353 0.5569241947331193 0.01878612716763006 0.011560693641618497
8.0 0.7634939788110934 0.5450306782237004 0.015895953757225433 0.011560693641618497
8.0 0.7433292278910241 0.517381778755384 0.015895953757225433 0.011560693641618497
8.0 0.7153743558187878 0.5093439030755652 0.023121387283236993 0.015895953757225433
7.0 0.5333437068488232 0.5721348363865163 0.10260115606936417 0.06358381502890173
9.0 0.5215482640953424 0.5627951865972858 0.1893063583815029 0.12572254335260116
8.0 0.6961662861169793 0.5160542965189836 0.028901734104046242 0.01878612716763006
8.0 0.7265141070038248 0.5054570616021903 0.01878612716763006 0.01300578034682081
8.0 0.7338603449155392 0.50300906699123 0.015895953757225433 0.010115606936416185
1.0 0.7427271790588946 0.5102607121652902 0.01300578034682081 0.0072254335260115606
1.0 0.767727107156475 0.54700325731599 0.014450867052023121 0.008670520231213872
1.0 0.7855765277201057 0.5677130234528152 0.011560693641618497 0.0072254335260115606
1.0 0.8064418042028351 0.5872549754232929 0.011560693641618497 0.0072254335260115606
1.0 0.8152715602267092 0.6038613312599441 0.011560693641618497 0.0072254335260115606
1.0 0.8522957793615868 0.6555116678508849 0.01300578034682081 0.008670520231213872
1.0 0.8511236602120981 0.6507383620323582 0.010115606936416185 0.005780346820809248
7.0 0.42537071859210707 0.16606338529733394 0.03468208092485549 0.024566473988439308
7.0 0.27384390390950053 0.5414716845817439 0.07514450867052024 0.05202312138728324
