7 0.92357 0.52337 0.02333 0.0837
7 0.65651 0.53533 0.0296 0.10109
7 0.70717 0.38424 0.00766 0.03152
7 0.81859 0.40054 0.00766 0.03587
7 0.55031 0.35815 0.00522 0.01848
7 0.57956 0.36467 0.00522 0.01848
2 0.67148 0.36902 0.00522 0.02283
2 0.76341 0.38152 0.00522 0.02391
7 0.87935 0.38424 0.00383 0.01413
7 0.53952 0.35598 0.00453 0.0163
2 0.89258 0.39565 0.00592 0.02609
7 0.62761 0.37011 0.00731 0.02717
2 0.62256 0.36196 0.00348 0.01739
2 0.92845 0.39185 0.00453 0.0163
7 0.5571 0.35598 0.00418 0.01413
2 0.8663 0.38478 0.00279 0.01304
7 0.16382 0.76793 0.03795 0.15761
7 0.61856 0.35978 0.00453 0.01522
