7.0 0.6234423389113319 0.863240280821643 0.14307692307692307 0.11384615384615385
7.0 0.5232501022157722 0.6360000134758519 0.055384615384615386 0.043076923076923075
7.0 0.4963328176618342 0.5417158682926463 0.026153846153846153 0.018461538461538463
7.0 0.4543401584050209 0.600717601898946 0.015384615384615385 0.010769230769230769
7.0 0.4628036737281793 0.550806241736745 0.012307692307692308 0.009230769230769232
7.0 0.4950118762299723 0.4973327404179421 0.02 0.015384615384615385
7.0 0.4747042883083068 0.5039777914173976 0.012307692307692308 0.007692307692307693
7.0 0.497250996992535 0.4662967495334503 0.015384615384615385 0.012307692307692308
7.0 0.49457097106366327 0.45363584998067663 0.013846153846153847 0.010769230769230769
7.0 0.4867223156406905 0.4641876388210316 0.013846153846153847 0.010769230769230769
7.0 0.4348728043478936 0.7062969329395348 0.02 0.015384615384615385
2.0 0.4329617261318554 0.6709827814574716 0.013846153846153847 0.010769230769230769
2.0 0.44525268582208055 0.6116009342875816 0.010769230769230769 0.007692307692307693
2.0 0.40698393342253886 0.8012038698086058 0.02 0.016923076923076923
2.0 0.46012423637081235 0.5406114606834728 0.012307692307692308 0.007692307692307693
2.0 0.4906669880694505 0.4314646089582799 0.012307692307692308 0.007692307692307693
2.0 0.5092600226308779 0.379934343571248 0.010769230769230769 0.007692307692307693
2.0 0.6251624391626432 0.3155161783264995 0.05692307692307692 0.046153846153846156
2.0 0.5576741273090444 0.35456745628277275 0.027692307692307693 0.023076923076923078
2.0 0.5406454234383492 0.34927049750057826 0.021538461538461538 0.015384615384615385
2.0 0.5329791177658798 0.3420904925367304 0.013846153846153847 0.009230769230769232
2.0 0.5203999714956035 0.3582029203494281 0.015384615384615385 0.013846153846153847
7.0 0.558646302251966 0.16784249272999754 0.006153846153846154 0.003076923076923077
7.0 0.5526776965876643 0.1867976063911234 0.006153846153846154 0.004615384615384616
7.0 0.5424992240233258 0.21964847424429038 0.004615384615384616 0.003076923076923077
7.0 0.5100716530357026 0.3309788015373167 0.006153846153846154 0.003076923076923077
7.0 0.5130730288901693 0.33126248641434614 0.007692307692307693 0.004615384615384616
7.0 0.5133647905038854 0.32794732132683563 0.006153846153846154 0.006153846153846154
7.0 0.5120706965705812 0.32352793900152943 0.004615384615384616 0.003076923076923077
7.0 0.5166807889557382 0.30769562510474 0.003076923076923077 0.0015384615384615385
7.0 0.505161798147786 0.3575046115153276 0.009230769230769232 0.004615384615384616
7.0 0.4853579537143187 0.42319685594194545 0.006153846153846154 0.003076923076923077
7.0 0.4778320529028801 0.4474972923875608 0.007692307692307693 0.004615384615384616
7.0 0.4743366730567747 0.4576486125582291 0.006153846153846154 0.003076923076923077
7.0 0.47313012245545977 0.45950747138218895 0.004615384615384616 0.003076923076923077
7.0 0.47204898549544455 0.46102629693541897 0.004615384615384616 0.003076923076923077
7.0 0.4712334823471969 0.4633946900493387 0.004615384615384616 0.003076923076923077
7.0 0.3844545000772323 0.8085917522880394 0.006153846153846154 0.006153846153846154
7.0 0.3991833797516522 0.7470169382705999 0.007692307692307693 0.006153846153846154
7.0 0.41196533961771625 0.6951852419401209 0.004615384615384616 0.004615384615384616
7.0 0.42185391270067807 0.6525791602568741 0.006153846153846154 0.004615384615384616
7.0 0.4690569014444957 0.46889333070468253 0.003076923076923077 0.003076923076923077
2.0 0.39343386981734363 0.7776023077341412 0.007692307692307693 0.006153846153846154
2.0 0.4059234794981869 0.7266196579916712 0.007692307692307693 0.006153846153846154
2.0 0.418087883863652 0.6724926210620293 0.006153846153846154 0.004615384615384616
2.0 0.42817069843549277 0.6301450304123065 0.006153846153846154 0.004615384615384616
2.0 0.4366156475052552 0.5949977800146155 0.004615384615384616 0.003076923076923077
2.0 0.4415019390665323 0.5726292549077167 0.004615384615384616 0.003076923076923077
2.0 0.4456222867307756 0.5549288258429987 0.004615384615384616 0.003076923076923077
2.0 0.4636405977146089 0.49524475636168447 0.004615384615384616 0.003076923076923077
2.0 0.4648670054837939 0.49415083741321864 0.006153846153846154 0.003076923076923077
2.0 0.4762496134051522 0.47989238512270205 0.012307692307692308 0.009230769230769232
2.0 0.47239845648043194 0.47307633039198094 0.006153846153846154 0.004615384615384616
2.0 0.4828220388052472 0.4370941730520286 0.007692307692307693 0.006153846153846154
2.0 0.4962693831681593 0.3923061787189903 0.007692307692307693 0.004615384615384616
2.0 0.5130650280011257 0.3386408174080571 0.007692307692307693 0.006153846153846154
2.0 0.5254243761984395 0.29783520265244157 0.009230769230769232 0.006153846153846154
2.0 0.5222764740798777 0.2914445754991654 0.006153846153846154 0.004615384615384616
2.0 0.5220474015570369 0.28966621696705025 0.004615384615384616 0.003076923076923077
2.0 0.5251264403684703 0.2856113058475513 0.007692307692307693 0.006153846153846154
2.0 0.5316059033764812 0.2749712829013306 0.007692307692307693 0.007692307692307693
2.0 0.5295193165096133 0.27614390428785185 0.009230769230769232 0.004615384615384616
2.0 0.5361358647471877 0.24301627836206263 0.004615384615384616 0.004615384615384616
2.0 0.5455627003971631 0.2123725170021926 0.006153846153846154 0.004615384615384616
2.0 0.5585073375364235 0.17233492757006075 0.007692307692307693 0.006153846153846154
2.0 0.5274655493133537 0.27146294548103217 0.006153846153846154 0.006153846153846154
7.0 0.5311645943292304 0.25909911454260737 0.006153846153846154 0.004615384615384616
2.0 0.46454180016841573 0.4910064502260469 0.004615384615384616 0.003076923076923077
2.0 0.46407191261537223 0.4899032749336124 0.004615384615384616 0.003076923076923077
7.0 0.4644908181253533 0.48379941810535526 0.006153846153846154 0.004615384615384616
7.0 0.46055667560139657 0.4992896552287866 0.003076923076923077 0.0015384615384615385
7.0 0.45630279963534526 0.5141116359169445 0.003076923076923077 0.003076923076923077
2.0 0.4598962881777924 0.5028527781247436 0.004615384615384616 0.003076923076923077
2.0 0.45550715365496786 0.5172449689063583 0.004615384615384616 0.003076923076923077
2.0 0.45036704910120096 0.537060183353251 0.003076923076923077 0.0015384615384615385
7.0 0.4505681497956632 0.5348551203625822 0.004615384615384616 0.003076923076923077
7.0 0.44461254209364875 0.5570387279233946 0.004615384615384616 0.003076923076923077
7.0 0.44060759581830844 0.5744040070191617 0.004615384615384616 0.003076923076923077
7.0 0.4296111694018783 0.620227528404337 0.004615384615384616 0.003076923076923077
