2.0 0.45102732667706064 0.46940008226683494 0.05160390516039052 0.05439330543933055
2.0 0.5820147304580935 0.5086910241536365 0.02789400278940028 0.03207810320781032
2.0 0.6165995545027206 0.5740586509489435 0.04184100418410042 0.043235704323570434
9.0 0.5453373145915988 0.5761704916599196 0.09344490934449093 0.10320781032078104
9.0 0.3478715525613601 0.44927562870491294 0.11157601115760112 0.12412831241283125
7.0 0.4653470909925031 0.4312817162412366 0.03347280334728033 0.03626220362622036
7.0 0.4725666886917786 0.4010193372926996 0.023709902370990237 0.02510460251046025
7.0 0.5532528792721529 0.5155223790114014 0.03905160390516039 0.040446304044630406
9.0 0.49075095316266437 0.3988155349815469 0.030683403068340307 0.03347280334728033
8.0 0.5304309589836969 0.4317208514058505 0.016736401673640166 0.019525801952580194
8.0 0.5050999847444083 0.4396354138172882 0.026499302649930265 0.029288702928870293
8.0 0.5461522349130512 0.4600644388748739 0.022315202231520222 0.023709902370990237
