9.0 0.4664103396886685 0.5194822418020104 0.08846761453396525 0.052132701421800945
9.0 0.424883152848042 0.6791531199834937 0.09794628751974724 0.05687203791469194
9.0 0.41302852556150094 0.5857447208227623 0.07582938388625593 0.044233807266982623
8.0 0.4593663994892202 0.50079344199712 0.044233807266982623 0.026856240126382307
8.0 0.38770557396882915 0.6827130046070851 0.044233807266982623 0.02527646129541864
8.0 0.4102236176008328 0.7018420787292328 0.05529225908372828 0.037914691943127965
7.0 0.39086951671147174 0.6247276669429477 0.04265402843601896 0.030015797788309637
7.0 0.45068586756159335 0.6138765121717823 0.061611374407582936 0.044233807266982623
7.0 0.441620554434956 0.5268214586514488 0.044233807266982623 0.030015797788309637
2.0 0.4187618344650475 0.5620528770955704 0.04107424960505529 0.026856240126382307
2.0 0.45242421095373997 0.5583685393776092 0.052132701421800945 0.03949447077409163
2.0 0.41682761819767383 0.6330629621665917 0.052132701421800945 0.036334913112164295
