8.0 0.5823244026425968 0.6687268846006215 0.04596100278551532 0.04596100278551532
8.0 0.5655821822397062 0.6084268396780421 0.03899721448467967 0.036211699164345405
8.0 0.5938210070979336 0.6274750688733066 0.033426183844011144 0.03203342618384401
9.0 0.5684009799145021 0.5447981333801186 0.037604456824512536 0.034818941504178275
9.0 0.4912969679877939 0.4566032732057425 0.04178272980501393 0.03899721448467967
9.0 0.4343737084632005 0.47741276610131134 0.07520891364902507 0.06963788300835655
2.0 0.5172428685162693 0.4968083612766983 0.027855153203342618 0.026462395543175487
2.0 0.5550841370739602 0.5736085990997423 0.034818941504178275 0.033426183844011144
2.0 0.4455722817392384 0.426837772552866 0.02924791086350975 0.027855153203342618
7.0 0.6064974644132548 0.6720658171209614 0.04178272980501393 0.0403899721448468
7.0 0.5103896253031057 0.5315637681642181 0.034818941504178275 0.033426183844011144
7.0 0.3248350327462895 0.3407075796158496 0.05153203342618384 0.04874651810584958
