7.0 0.8422956045058259 0.5540937385976981 0.004739336492890996 0.00631911532385466
7.0 0.8147055309489991 0.5456102311883777 0.00631911532385466 0.00631911532385466
2.0 0.8229824724320403 0.5494056443489245 0.00631911532385466 0.007898894154818325
2.0 0.7924647700801456 0.5398049767576231 0.004739336492890996 0.00631911532385466
2.0 0.76292313786505 0.5307618689080065 0.004739336492890996 0.007898894154818325
2.0 0.7385866671200231 0.522933640958281 0.004739336492890996 0.00631911532385466
7.0 0.6219402076197197 0.4889136258073131 0.00315955766192733 0.004739336492890996
7.0 0.6117120289302507 0.4865529238875455 0.004739336492890996 0.004739336492890996
7.0 0.6078811377338597 0.4865903813336483 0.004739336492890996 0.00631911532385466
7.0 0.6034107366506535 0.48615837170848253 0.004739336492890996 0.007898894154818325
7.0 0.467091490316455 0.5147298747632608 0.023696682464454975 0.03317535545023697
7.0 0.6003362833749183 0.48754868205795826 0.004739336492890996 0.004739336492890996
7.0 0.5369887461770665 0.49639438289868415 0.01263823064770932 0.017377567140600316
7.0 0.5935236384671727 0.48730331651001507 0.004739336492890996 0.004739336492890996
7.0 0.5598370743679223 0.49071987126506816 0.009478672985781991 0.011058451816745656
7.0 0.5821647900261409 0.4868902958961934 0.004739336492890996 0.00631911532385466
7.0 0.5743730802669922 0.48806390253562143 0.007898894154818325 0.011058451816745656
2.0 0.6399930640274165 0.4986424047903306 0.00315955766192733 0.004739336492890996
2.0 0.6408278553338191 0.5017174396813947 0.00315955766192733 0.007898894154818325
2.0 0.7045066540320627 0.5964473657363226 0.03475513428120063 0.044233807266982623
2.0 0.6414893642062685 0.504751201062386 0.00631911532385466 0.009478672985781991
2.0 0.6555351903550188 0.5337948722248618 0.01579778830963665 0.022116903633491312
2.0 0.6440483068207 0.5091789000716087 0.007898894154818325 0.009478672985781991
2.0 0.6490531617974966 0.517724211053042 0.011058451816745656 0.014218009478672985
2.0 0.6559389201336541 0.49837650918034704 0.004739336492890996 0.004739336492890996
7.0 0.7676698470163532 0.5315507847305276 0.004739336492890996 0.007898894154818325
7.0 0.6633347205281024 0.4999334541215905 0.00315955766192733 0.004739336492890996
7.0 0.6832276919221458 0.5059153480116451 0.004739336492890996 0.004739336492890996
7.0 0.7094862686575518 0.5137309642891934 0.00315955766192733 0.004739336492890996
7.0 0.7414653951972341 0.5229008312650444 0.001579778830963665 0.004739336492890996
7.0 0.7908241963562932 0.5381901875640029 0.004739336492890996 0.007898894154818325
2.0 0.7054470967090474 0.5131449314948275 0.00315955766192733 0.004739336492890996
2.0 0.6765371992466703 0.5045690612326535 0.00315955766192733 0.004739336492890996
2.0 0.6428125653170069 0.49547085919107176 0.00315955766192733 0.004739336492890996
