9.0 0.5853203860870464 0.6480470688584213 0.15492957746478872 0.18309859154929578
9.0 0.5028102229319048 0.46892003495950696 0.08873239436619719 0.1056338028169014
9.0 0.5671939102498598 0.4749705256877043 0.07042253521126761 0.08450704225352113
8.0 0.5877358417476712 0.5320657830701694 0.061971830985915494 0.06901408450704226
8.0 0.40167849040962056 0.42232124568738605 0.06901408450704226 0.07746478873239436
2.0 0.403669101124949 0.541648490269939 0.10422535211267606 0.11690140845070422
2.0 0.4206084805655757 0.40174886979150254 0.05070422535211268 0.059154929577464786
2.0 0.4805692899053565 0.42900623197520105 0.05070422535211268 0.057746478873239436
7.0 0.527412068428126 0.5397397681186984 0.07042253521126761 0.08028169014084507
7.0 0.4215227972702136 0.4760146018498309 0.07042253521126761 0.08309859154929577
7.0 0.29361031044436464 0.4626461970937825 0.1056338028169014 0.11830985915492957
8.0 0.5164106317812435 0.46782956126841646 0.03943661971830986 0.05070422535211268
