7 0.70455 0.50709 0.04 0.07365
7 0.22432 0.38953 0.01591 0.02905
7 0.41886 0.37905 0.01136 0.02297
7 0.49727 0.37297 0.01 0.01892
7 0.55977 0.36926 0.00864 0.01689
7 0.60727 0.36622 0.00727 0.01486
7 0.66455 0.36622 0.00727 0.01351
7 0.685 0.3625 0.00545 0.01149
7 0.70545 0.36047 0.00545 0.01014
2 0.17659 0.37162 0.01045 0.02162
2 0.33705 0.36723 0.00773 0.01824
2 0.4275 0.3625 0.00773 0.01554
2 0.48455 0.36014 0.00545 0.01351
2 0.56977 0.35878 0.005 0.01216
2 0.59705 0.35709 0.00591 0.01149
2 0.62591 0.35574 0.00455 0.01014
2 0.64818 0.35405 0.00455 0.00946
2 0.64136 0.35034 0.00273 0.00743
2 0.65386 0.35304 0.00409 0.00878
7 0.71886 0.35777 0.00409 0.00878
7 0.71432 0.35372 0.00318 0.00743
7 0.69318 0.35236 0.00364 0.00608
7 0.66341 0.35 0.00318 0.00676
7 0.6325 0.34797 0.00227 0.00541
7 0.59841 0.34662 0.00136 0.00541
7 0.51886 0.34426 0.00227 0.00473
7 0.47432 0.34324 0.00227 0.00541
2 0.61841 0.34865 0.00318 0.00676
2 0.58864 0.3473 0.00273 0.00676
2 0.55818 0.34561 0.00273 0.00743
2 0.52159 0.34493 0.00227 0.00743
2 0.48 0.34392 0.00182 0.00676
2 0.11773 0.33851 0.00182 0.00676
2 0.18136 0.33953 0.00273 0.00743
2 0.23909 0.3402 0.00273 0.00743
2 0.2925 0.34189 0.00227 0.00676
2 0.33886 0.34358 0.00227 0.00473
2 0.4 0.34324 0.00182 0.00676
2 0.43841 0.34291 0.00227 0.00608
7 0.21091 0.33953 0.00182 0.00608
7 0.26182 0.3402 0.00182 0.00473
7 0.31432 0.34155 0.00227 0.00473
9 0.37045 0.34155 0.00182 0.00878
9 0.36364 0.3402 0.00182 0.00878
