7.0 0.13635279862424501 0.33573881657628635 0.018333333333333333 0.028333333333333332
7.0 0.3009603468574624 0.28612153987722505 0.013333333333333334 0.02
7.0 0.4408393401025995 0.2495346318185249 0.013333333333333334 0.021666666666666667
7.0 0.5464843295617174 0.22282726122610852 0.015 0.023333333333333334
7.0 0.656704544630715 0.19523924991439925 0.015 0.025
7.0 0.7713985219297333 0.1632522493705144 0.013333333333333334 0.025
2.0 0.18835191533141205 0.3400182085064798 0.023333333333333334 0.03
2.0 0.3457779695094452 0.28798062427374094 0.018333333333333333 0.03
2.0 0.5242510134731719 0.2435962290350549 0.02 0.03
2.0 0.656909502852877 0.21458490963234955 0.021666666666666667 0.03
