7.0 0.5619298673091585 0.36942489098048337 0.07350901525658807 0.07766990291262135
7.0 0.5222756324653163 0.2852568455940121 0.04022191400832178 0.04160887656033287
7.0 0.5058786637689576 0.25391688259741635 0.023578363384188627 0.026352288488210817
7.0 0.5039866971601366 0.23734445945197113 0.016643550624133148 0.018030513176144243
7.0 0.48529839064284686 0.2389353782576802 0.015256588072122053 0.015256588072122053
7.0 0.4238694809953344 0.279208007846309 0.012482662968099861 0.013869625520110958
7.0 0.3772332471006484 0.3105072865504335 0.012482662968099861 0.013869625520110958
7.0 0.29373053280125033 0.36992312890490103 0.011095700416088766 0.011095700416088766
7.0 0.3327043977718367 0.3425504354013836 0.011095700416088766 0.012482662968099861
7.0 0.2679569962813593 0.3871649738415396 0.008321775312066574 0.008321775312066574
7.0 0.2470525713579862 0.41598748494618665 0.012482662968099861 0.013869625520110958
7.0 0.14612562812235794 0.5116324109087678 0.022191400832177532 0.023578363384188627
7.0 0.20930519457248362 0.45486410139620315 0.016643550624133148 0.018030513176144243
2.0 0.14148213173453342 0.495802161794777 0.016643550624133148 0.016643550624133148
2.0 0.17622292382962715 0.46288754733340337 0.013869625520110958 0.013869625520110958
2.0 0.1916562663278309 0.44336499026894893 0.009708737864077669 0.009708737864077669
2.0 0.2000371246025328 0.43226307585286755 0.008321775312066574 0.008321775312066574
2.0 0.2054447630278795 0.42489817196331353 0.006934812760055479 0.006934812760055479
9.0 0.18389429491730855 0.44768106258043355 0.015256588072122053 0.016643550624133148
2.0 0.5558573461363868 0.18568073836941354 0.020804438280166437 0.020804438280166437
2.0 0.6035960826581589 0.16096506733017651 0.024965325936199722 0.026352288488210817
2.0 0.20906364282379597 0.42092529911501664 0.004160887656033287 0.005547850208044383
7.0 0.2459810231670439 0.4096838141266036 0.009708737864077669 0.011095700416088766
2.0 0.5014685058412939 0.22003677833971447 0.008321775312066574 0.008321775312066574
2.0 0.456693347549238 0.2510351520821038 0.008321775312066574 0.006934812760055479
2.0 0.4021776192544996 0.289261292353682 0.008321775312066574 0.008321775312066574
2.0 0.3689840976354114 0.3127292440503978 0.006934812760055479 0.008321775312066574
2.0 0.3332652805079672 0.33769507885302663 0.005547850208044383 0.005547850208044383
2.0 0.31348223781621853 0.35053139405166334 0.005547850208044383 0.008321775312066574
2.0 0.3078300613764803 0.3530864082025537 0.004160887656033287 0.005547850208044383
2.0 0.3011531845207779 0.3561767973507904 0.005547850208044383 0.005547850208044383
2.0 0.29803566859951086 0.3559746173504595 0.005547850208044383 0.006934812760055479
7.0 0.2645931713968482 0.3859180187326479 0.006934812760055479 0.006934812760055479
7.0 0.2667904101983932 0.38125623000460773 0.006934812760055479 0.006934812760055479
7.0 0.26898372386159664 0.3778491877274769 0.006934812760055479 0.008321775312066574
7.0 0.26972747156114857 0.3759736564383193 0.006934812760055479 0.006934812760055479
7.0 0.2730976319889111 0.3734609367888817 0.005547850208044383 0.004160887656033287
2.0 0.29386857715396675 0.3572834972304546 0.004160887656033287 0.005547850208044383
9.0 0.24270856725163548 0.4042813819993567 0.012482662968099861 0.013869625520110958
7.0 0.24039824302974316 0.40026862055922957 0.005547850208044383 0.006934812760055479
7.0 0.24052577048544582 0.3976587065806353 0.005547850208044383 0.005547850208044383
8.0 0.28540078747934494 0.3612555492407549 0.004160887656033287 0.004160887656033287
8.0 0.2740299407390787 0.3695453696779112 0.004160887656033287 0.004160887656033287
