7 0.17568 0.65946 0.06136 0.1
7 0.26386 0.55507 0.02864 0.04797
7 0.22023 0.52196 0.02409 0.03176
7 0.13773 0.50878 0.02091 0.02703
7 0.56614 0.46014 0.00591 0.01081
7 0.54795 0.45507 0.00409 0.00878
7 0.53182 0.45642 0.00364 0.00878
7 0.60977 0.45878 0.00591 0.01081
7 0.63182 0.45642 0.00455 0.01014
7 0.65432 0.45338 0.00409 0.00946
7 0.67227 0.45068 0.00364 0.00811
7 0.68341 0.44966 0.00318 0.00743
7 0.70227 0.4473 0.00273 0.00676
7 0.52659 0.45946 0.00591 0.00946
7 0.52068 0.45811 0.00591 0.00946
7 0.55977 0.45372 0.00409 0.00743
2 0.71864 0.57162 0.03273 0.06216
2 0.51227 0.50541 0.01636 0.02973
2 0.39091 0.49122 0.01364 0.02297
2 0.2975 0.48615 0.01136 0.01959
2 0.20386 0.48581 0.01227 0.01892
2 0.09227 0.49189 0.01182 0.01892
2 0.63455 0.46385 0.00727 0.01419
2 0.69205 0.45946 0.00773 0.01216
2 0.70932 0.45608 0.00591 0.01081
2 0.72386 0.4527 0.005 0.00946
2 0.73091 0.45101 0.00364 0.00878
2 0.74568 0.44932 0.00318 0.00811
2 0.76273 0.4473 0.00364 0.00811
2 0.79477 0.44493 0.00318 0.00743
2 0.54205 0.46622 0.00682 0.01486
2 0.47114 0.46554 0.00773 0.01351
2 0.48091 0.45811 0.00455 0.00946
2 0.45795 0.4598 0.005 0.01014
2 0.43932 0.46284 0.00591 0.01081
2 0.43068 0.4652 0.00591 0.01149
2 0.82523 0.44392 0.00318 0.00811
2 0.86614 0.44358 0.005 0.00878
2 0.91909 0.44358 0.00545 0.01014
2 0.49977 0.45507 0.005 0.01014
2 0.51341 0.45338 0.00409 0.00946
7 0.905 0.44189 0.00545 0.00946
7 0.85 0.44223 0.00545 0.00878
7 0.80318 0.44324 0.00364 0.00676
7 0.77523 0.44324 0.00318 0.00811
2 0.06705 0.47601 0.00409 0.00878
2 0.13614 0.47264 0.00409 0.00608
2 0.17955 0.46959 0.00364 0.00676
2 0.21977 0.46757 0.00318 0.00405
2 0.25568 0.46385 0.00227 0.00473
2 0.28659 0.46216 0.00227 0.00541
2 0.31341 0.4598 0.00227 0.00608
2 0.34773 0.45743 0.00182 0.00541
2 0.36977 0.45608 0.00227 0.00405
2 0.43727 0.45203 0.00182 0.00405
2 0.48023 0.45 0.00227 0.0027
2 0.52932 0.45135 0.00227 0.00405
2 0.52795 0.44899 0.00227 0.00473
2 0.52386 0.44865 0.00136 0.00541
2 0.51955 0.44932 0.00273 0.00405
9 0.33114 0.45777 0.00318 0.00743
7 0.21205 0.46622 0.00227 0.00541
7 0.24591 0.46453 0.00273 0.00473
7 0.27977 0.46182 0.00227 0.00473
7 0.32727 0.45845 0.00182 0.00473
7 0.35023 0.45743 0.00227 0.00405
7 0.37591 0.45608 0.00273 0.00405
7 0.45364 0.45101 0.00182 0.00338
7 0.5 0.44932 0.00182 0.00405
7 0.53727 0.44764 0.00182 0.00338
7 0.56364 0.45135 0.00273 0.00676
7 0.57273 0.44899 0.00273 0.00473
7 0.56614 0.44797 0.00227 0.00541
7 0.72477 0.44628 0.00318 0.00608
7 0.745 0.44527 0.00273 0.00676
2 0.45795 0.45068 0.00136 0.00405
7 0.40364 0.45405 0.00182 0.0027
7 0.4275 0.45236 0.00136 0.00338
