2.0 0.2816326472800248 0.46682294513908495 0.037606837606837605 0.02564102564102564
2.0 0.2559304127555558 0.526996052081915 0.03076923076923077 0.017094017094017096
2.0 0.23768071323249423 0.634667190743222 0.02564102564102564 0.015384615384615385
2.0 0.22055324628915046 0.7314483932697365 0.023931623931623933 0.011965811965811967
2.0 0.24785642977437805 0.2812269725458104 0.020512820512820513 0.013675213675213675
2.0 0.2354841030411212 0.3858059957171088 0.018803418803418803 0.011965811965811967
2.0 0.22749888057630827 0.4475800739789081 0.018803418803418803 0.010256410256410256
2.0 0.20972912229946802 0.6240017854577974 0.018803418803418803 0.008547008547008548
2.0 0.20735390170519805 0.705184378192804 0.015384615384615385 0.006837606837606838
7.0 0.19808514659510512 0.720233690357196 0.017094017094017096 0.008547008547008548
7.0 0.204271193108484 0.6319985676352183 0.013675213675213675 0.006837606837606838
7.0 0.2113996346418798 0.5378693445529625 0.015384615384615385 0.006837606837606838
2.0 0.2162492123568431 0.5356157616711132 0.017094017094017096 0.010256410256410256
7.0 0.22021129424643396 0.4538692696163735 0.013675213675213675 0.010256410256410256
7.0 0.22780354549473247 0.39082782310806047 0.015384615384615385 0.010256410256410256
7.0 0.23619266302962544 0.3265036517357743 0.015384615384615385 0.010256410256410256
7.0 0.24491849664528112 0.24310140839136724 0.017094017094017096 0.010256410256410256
7.0 0.25415168938284466 0.11487079278903604 0.018803418803418803 0.013675213675213675
2.0 0.25537553018670067 0.1827290071326183 0.022222222222222223 0.011965811965811967
