2.0 0.4779946766806291 0.14152894330148078 0.11754385964912281 0.07894736842105263
2.0 0.7399837716289863 0.5396388322561564 0.03859649122807018 0.02280701754385965
2.0 0.7744510981652037 0.7406768992433395 0.04035087719298246 0.02631578947368421
2.0 0.7193502365190688 0.3766041567963259 0.02982456140350877 0.01929824561403509
2.0 0.754252928547845 0.411812464619679 0.021052631578947368 0.012280701754385965
2.0 0.7416382574400997 0.3787997344200378 0.01929824561403509 0.012280701754385965
2.0 0.7283548630906008 0.36274720051586296 0.02631578947368421 0.015789473684210527
2.0 0.767188456779212 0.35036805808645527 0.007017543859649123 0.0035087719298245615
2.0 0.7710284134723695 0.3766300131548345 0.005263157894736842 0.0017543859649122807
2.0 0.774895017474162 0.3932324393681507 0.008771929824561403 0.0035087719298245615
2.0 0.7771181228980701 0.4063261975772527 0.007017543859649123 0.0017543859649122807
2.0 0.770484614362055 0.41701414489470195 0.010526315789473684 0.008771929824561403
2.0 0.7775426310811921 0.4272517724388755 0.010526315789473684 0.005263157894736842
2.0 0.770665641371461 0.4285124565903539 0.014035087719298246 0.007017543859649123
2.0 0.7637375613393086 0.43429532034089724 0.015789473684210527 0.008771929824561403
2.0 0.7703032283116007 0.44295536661246154 0.014035087719298246 0.008771929824561403
2.0 0.7591946564395269 0.3176205482778391 0.007017543859649123 0.0035087719298245615
7.0 0.7905000425153088 0.6846150077442343 0.02982456140350877 0.017543859649122806
7.0 0.7731421398439619 0.5756767101846942 0.02280701754385965 0.015789473684210527
7.0 0.786460115554553 0.4426095845268643 0.008771929824561403 0.005263157894736842
7.0 0.789808457265815 0.46236166561894715 0.010526315789473684 0.005263157894736842
7.0 0.7917439631239053 0.480631087095167 0.008771929824561403 0.0035087719298245615
7.0 0.7930336042231216 0.49364036222949526 0.008771929824561403 0.0035087719298245615
7.0 0.792143653449374 0.5062928136104403 0.010526315789473684 0.007017543859649123
7.0 0.7960777241710221 0.5134207471443915 0.010526315789473684 0.0035087719298245615
7.0 0.7919603080241457 0.5147498443444924 0.014035087719298246 0.008771929824561403
7.0 0.7915230963930279 0.5236452920059799 0.015789473684210527 0.008771929824561403
7.0 0.776800089837964 0.5357428007752582 0.015789473684210527 0.008771929824561403
7.0 0.7718357466234096 0.5351125074209411 0.02280701754385965 0.014035087719298246
7.0 0.7916332277779049 0.5369984908046636 0.014035087719298246 0.010526315789473684
7.0 0.7903319779167248 0.5538191536957201 0.017543859649122806 0.008771929824561403
7.0 0.7842403099962844 0.5490195199089676 0.017543859649122806 0.008771929824561403
7.0 0.8243519377869404 0.7561519884586382 0.01929824561403509 0.014035087719298246
7.0 0.8173362258117423 0.7638008441865517 0.021052631578947368 0.012280701754385965
7.0 0.8077071234343164 0.7600418968951395 0.02456140350877193 0.017543859649122806
7.0 0.7747348904528958 0.38441033567080657 0.008771929824561403 0.0035087719298245615
7.0 0.7589008197083392 0.3077831720072462 0.005263157894736842 0.005263157894736842
2.0 0.7773341078772282 0.43550374662061675 0.008771929824561403 0.005263157894736842
2.0 0.7775072982675728 0.41944603600081204 0.007017543859649123 0.0017543859649122807
7.0 0.7812219709082088 0.417342847418829 0.008771929824561403 0.0035087719298245615
7.0 0.8308765395479027 0.7545273260298999 0.012280701754385965 0.007017543859649123
7.0 0.834396617042395 0.7532715727939424 0.012280701754385965 0.005263157894736842
7.0 0.8396249814977229 0.7610641291065766 0.008771929824561403 0.0035087719298245615
7.0 0.8457023465164757 0.7831418026386934 0.008771929824561403 0.005263157894736842
7.0 0.7486622791916565 0.2641979886949073 0.005263157894736842 0.0017543859649122807
7.0 0.7376398864155823 0.21680853791342514 0.005263157894736842 0.0017543859649122807
2.0 0.7506531531627642 0.2754740791260653 0.007017543859649123 0.0035087719298245615
2.0 0.7416348276506681 0.23688847264371235 0.008771929824561403 0.0035087719298245615
2.0 0.7316656808513868 0.1980033163459683 0.010526315789473684 0.0035087719298245615
2.0 0.7218252461292662 0.15272216765554675 0.007017543859649123 0.0035087719298245615
7.0 0.7262927318090894 0.1717123911624099 0.007017543859649123 0.005263157894736842
7.0 0.7674958616471375 0.34785968731537087 0.007017543859649123 0.005263157894736842
