2.0 0.4359025717748291 0.8433773340592029 0.11973018549747048 0.07251264755480608
2.0 0.2773925332159529 0.14313682611908127 0.016863406408094434 0.011804384485666104
2.0 0.26480070654385 0.2196202263250047 0.01517706576728499 0.01011804384485666
2.0 0.2536235033696921 0.2830092954807801 0.011804384485666104 0.008431703204047217
2.0 0.23749710941744717 0.3777979670745269 0.011804384485666104 0.008431703204047217
2.0 0.23212938852880846 0.4099303591379288 0.01011804384485666 0.006745362563237774
2.0 0.224983810962706 0.44712359652284667 0.008431703204047217 0.00505902192242833
2.0 0.21797186234339494 0.48853114582914287 0.01011804384485666 0.006745362563237774
7.0 0.27483416745743494 0.11399048034661126 0.01517706576728499 0.008431703204047217
7.0 0.26310630049569267 0.19899895176659077 0.01011804384485666 0.006745362563237774
7.0 0.25399755165888716 0.257369648550383 0.01011804384485666 0.00505902192242833
7.0 0.2430764624862671 0.3209967572003701 0.01011804384485666 0.006745362563237774
7.0 0.2358255978337806 0.36714033501179577 0.008431703204047217 0.00505902192242833
7.0 0.2203052174987615 0.45347025166445853 0.006745362563237774 0.00505902192242833
7.0 0.22742684259296012 0.4130815087415968 0.01011804384485666 0.003372681281618887
7.0 0.21637501457255853 0.4824719551733951 0.006745362563237774 0.003372681281618887
7.0 0.21517535463588522 0.4876347521804699 0.006745362563237774 0.003372681281618887
7.0 0.21411574534744154 0.47847900909335034 0.006745362563237774 0.003372681281618887
7.0 0.21443729908298756 0.48172698976356715 0.003372681281618887 0.003372681281618887
7.0 0.20885900804131532 0.5066506352265859 0.003372681281618887 0.0016863406408094434
7.0 0.20535583811891095 0.5349210483995855 0.003372681281618887 0.0016863406408094434
7.0 0.20134913526854634 0.5676879512940095 0.003372681281618887 0.0016863406408094434
7.0 0.19702532498948247 0.6039935155519429 0.00505902192242833 0.003372681281618887
2.0 0.19876450080196043 0.5941301593855177 0.008431703204047217 0.003372681281618887
2.0 0.20228592670014023 0.5640656772541203 0.006745362563237774 0.003372681281618887
2.0 0.20865201434984945 0.5430771644914213 0.006745362563237774 0.003372681281618887
2.0 0.2082207841394159 0.5388103774377698 0.006745362563237774 0.003372681281618887
2.0 0.21219580570881352 0.5263603933345761 0.006745362563237774 0.003372681281618887
2.0 0.20840179304604317 0.5276903414605062 0.008431703204047217 0.0016863406408094434
2.0 0.20826019020971137 0.5200904617707647 0.006745362563237774 0.003372681281618887
7.0 0.21193761453520152 0.4824785750818988 0.00505902192242833 0.003372681281618887
