7 0.55477 0.46047 0.04591 0.09662
7 0.66091 0.30743 0.02 0.03514
7 0.58295 0.28581 0.01409 0.02568
7 0.51682 0.27365 0.01091 0.02027
7 0.47955 0.2652 0.00818 0.01689
7 0.30318 0.27703 0.01091 0.02027
7 0.37591 0.26622 0.00818 0.01622
7 0.45477 0.25304 0.00682 0.01284
7 0.46909 0.25777 0.00636 0.01419
7 0.795 0.36757 0.03455 0.05946
2 0.88909 0.30203 0.02545 0.03649
2 0.71727 0.28074 0.01273 0.025
2 0.65386 0.27196 0.01045 0.01959
2 0.57091 0.25912 0.00818 0.01419
2 0.58591 0.25473 0.00636 0.01351
2 0.59273 0.26385 0.00818 0.01419
2 0.5975 0.25169 0.00591 0.01284
2 0.42455 0.24865 0.00545 0.01216
2 0.27727 0.26385 0.00909 0.01689
2 0.36591 0.25507 0.00727 0.01284
9 0.33568 0.25372 0.01045 0.0223
9 0.41114 0.25608 0.01045 0.02432
7 0.49477 0.25439 0.00682 0.01284
7 0.53045 0.25034 0.00545 0.01149
7 0.55159 0.24797 0.00591 0.01081
7 0.49659 0.2473 0.00318 0.01081
7 0.49955 0.24696 0.00455 0.01149
7 0.52045 0.24459 0.00455 0.01081
7 0.53386 0.24291 0.00318 0.00878
7 0.56636 0.24628 0.00455 0.01014
7 0.58477 0.24392 0.00318 0.00946
2 0.60932 0.24865 0.00409 0.01081
2 0.62091 0.24561 0.00455 0.01149
8 0.58932 0.24426 0.00318 0.00878
8 0.59295 0.24392 0.00227 0.00946
8 0.59886 0.24291 0.00227 0.00878
8 0.60886 0.24122 0.00227 0.00811
8 0.63 0.24459 0.00455 0.00946
8 0.63682 0.24392 0.00364 0.00946
8 0.64455 0.24291 0.00364 0.00878
8 0.65023 0.24257 0.00409 0.00946
7 0.145 0.28514 0.01273 0.02568
2 0.48682 0.24257 0.00364 0.00946
2 0.46341 0.24527 0.00318 0.00946
2 0.46023 0.24527 0.00318 0.00946
