8.0 0.571015058447622 0.41409329031515674 0.10526315789473684 0.0847953216374269
8.0 0.5660281675109992 0.5588211710832603 0.13304093567251463 0.1067251461988304
8.0 0.38574018907979185 0.5788979027371581 0.06725146198830409 0.054093567251461985
9.0 0.4275102140449101 0.5623097385463882 0.13450292397660818 0.09649122807017543
9.0 0.41524010078068674 0.47669882107542055 0.09649122807017543 0.07163742690058479
9.0 0.5279339881372302 0.36359924888511796 0.11988304093567251 0.08187134502923976
2.0 0.43675388751021504 0.5131509463647053 0.06871345029239766 0.05555555555555555
2.0 0.4954119557824471 0.5201985626236306 0.09649122807017543 0.07748538011695906
7.0 0.4863279586978176 0.44603557699507557 0.07456140350877193 0.05847953216374269
7.0 0.3836800374263872 0.6262885513425551 0.0804093567251462 0.06725146198830409
7.0 0.4675193513547327 0.7751887710098696 0.14181286549707603 0.1154970760233918
2.0 0.39688289974132657 0.6934409487077242 0.09649122807017543 0.07602339181286549
