2.0 0.47993415796960437 0.6660012941583927 0.05582137161084529 0.04146730462519936
2.0 0.5159142559284706 0.5956443314661624 0.030303030303030304 0.022328548644338118
2.0 0.5294851953434938 0.5674155271469795 0.019138755980861243 0.014354066985645933
2.0 0.5359821746933638 0.5522244643151759 0.014354066985645933 0.009569377990430622
2.0 0.5406229668584118 0.5450294011567531 0.011164274322169059 0.007974481658692184
7.0 0.3937288852648253 0.35920222109932176 0.051036682615629984 0.03827751196172249
7.0 0.4781042381190123 0.43535272246567075 0.023923444976076555 0.01594896331738437
7.0 0.5007203329478588 0.45580428226872793 0.017543859649122806 0.011164274322169059
7.0 0.5147603312458804 0.4687641493938806 0.012759170653907496 0.009569377990430622
7.0 0.5278091389473872 0.48332532616220747 0.009569377990430622 0.006379585326953748
7.0 0.5322254525849545 0.48810199906495055 0.006379585326953748 0.003189792663476874
7.0 0.5379158629072454 0.4986748318931738 0.007974481658692184 0.004784688995215311
7.0 0.5449739294490187 0.5154245440800188 0.006379585326953748 0.003189792663476874
9.0 0.526896214706557 0.47780436328740494 0.017543859649122806 0.011164274322169059
9.0 0.5478244677328247 0.5409862823395979 0.014354066985645933 0.006379585326953748
7.0 0.5510702612775704 0.5306988966782819 0.004784688995215311 0.003189792663476874
7.0 0.5596354738820813 0.5541460714059172 0.004784688995215311 0.004784688995215311
7.0 0.5695003780200849 0.5845576441952767 0.004784688995215311 0.004784688995215311
7.0 0.5791628539587985 0.6163591783804538 0.006379585326953748 0.004784688995215311
7.0 0.5886137485910697 0.6462983635198292 0.006379585326953748 0.003189792663476874
7.0 0.5997176195767544 0.68347925725408 0.004784688995215311 0.004784688995215311
7.0 0.6130108253459656 0.7277581427750038 0.006379585326953748 0.004784688995215311
7.0 0.6253637644735269 0.7696006222768538 0.004784688995215311 0.004784688995215311
7.0 0.6419709107612872 0.826247302186264 0.007974481658692184 0.004784688995215311
2.0 0.5502900697308788 0.543783283602114 0.006379585326953748 0.004784688995215311
2.0 0.5517588071786697 0.5460780862954592 0.007974481658692184 0.004784688995215311
2.0 0.5553490149117465 0.5541448901597886 0.004784688995215311 0.001594896331738437
2.0 0.5613583280284593 0.5648351675592447 0.006379585326953748 0.003189792663476874
2.0 0.5682352340670151 0.5862408133489978 0.006379585326953748 0.003189792663476874
2.0 0.5791741205484252 0.6196193764460454 0.006379585326953748 0.003189792663476874
2.0 0.5876632804674748 0.6480832019968388 0.004784688995215311 0.003189792663476874
2.0 0.5974037221986243 0.6791029916204121 0.004784688995215311 0.001594896331738437
2.0 0.6067007987284976 0.710613553506967 0.006379585326953748 0.003189792663476874
2.0 0.6162194576712594 0.7439922385808223 0.006379585326953748 0.004784688995215311
2.0 0.6321758844162481 0.7992831169553565 0.007974481658692184 0.006379585326953748
