7 0.77023 0.60642 0.07227 0.11149
7 0.84364 0.37703 0.01091 0.01757
7 0.86659 0.36284 0.005 0.00676
7 0.79773 0.35946 0.00364 0.00541
7 0.74659 0.3723 0.00682 0.01622
2 0.74295 0.36689 0.00318 0.01081
7 0.64045 0.36453 0.00545 0.01284
2 0.91977 0.37669 0.01045 0.01554
2 0.91023 0.3652 0.00591 0.00878
2 0.82795 0.37162 0.00682 0.01351
2 0.81545 0.36149 0.00364 0.00811
2 0.76841 0.35845 0.00318 0.00743
7 0.75841 0.35709 0.00318 0.00608
7 0.72977 0.35473 0.00227 0.00541
2 0.72545 0.35439 0.00273 0.00608
