7.0 0.3596075626656968 0.5084591620904506 0.04296296296296296 0.05185185185185185
7.0 0.4362844742923822 0.4968815006783246 0.02666666666666667 0.03111111111111111
7.0 0.46609720877619193 0.4888328327667413 0.017777777777777778 0.022222222222222223
7.0 0.4992309957582903 0.4864724232664371 0.011851851851851851 0.016296296296296295
7.0 0.524931785770285 0.4914637065428625 0.007407407407407408 0.01037037037037037
7.0 0.5190318614353686 0.4792967222913668 0.007407407407407408 0.008888888888888889
7.0 0.4852812961964129 0.4673587255260418 0.008888888888888889 0.008888888888888889
7.0 0.45217274425407805 0.45823068923712046 0.007407407407407408 0.01037037037037037
7.0 0.5450300135739918 0.49592838388817756 0.008888888888888889 0.011851851851851851
7.0 0.5547778311105823 0.49605876130099585 0.008888888888888889 0.01037037037037037
2.0 0.5369671581582809 0.48308070331718506 0.007407407407407408 0.008888888888888889
2.0 0.5430502717282993 0.48129714675890317 0.005925925925925926 0.007407407407407408
2.0 0.5740302031480361 0.4973321159942416 0.007407407407407408 0.007407407407407408
2.0 0.5721772311799163 0.4925797917893549 0.005925925925925926 0.007407407407407408
7.0 0.5643527498595502 0.48853980599271346 0.005925925925925926 0.005925925925925926
2.0 0.44004176673803547 0.4503055123257468 0.005925925925925926 0.008888888888888889
2.0 0.40162719501217714 0.43825047854034976 0.01037037037037037 0.011851851851851851
7.0 0.3914057555253276 0.440433348789683 0.01037037037037037 0.011851851851851851
7.0 0.2979569488284987 0.4134073605987577 0.013333333333333334 0.016296296296296295
2.0 0.3294218784153156 0.4156344660372005 0.01037037037037037 0.013333333333333334
2.0 0.22011904583889733 0.384364534148358 0.016296296296296295 0.017777777777777778
2.0 0.6114064939225016 0.5142554154394847 0.007407407407407408 0.008888888888888889
2.0 0.6078711422353177 0.506512232425709 0.0044444444444444444 0.005925925925925926
2.0 0.6244868008101129 0.5226032610188868 0.007407407407407408 0.011851851851851851
2.0 0.629271868532342 0.528378735719556 0.011851851851851851 0.013333333333333334
2.0 0.6189957273879534 0.5294163436726287 0.01037037037037037 0.014814814814814815
2.0 0.6063133921270433 0.5307858551738139 0.013333333333333334 0.016296296296296295
2.0 0.6039956526595809 0.5465841503534467 0.017777777777777778 0.023703703703703703
2.0 0.6512715506606355 0.597648149528885 0.035555555555555556 0.04148148148148148
2.0 0.6506540622933791 0.5244395081276297 0.005925925925925926 0.008888888888888889
2.0 0.6841377121569509 0.5382264819865289 0.005925925925925926 0.008888888888888889
2.0 0.7995498186808874 0.5795147914812754 0.005925925925925926 0.007407407407407408
2.0 0.7660592394058444 0.5657247324496167 0.0044444444444444444 0.005925925925925926
2.0 0.7405522968474911 0.5552069148552927 0.0044444444444444444 0.0044444444444444444
7.0 0.21938879896073366 0.36692688537320567 0.005925925925925926 0.007407407407407408
7.0 0.28498796445523217 0.38912576764649887 0.005925925925925926 0.007407407407407408
7.0 0.32666053534186723 0.40318765838013854 0.0044444444444444444 0.005925925925925926
7.0 0.36365479878362456 0.4154489350826443 0.002962962962962963 0.0044444444444444444
7.0 0.3955134136233979 0.42570597635190055 0.002962962962962963 0.0044444444444444444
7.0 0.420544869827958 0.4343265809488163 0.002962962962962963 0.0044444444444444444
7.0 0.8223232414475502 0.5868477521772351 0.0044444444444444444 0.005925925925925926
7.0 0.8071600008123581 0.5814998526754201 0.002962962962962963 0.0044444444444444444
7.0 0.7903078931816634 0.5748354158574999 0.0044444444444444444 0.005925925925925926
7.0 0.7621737489739383 0.5634301953688038 0.002962962962962963 0.005925925925925926
7.0 0.7281615544350521 0.5499725035430241 0.0044444444444444444 0.0044444444444444444
7.0 0.6711649441808836 0.5279587003400881 0.002962962962962963 0.0044444444444444444
7.0 0.6638737360446092 0.5269542604256442 0.0044444444444444444 0.007407407407407408
7.0 0.6596231427074568 0.5259086822684174 0.0044444444444444444 0.005925925925925926
7.0 0.6378927294009641 0.5170722838279285 0.0044444444444444444 0.007407407407407408
7.0 0.58403492147578 0.4956173605521977 0.0044444444444444444 0.007407407407407408
7.0 0.5484200080518835 0.4904216557167301 0.007407407407407408 0.01037037037037037
7.0 0.5561146343219177 0.4845896580004552 0.002962962962962963 0.0044444444444444444
2.0 0.2429019804188468 0.37599241805001393 0.007407407407407408 0.008888888888888889
2.0 0.3092366182310512 0.3982364510543818 0.005925925925925926 0.008888888888888889
2.0 0.3436106094349079 0.40961341003527507 0.005925925925925926 0.007407407407407408
2.0 0.3823914852669976 0.42211383555833093 0.002962962962962963 0.005925925925925926
2.0 0.41409094471044733 0.4331386211868941 0.0044444444444444444 0.007407407407407408
2.0 0.4417969326754144 0.4421113991361399 0.002962962962962963 0.005925925925925926
2.0 0.49094482627116237 0.4665175689278573 0.005925925925925926 0.008888888888888889
2.0 0.5258287748186139 0.47419424761479545 0.002962962962962963 0.005925925925925926
2.0 0.528346794220424 0.473629829249418 0.002962962962962963 0.0044444444444444444
2.0 0.696255167349211 0.5385732851502667 0.0044444444444444444 0.0044444444444444444
2.0 0.6992990883886087 0.5393639208287843 0.0014814814814814814 0.002962962962962963
2.0 0.6999843664900364 0.5407899338461437 0.0044444444444444444 0.005925925925925926
2.0 0.7045553560908865 0.5453491872770878 0.005925925925925926 0.007407407407407408
7.0 0.704329620049259 0.5407650529192866 0.0044444444444444444 0.0044444444444444444
7.0 0.6856471930883924 0.5335680080743174 0.0014814814814814814 0.002962962962962963
7.0 0.6099655128356305 0.5060414961034266 0.005925925925925926 0.007407407407407408
7.0 0.5549008115451755 0.48349292701621516 0.002962962962962963 0.0044444444444444444
7.0 0.5534872116050294 0.4828635517733117 0.0044444444444444444 0.0044444444444444444
7.0 0.5470290001137742 0.47998817076161565 0.0014814814814814814 0.002962962962962963
7.0 0.439857652165197 0.4409656731821131 0.0044444444444444444 0.0044444444444444444
7.0 0.4568650709535035 0.4468523510564957 0.002962962962962963 0.0044444444444444444
7.0 0.47197383099867274 0.4518936915948218 0.0014814814814814814 0.0044444444444444444
7.0 0.5085009597666096 0.4647938944666954 0.002962962962962963 0.0044444444444444444
7.0 0.5215220575554209 0.4694703531672915 0.002962962962962963 0.002962962962962963
7.0 0.5343770705364372 0.4749114710544354 0.0014814814814814814 0.002962962962962963
2.0 0.7156185860377607 0.5455089217628216 0.0044444444444444444 0.005925925925925926
2.0 0.7061238250536116 0.5435233969109106 0.002962962962962963 0.0044444444444444444
7.0 0.6632360091217329 0.5258317211990142 0.002962962962962963 0.0044444444444444444
2.0 0.5247298624999195 0.47285807240181904 0.0044444444444444444 0.005925925925925926
2.0 0.518369396403494 0.4689053028945678 0.002962962962962963 0.0044444444444444444
2.0 0.5058264280062026 0.46444172111436544 0.002962962962962963 0.0044444444444444444
2.0 0.48903264520424256 0.45809385784416473 0.002962962962962963 0.005925925925925926
2.0 0.4740249367941786 0.4528069027315837 0.002962962962962963 0.0044444444444444444
2.0 0.4595943043714496 0.44834978670508624 0.002962962962962963 0.0044444444444444444
7.0 0.5515954822733634 0.48202129961001444 0.002962962962962963 0.002962962962962963
7.0 0.490815413355863 0.4583229920804841 0.002962962962962963 0.002962962962962963
