2.0 0.5632007099321562 0.647840051465192 0.06761565836298933 0.04448398576512456
2.0 0.6385818323046286 0.849775127461465 0.051601423487544484 0.03914590747330961
2.0 0.7081650838209669 0.8258078395226479 0.023131672597864767 0.014234875444839857
2.0 0.7171465105345061 0.793425009039591 0.017793594306049824 0.010676156583629894
2.0 0.7239273133615037 0.7666873304103983 0.010676156583629894 0.005338078291814947
2.0 0.7202859717512861 0.77623055331142 0.012455516014234875 0.0071174377224199285
9.0 0.7086993641082716 0.8396939691697076 0.04092526690391459 0.023131672597864767
7.0 0.7396450124368846 0.8543502328073976 0.010676156583629894 0.0071174377224199285
7.0 0.7387514172064383 0.8723437752883244 0.010676156583629894 0.005338078291814947
2.0 0.7210054141138121 0.7801122739416082 0.014234875444839857 0.005338078291814947
2.0 0.7341824847840943 0.6610972957148046 0.010676156583629894 0.0035587188612099642
2.0 0.7370868714488636 0.6680746318437004 0.010676156583629894 0.0035587188612099642
2.0 0.7377419985978242 0.6655049580298305 0.008896797153024912 0.0035587188612099642
