7.0 0.6871434549932234 0.5275831989822437 0.07040229885057471 0.08333333333333333
7.0 0.7020430452038748 0.42104206876402667 0.034482758620689655 0.040229885057471264
7.0 0.6821908322162797 0.3765120377434328 0.022988505747126436 0.02586206896551724
7.0 0.6570925629202743 0.3438435763834233 0.015804597701149427 0.01867816091954023
7.0 0.6761505359134666 0.33395232194159946 0.007183908045977011 0.010057471264367816
7.0 0.6472220999318311 0.3278586887827771 0.010057471264367816 0.01293103448275862
7.0 0.7090711620452023 0.35077908418153175 0.008620689655172414 0.008620689655172414
7.0 0.649574041246545 0.31637785278307584 0.007183908045977011 0.010057471264367816
7.0 0.6522044250999258 0.32266374376839707 0.008620689655172414 0.011494252873563218
7.0 0.3510393466062614 0.1531683071060886 0.01867816091954023 0.020114942528735632
7.0 0.426953796384534 0.20036218909781495 0.015804597701149427 0.01867816091954023
2.0 0.4042367704340012 0.17271445989760384 0.014367816091954023 0.015804597701149427
2.0 0.4675054788489949 0.21204078317840558 0.01293103448275862 0.014367816091954023
2.0 0.5283215663784186 0.2471731297742904 0.008620689655172414 0.011494252873563218
7.0 0.5223793668307762 0.2558143542079975 0.01293103448275862 0.015804597701149427
7.0 0.5807505733460273 0.283628166853999 0.01293103448275862 0.014367816091954023
2.0 0.5931333811934868 0.28025602775860065 0.008620689655172414 0.011494252873563218
9.0 0.5719643006991372 0.26568734810138694 0.01293103448275862 0.015804597701149427
9.0 0.6137871392481155 0.2954053802144879 0.015804597701149427 0.020114942528735632
2.0 0.7690757041079427 0.4152949769105785 0.017241379310344827 0.020114942528735632
2.0 0.8068374550382742 0.4527035721480909 0.022988505747126436 0.027298850574712645
2.0 0.7337427181287338 0.381789575741111 0.011494252873563218 0.014367816091954023
2.0 0.7234539181194695 0.3706866154868392 0.011494252873563218 0.01293103448275862
2.0 0.743261002053855 0.37910895372276726 0.010057471264367816 0.01293103448275862
2.0 0.7573344186307529 0.38406709830744445 0.010057471264367816 0.011494252873563218
8.0 0.7676475538783087 0.3809691597607569 0.007183908045977011 0.008620689655172414
8.0 0.774441745906147 0.3838857429686669 0.005747126436781609 0.008620689655172414
8.0 0.7836552110693553 0.388992850103878 0.007183908045977011 0.008620689655172414
8.0 0.7963235024797369 0.4002793151122379 0.007183908045977011 0.010057471264367816
8.0 0.8011631643745765 0.3998331359607797 0.005747126436781609 0.007183908045977011
8.0 0.8041406979719258 0.40376295840010495 0.005747126436781609 0.008620689655172414
8.0 0.8118669252523094 0.4077597061782268 0.007183908045977011 0.008620689655172414
8.0 0.8185167020625369 0.41058782784334824 0.007183908045977011 0.008620689655172414
2.0 0.787379277080042 0.3950354800779771 0.008620689655172414 0.011494252873563218
2.0 0.7724511281908516 0.3898895195730031 0.008620689655172414 0.010057471264367816
7.0 0.7280568614174953 0.3610170592547788 0.008620689655172414 0.010057471264367816
7.0 0.7424292990925092 0.3678483626820746 0.008620689655172414 0.010057471264367816
7.0 0.722862789211134 0.352452182799368 0.007183908045977011 0.008620689655172414
7.0 0.6880911508056579 0.33517132757570345 0.007183908045977011 0.008620689655172414
7.0 0.6913081428319177 0.33695453537431064 0.007183908045977011 0.008620689655172414
2.0 0.63903966714497 0.30400329971922857 0.007183908045977011 0.008620689655172414
8.0 0.7642890142028934 0.3791074908190111 0.007183908045977011 0.008620689655172414
7.0 0.7600693082311332 0.3770544395413711 0.005747126436781609 0.008620689655172414
7.0 0.7103377973942633 0.346081406339857 0.005747126436781609 0.008620689655172414
2.0 0.6904313690564196 0.3316322754473793 0.004310344827586207 0.004310344827586207
2.0 0.6708666111193997 0.32107332297038294 0.005747126436781609 0.008620689655172414
2.0 0.6687938806877958 0.31963841979394714 0.005747126436781609 0.007183908045977011
