7.0 0.4736703352149612 0.6388714369780139 0.05131761442441054 0.049930651872399444
7.0 0.4781863973749889 0.5510081629703166 0.027739251040221916 0.027739251040221916
7.0 0.4892084780030427 0.5080109469940968 0.016643550624133148 0.016643550624133148
7.0 0.503333414759495 0.47288270852091563 0.011095700416088766 0.011095700416088766
7.0 0.5163202368783777 0.44733022261531913 0.011095700416088766 0.009708737864077669
7.0 0.536146159253568 0.41698567907216805 0.008321775312066574 0.006934812760055479
7.0 0.5648794601565438 0.37789277637861957 0.008321775312066574 0.006934812760055479
7.0 0.5957523426807334 0.3384816309892637 0.011095700416088766 0.009708737864077669
7.0 0.6271260131361232 0.29886033512326365 0.011095700416088766 0.008321775312066574
2.0 0.6455906183176038 0.28170496367773695 0.012482662968099861 0.012482662968099861
2.0 0.6128163135248359 0.3222552826116201 0.011095700416088766 0.011095700416088766
2.0 0.5920686217729285 0.41229471842567494 0.02912621359223301 0.027739251040221916
2.0 0.5781468471732597 0.3687982495631349 0.011095700416088766 0.009708737864077669
2.0 0.562404279793681 0.4181613105198759 0.019417475728155338 0.018030513176144243
2.0 0.5590380831274777 0.39679669363843034 0.012482662968099861 0.011095700416088766
2.0 0.5562125651492935 0.4087479853765825 0.013869625520110958 0.012482662968099861
2.0 0.666404590006835 0.40282733726504105 0.056865464632454926 0.05409153952843273
7.0 0.6718935210105145 0.24289022005505434 0.011095700416088766 0.011095700416088766
