2 0.80682 0.53953 0.08273 0.1723
2 0.68886 0.22264 0.02227 0.03851
2 0.64727 0.19764 0.01182 0.025
2 0.64591 0.21014 0.01636 0.02973
2 0.66682 0.16554 0.00818 0.01622
2 0.67068 0.17399 0.00864 0.01419
2 0.675 0.1902 0.01273 0.0223
2 0.69364 0.18345 0.01 0.01824
2 0.64977 0.17027 0.00864 0.01622
2 0.65455 0.16419 0.00636 0.01486
2 0.64136 0.16284 0.00818 0.01216
2 0.62227 0.16216 0.00636 0.01351
2 0.60523 0.16284 0.00864 0.01216
2 0.58409 0.16318 0.00727 0.01284
2 0.55364 0.16318 0.00545 0.01149
2 0.515 0.16554 0.00636 0.01081
2 0.4675 0.16824 0.00591 0.00946
2 0.42614 0.17095 0.00591 0.00946
2 0.38523 0.17568 0.00591 0.00811
2 0.34091 0.17872 0.00636 0.01014
2 0.2975 0.18277 0.00591 0.01149
2 0.25364 0.18716 0.00818 0.01351
2 0.18455 0.19459 0.00818 0.01216
9 0.22091 0.18649 0.00909 0.01892
9 0.17341 0.18851 0.00864 0.01757
2 0.1275 0.19865 0.00864 0.01351
7 0.10932 0.19696 0.00864 0.01284
7 0.20864 0.18953 0.00727 0.01149
7 0.84864 0.1723 0.01091 0.02027
7 0.85318 0.17872 0.01182 0.0223
7 0.84364 0.18547 0.01273 0.02365
7 0.85773 0.19189 0.01636 0.02838
7 0.92977 0.19561 0.01227 0.03446
7 0.81432 0.16892 0.01045 0.01757
7 0.78932 0.16655 0.00864 0.01689
7 0.77295 0.16419 0.00773 0.01622
7 0.76341 0.16014 0.00682 0.01351
7 0.75773 0.16318 0.00636 0.01554
7 0.73341 0.15946 0.00682 0.01351
7 0.71432 0.15845 0.00682 0.01284
7 0.68841 0.15777 0.00591 0.01284
7 0.66273 0.1598 0.00636 0.01149
7 0.63045 0.15946 0.00636 0.01081
7 0.58932 0.16115 0.00591 0.01014
7 0.50159 0.16453 0.005 0.01014
7 0.45273 0.16791 0.00455 0.00743
7 0.40273 0.17162 0.00545 0.00946
7 0.35682 0.17669 0.00636 0.00878
7 0.30409 0.18142 0.00545 0.00878
