2 0.82591 0.66216 0.05909 0.10676
2 0.52682 0.53649 0.02727 0.04189
2 0.41295 0.51216 0.01773 0.02703
2 0.30818 0.51081 0.01364 0.02297
2 0.18886 0.51858 0.01227 0.02095
2 0.89841 0.48311 0.02045 0.02838
2 0.7775 0.47399 0.01227 0.02095
2 0.78409 0.46655 0.00818 0.01554
2 0.81045 0.46047 0.00909 0.01554
2 0.84886 0.45608 0.00864 0.01486
2 0.88205 0.45169 0.00864 0.01419
2 0.90045 0.44764 0.00727 0.01284
2 0.89318 0.44493 0.00636 0.01149
2 0.91136 0.43986 0.00545 0.00946
2 0.90568 0.43953 0.005 0.00878
2 0.89955 0.43784 0.00364 0.00811
2 0.88886 0.4375 0.00409 0.00743
2 0.87682 0.4375 0.00364 0.00878
2 0.86114 0.43818 0.00409 0.00743
2 0.83591 0.43851 0.00364 0.00811
2 0.80682 0.43986 0.00364 0.00676
2 0.77136 0.44155 0.00364 0.00608
2 0.7425 0.44358 0.00318 0.00608
2 0.71364 0.44595 0.00364 0.00676
2 0.68477 0.44764 0.00318 0.00608
2 0.65795 0.44932 0.00318 0.00541
2 0.63273 0.45135 0.00364 0.00541
2 0.3075 0.47838 0.00409 0.00811
2 0.38545 0.47196 0.00455 0.00878
7 0.08636 0.63919 0.04545 0.07568
7 0.12091 0.56993 0.02909 0.04257
7 0.0825 0.55169 0.02136 0.03446
7 0.27773 0.47939 0.00364 0.00743
7 0.35182 0.47365 0.00273 0.00676
7 0.53 0.45878 0.00182 0.00541
7 0.56205 0.45608 0.00227 0.00541
7 0.61091 0.4527 0.00273 0.00541
9 0.59273 0.45236 0.00273 0.00878
9 0.61477 0.45101 0.00318 0.01014
7 0.66477 0.44865 0.00227 0.00541
7 0.6975 0.44595 0.00318 0.00541
7 0.72864 0.44358 0.00273 0.00473
7 0.80023 0.43953 0.00318 0.00608
7 0.93364 0.43412 0.00364 0.00743
2 0.06886 0.49865 0.00318 0.00676
2 0.13227 0.49426 0.00273 0.00608
7 0.14523 0.49189 0.00227 0.00405
7 0.1075 0.49426 0.00227 0.00473
7 0.06591 0.49595 0.00273 0.00541
7 0.19705 0.48716 0.00227 0.00541
2 0.20114 0.48784 0.00318 0.00811
2 0.43614 0.46757 0.00318 0.00676
2 0.47023 0.46486 0.00318 0.00676
2 0.50523 0.4625 0.00227 0.00608
2 0.88477 0.44392 0.00409 0.00946
7 0.87182 0.43649 0.00273 0.00676
7 0.90727 0.43446 0.00273 0.00541
2 0.59568 0.45439 0.00227 0.00608
2 0.56773 0.45676 0.00273 0.00541
