2 0.64068 0.66723 0.10318 0.21959
2 0.92614 0.17061 0.015 0.02095
2 0.81295 0.17568 0.00864 0.01622
2 0.71773 0.17568 0.00909 0.01622
2 0.57591 0.1777 0.00727 0.01351
2 0.52636 0.17939 0.00727 0.01149
7 0.72818 0.17128 0.00727 0.01284
7 0.63705 0.17331 0.00591 0.01149
7 0.57 0.17432 0.00636 0.01081
7 0.50273 0.17466 0.00545 0.01014
2 0.46886 0.17838 0.00591 0.01216
2 0.40477 0.17872 0.00591 0.01149
2 0.34523 0.18074 0.005 0.01149
2 0.31886 0.18074 0.005 0.01149
2 0.33068 0.1777 0.00409 0.01081
2 0.33545 0.17601 0.00455 0.00878
7 0.44205 0.175 0.005 0.01081
7 0.3975 0.17601 0.00409 0.01014
7 0.39 0.17365 0.00364 0.00946
7 0.38591 0.17601 0.00364 0.00878
7 0.38091 0.1723 0.00364 0.00811
7 0.80932 0.17027 0.00682 0.01216
7 0.26591 0.17872 0.00273 0.00608
7 0.31 0.17568 0.00182 0.00541
7 0.21864 0.18041 0.00364 0.00676
7 0.14023 0.18581 0.00409 0.00811
7 0.08682 0.18953 0.00455 0.00743
2 0.07 0.19155 0.00636 0.01014
2 0.15023 0.18818 0.00409 0.00878
2 0.17568 0.18514 0.00409 0.00811
2 0.23477 0.18108 0.00318 0.00811
2 0.27455 0.17939 0.00364 0.00743
2 0.30864 0.17669 0.00364 0.00743
7 0.34705 0.17365 0.00318 0.00676
