7.0 0.5937457918781633 0.3016688295027832 0.06267806267806268 0.07122507122507123
7.0 0.5353970228193947 0.25508657063859025 0.03418803418803419 0.039886039886039885
7.0 0.5094476179181362 0.23733264047215838 0.021367521367521368 0.02564102564102564
7.0 0.4795045102478692 0.22773030375843997 0.01566951566951567 0.018518518518518517
7.0 0.41421821247803076 0.25747098024984033 0.01282051282051282 0.014245014245014245
7.0 0.3634996808195101 0.2824831123362074 0.011396011396011397 0.014245014245014245
7.0 0.31130397793593284 0.3095400124095694 0.009971509971509971 0.01282051282051282
7.0 0.16822004908585936 0.40355430680905024 0.018518518518518517 0.021367521367521368
7.0 0.21075389945482315 0.37167536820605857 0.014245014245014245 0.01566951566951567
7.0 0.2294363606191268 0.3483758553505312 0.008547008547008548 0.011396011396011397
7.0 0.2637050468375515 0.33267769937225244 0.009971509971509971 0.011396011396011397
9.0 0.19756851725172314 0.36292924667892545 0.014245014245014245 0.019943019943019943
9.0 0.12256568158802487 0.40224356220992263 0.019943019943019943 0.022792022792022793
8.0 0.24398287699824056 0.3278507673314714 0.005698005698005698 0.005698005698005698
2.0 0.11426673343433146 0.41642806364285645 0.017094017094017096 0.018518518518518517
2.0 0.12988358584592377 0.3992845054112158 0.011396011396011397 0.01282051282051282
2.0 0.28446013766233247 0.31733081528394386 0.009971509971509971 0.011396011396011397
2.0 0.34986626042901864 0.2852122615093605 0.009971509971509971 0.01282051282051282
2.0 0.592840746320268 0.17400235085131893 0.019943019943019943 0.024216524216524215
2.0 0.6498779514399241 0.16014350176040396 0.02564102564102564 0.029914529914529916
9.0 0.13568737754706878 0.38545056003782646 0.014245014245014245 0.017094017094017096
2.0 0.13792555140398763 0.39013845395676294 0.008547008547008548 0.011396011396011397
2.0 0.14301923790471197 0.3847804879505968 0.008547008547008548 0.009971509971509971
2.0 0.14553990575258072 0.38125784601752927 0.005698005698005698 0.007122507122507123
2.0 0.2752641965651247 0.31940172979164677 0.008547008547008548 0.009971509971509971
2.0 0.2665630547828329 0.32262183133956696 0.007122507122507123 0.008547008547008548
2.0 0.2625667628979007 0.32272567537315344 0.007122507122507123 0.008547008547008548
2.0 0.25602334365629686 0.32407068943443734 0.005698005698005698 0.008547008547008548
8.0 0.13341434621431375 0.39486564016841835 0.008547008547008548 0.009971509971509971
7.0 0.19479203409535456 0.36344884087587637 0.007122507122507123 0.008547008547008548
7.0 0.19033059059474372 0.3618155955283736 0.007122507122507123 0.007122507122507123
7.0 0.22412844170557958 0.34725973252283043 0.008547008547008548 0.011396011396011397
7.0 0.2302700472194486 0.3375282504046546 0.004273504273504274 0.005698005698005698
7.0 0.2265295706430163 0.34063514217435775 0.007122507122507123 0.008547008547008548
8.0 0.25752034278476355 0.32173321792774434 0.007122507122507123 0.008547008547008548
2.0 0.38679564729643334 0.26589881462325493 0.009971509971509971 0.01282051282051282
2.0 0.4459957847333762 0.2366498063370473 0.011396011396011397 0.01282051282051282
2.0 0.491348743082316 0.21429154774495723 0.01282051282051282 0.014245014245014245
2.0 0.5474432360588638 0.18920596929391076 0.01566951566951567 0.019943019943019943
7.0 0.4995577684800635 0.22602776610265654 0.014245014245014245 0.017094017094017096
2.0 0.30677660743145446 0.30650839631874244 0.008547008547008548 0.009971509971509971
7.0 0.2236430822856273 0.3432374148333176 0.005698005698005698 0.007122507122507123
7.0 0.20395052860080243 0.3674331509985748 0.011396011396011397 0.014245014245014245
