2.0 0.32383254766277353 0.5513834631333541 0.09302325581395349 0.10901162790697674
2.0 0.24313806187686757 0.4883808912036981 0.04941860465116279 0.059593023255813955
2.0 0.20558062925779372 0.4333081040839974 0.024709302325581394 0.03197674418604651
2.0 0.20506390208501032 0.40732879223206675 0.015988372093023256 0.020348837209302327
2.0 0.21122732204864098 0.39149303611431785 0.014534883720930232 0.01744186046511628
2.0 0.21617378529663875 0.38107151049152826 0.010174418604651164 0.014534883720930232
2.0 0.2177762416964619 0.3760204551789085 0.010174418604651164 0.01308139534883721
2.0 0.22137578377591663 0.36967621144422075 0.00872093023255814 0.010174418604651164
7.0 0.1315434971760712 0.4318099981612176 0.014534883720930232 0.015988372093023256
7.0 0.1451644326130175 0.41979165019403014 0.010174418604651164 0.011627906976744186
7.0 0.16262027517811398 0.40525137017113927 0.010174418604651164 0.01308139534883721
7.0 0.17372133870826256 0.3953688849861263 0.010174418604651164 0.011627906976744186
7.0 0.1800399001405237 0.3898859722175987 0.007267441860465116 0.010174418604651164
7.0 0.18700287502220675 0.38379909195311934 0.007267441860465116 0.007267441860465116
2.0 0.6087615027883267 0.1483058240591306 0.011627906976744186 0.015988372093023256
2.0 0.55138871956182 0.1783822889423011 0.01308139534883721 0.014534883720930232
2.0 0.5314860582021536 0.18626810869838079 0.010174418604651164 0.01308139534883721
2.0 0.5196110830542988 0.18977964339025524 0.00872093023255814 0.011627906976744186
2.0 0.22426748047451758 0.3656637510259931 0.00872093023255814 0.010174418604651164
2.0 0.22576027806004403 0.36151214139095716 0.005813953488372093 0.007267441860465116
2.0 0.23030824190910404 0.35778331706807887 0.005813953488372093 0.007267441860465116
2.0 0.24905995551920482 0.3442782534056285 0.005813953488372093 0.00872093023255814
2.0 0.23245066428410846 0.3541526309863764 0.005813953488372093 0.00872093023255814
2.0 0.27326858493300926 0.3288446761816379 0.005813953488372093 0.007267441860465116
2.0 0.3035916787707155 0.31085522080584743 0.00436046511627907 0.005813953488372093
2.0 0.33416692930575026 0.29188536125931264 0.00436046511627907 0.005813953488372093
2.0 0.35447384112602104 0.28069490116530726 0.00436046511627907 0.005813953488372093
2.0 0.3983878172595874 0.25549657073996107 0.0029069767441860465 0.005813953488372093
2.0 0.3769956105266696 0.2675239908508987 0.005813953488372093 0.00872093023255814
2.0 0.44753701904054916 0.22678718789248298 0.00436046511627907 0.007267441860465116
2.0 0.4904667692017575 0.20039485001097343 0.005813953488372093 0.00872093023255814
2.0 0.5786835996870323 0.15036799508884716 0.005813953488372093 0.00872093023255814
2.0 0.5701602152551234 0.1530153807355962 0.005813953488372093 0.007267441860465116
2.0 0.548518224352592 0.1694046352330373 0.007267441860465116 0.010174418604651164
7.0 0.1938529388773182 0.3786216666464018 0.005813953488372093 0.00872093023255814
7.0 0.20733178983116665 0.36893080705867065 0.005813953488372093 0.00872093023255814
7.0 0.2584608975437447 0.33666519219810076 0.00436046511627907 0.005813953488372093
7.0 0.2813597030762526 0.3227425752969244 0.00436046511627907 0.005813953488372093
7.0 0.3088903363495425 0.3056163525632071 0.00436046511627907 0.00436046511627907
7.0 0.33962330538784324 0.287693677785072 0.00436046511627907 0.00436046511627907
7.0 0.36124667183563697 0.27498887883430073 0.0029069767441860465 0.005813953488372093
7.0 0.37932012692134415 0.26464409495291175 0.0029069767441860465 0.00436046511627907
7.0 0.41548042490688836 0.24396441014863512 0.00436046511627907 0.005813953488372093
7.0 0.43894499133715215 0.23003749831045506 0.0029069767441860465 0.005813953488372093
7.0 0.47122415531168116 0.21105137541895733 0.005813953488372093 0.005813953488372093
7.0 0.49501615245698805 0.19553775610485824 0.00436046511627907 0.005813953488372093
7.0 0.501957124349982 0.19312870064082222 0.0029069767441860465 0.005813953488372093
7.0 0.49964798019777 0.19233415027231734 0.00436046511627907 0.00436046511627907
7.0 0.5049260541940785 0.18964483724688347 0.00436046511627907 0.005813953488372093
7.0 0.5154327230915555 0.18344785033326916 0.0029069767441860465 0.005813953488372093
7.0 0.5224371269159813 0.17931097904872473 0.00436046511627907 0.005813953488372093
7.0 0.5277137815061193 0.17774993560652774 0.005813953488372093 0.007267441860465116
7.0 0.5417636046977796 0.16917967213107818 0.00436046511627907 0.005813953488372093
7.0 0.590615224397864 0.14993461263846797 0.00872093023255814 0.010174418604651164
7.0 0.5961726694202462 0.14371196169113173 0.007267441860465116 0.010174418604651164
