7.0 0.47986001106093085 0.6271230689382526 0.09230769230769231 0.1452991452991453
7.0 0.2688063047076492 0.3830434507934519 0.010256410256410256 0.017094017094017096
7.0 0.31400297450405296 0.38486143081297125 0.011965811965811967 0.018803418803418803
7.0 0.33759005487283833 0.3901108947928646 0.015384615384615385 0.02564102564102564
7.0 0.44168683883964815 0.38739394037603014 0.017094017094017096 0.02905982905982906
7.0 0.6397675693499174 0.3563223166651665 0.020512820512820513 0.03247863247863248
7.0 0.8509977765023133 0.4069864256508612 0.05128205128205128 0.07692307692307693
9.0 0.8195749689376298 0.31287699937683855 0.046153846153846156 0.06495726495726496
9.0 0.7408516328511435 0.29900110448779627 0.022222222222222223 0.039316239316239315
2.0 0.8475172262972834 0.28838954853345 0.015384615384615385 0.022222222222222223
2.0 0.601785912440293 0.3326971949574033 0.015384615384615385 0.022222222222222223
2.0 0.15194162570770012 0.3979641981093107 0.010256410256410256 0.013675213675213675
2.0 0.490673077119341 0.34700822166141065 0.011965811965811967 0.018803418803418803
2.0 0.4376165387285943 0.35151260917541327 0.008547008547008548 0.015384615384615385
2.0 0.39060046478689914 0.35476786041150965 0.008547008547008548 0.015384615384615385
2.0 0.33055330364488705 0.36218714537797536 0.006837606837606838 0.013675213675213675
