7 0.10159 0.69054 0.075 0.10946
7 0.25136 0.55405 0.02818 0.04595
7 0.36295 0.50743 0.01682 0.02703
7 0.44977 0.49155 0.01227 0.02365
7 0.53205 0.48041 0.01045 0.01892
7 0.62114 0.475 0.00682 0.01622
7 0.74 0.47264 0.01 0.01689
7 0.84091 0.47095 0.01091 0.01892
7 0.87341 0.46824 0.01045 0.01622
7 0.85682 0.46149 0.00727 0.01486
7 0.87909 0.45372 0.00636 0.01149
7 0.85386 0.45709 0.005 0.01284
7 0.92795 0.45135 0.00591 0.01081
2 0.85136 0.48547 0.01727 0.02365
2 0.7225 0.48514 0.01409 0.02432
2 0.61705 0.49189 0.01318 0.02568
2 0.57795 0.54189 0.02591 0.04459
2 0.55114 0.50709 0.01682 0.03041
2 0.79659 0.65743 0.06955 0.10541
