2.0 0.31780709113447564 0.6238143305538437 0.115 0.16833333333333333
2.0 0.20170338889588815 0.398509001186082 0.04 0.055
2.0 0.40930645921553577 0.31293381062366943 0.028333333333333332 0.04
2.0 0.568983213538854 0.2572249203244479 0.021666666666666667 0.03166666666666667
2.0 0.7392487808844694 0.20827252509465924 0.02 0.03333333333333333
7.0 0.6362704462193283 0.2212394227766961 0.013333333333333334 0.025
7.0 0.7311158418960407 0.19487528463794804 0.013333333333333334 0.021666666666666667
7.0 0.5252415521454245 0.25074931433682 0.016666666666666666 0.02666666666666667
7.0 0.3895587246418826 0.2906323826401003 0.016666666666666666 0.02666666666666667
7.0 0.22770532100988172 0.34529524540180984 0.021666666666666667 0.03333333333333333
2.0 0.13389922278040753 0.5009751035735864 0.03666666666666667 0.07166666666666667
2.0 0.7750714949137332 0.16488541901160686 0.01 0.013333333333333334
2.0 0.7697095375592118 0.16270255671242645 0.005 0.008333333333333333
2.0 0.7198705881834551 0.1776756409703981 0.006666666666666667 0.01
2.0 0.6879708533749688 0.18328519394302353 0.006666666666666667 0.01
2.0 0.6574578635857627 0.19303256689916037 0.006666666666666667 0.011666666666666667
2.0 0.6458208112942213 0.19412101908845358 0.006666666666666667 0.011666666666666667
2.0 0.5954320886152402 0.20832297048890294 0.006666666666666667 0.013333333333333334
2.0 0.5847879994718442 0.20745372122104952 0.0033333333333333335 0.006666666666666667
2.0 0.607014267650003 0.2028378086711715 0.0033333333333333335 0.008333333333333333
2.0 0.543573622806571 0.22104592203980636 0.005 0.011666666666666667
2.0 0.5340223319544192 0.2217289432757235 0.005 0.008333333333333333
2.0 0.5158073746527763 0.227616695572124 0.005 0.008333333333333333
2.0 0.48626963081113217 0.23218468971870507 0.005 0.006666666666666667
2.0 0.4630216199805984 0.23758164321294004 0.0033333333333333335 0.006666666666666667
2.0 0.46557627164264526 0.23650263494140306 0.0033333333333333335 0.006666666666666667
7.0 0.7802418490879701 0.16505396560145558 0.008333333333333333 0.013333333333333334
7.0 0.7239842426077227 0.1795187144873297 0.008333333333333333 0.013333333333333334
7.0 0.6535819156717801 0.1964373548376188 0.006666666666666667 0.013333333333333334
7.0 0.6404849476922488 0.19515820590492172 0.0033333333333333335 0.006666666666666667
7.0 0.6141895001830626 0.20115621413196097 0.005 0.005
7.0 0.5885806398293667 0.21171500986581968 0.006666666666666667 0.015
7.0 0.5142082206366274 0.2305702265597483 0.006666666666666667 0.011666666666666667
7.0 0.4895385076892189 0.23272284605319782 0.005 0.008333333333333333
7.0 0.48478062617286033 0.23364768453318827 0.005 0.008333333333333333
7.0 0.47643179619674964 0.23850434696134878 0.006666666666666667 0.011666666666666667
7.0 0.471803896288692 0.23705679631095858 0.0033333333333333335 0.008333333333333333
7.0 0.4504646817913535 0.24413427697861323 0.006666666666666667 0.011666666666666667
7.0 0.4537726524084481 0.24084858569183737 0.005 0.008333333333333333
7.0 0.429845944181309 0.24579503030410635 0.005 0.006666666666666667
7.0 0.44618657545427076 0.24144517171317417 0.0033333333333333335 0.006666666666666667
7.0 0.42019288050324577 0.24796695947640407 0.005 0.006666666666666667
7.0 0.6765186559485069 0.18639796663037442 0.005 0.006666666666666667
2.0 0.5521892482432486 0.21760652513056244 0.005 0.008333333333333333
2.0 0.5498481470217507 0.21571446584454307 0.0033333333333333335 0.006666666666666667
7.0 0.4770754525670003 0.23367629325763706 0.0033333333333333335 0.006666666666666667
7.0 0.4226086032831861 0.24720182686521852 0.0033333333333333335 0.005
