7 0.70392 0.26442 0.00853 0.03365
7 0.76408 0.25962 0.00939 0.03606
7 0.59898 0.28365 0.01024 0.03846
7 0.56229 0.29808 0.01195 0.04327
2 0.73294 0.30529 0.01365 0.04808
2 0.78925 0.29808 0.01365 0.04808
2 0.86433 0.29688 0.01536 0.05529
2 0.92662 0.30288 0.01792 0.0601
2 0.70734 0.33173 0.01536 0.0625
7 0.49403 0.34615 0.01621 0.05769
7 0.44881 0.38942 0.01877 0.07692
7 0.34727 0.55409 0.04437 0.15625
2 0.79266 0.55769 0.04778 0.17788
2 0.70563 0.39663 0.02218 0.08173
7 0.657 0.27163 0.00853 0.03606
7 0.84386 0.26442 0.01024 0.03606
