7.0 0.3791491830565991 0.5717275228805886 0.06415620641562064 0.07670850767085077
7.0 0.3718556831844353 0.47244010729189523 0.03486750348675035 0.04184100418410042
7.0 0.3666122024484146 0.4237269118529397 0.02092050209205021 0.023709902370990237
7.0 0.366092186733677 0.40101437162201375 0.01394700139470014 0.01813110181311018
7.0 0.36652120829705426 0.38994360041637954 0.012552301255230125 0.01394700139470014
7.0 0.21340457504609167 0.5633634412594515 0.019525801952580194 0.023709902370990237
9.0 0.1997963777054492 0.5392295931519225 0.02510460251046025 0.030683403068340307
9.0 0.2061366516494466 0.5306875535491211 0.023709902370990237 0.02789400278940028
7.0 0.24543474440222213 0.5145041962644948 0.01813110181311018 0.022315202231520222
9.0 0.2549679983985797 0.48690731465890913 0.02510460251046025 0.03207810320781032
9.0 0.25990450860891384 0.4815690064242556 0.02510460251046025 0.029288702928870293
7.0 0.2836644792510775 0.45614492466078616 0.01394700139470014 0.015341701534170154
2.0 0.5062763498907509 0.40607170968631595 0.0502092050209205 0.0599721059972106
2.0 0.6859570723080645 0.49366937716746956 0.06555090655509066 0.07810320781032078
2.0 0.4546802295612937 0.37885785387540666 0.029288702928870293 0.03486750348675035
2.0 0.4312961512729119 0.36478200118228127 0.019525801952580194 0.023709902370990237
2.0 0.41966530387525564 0.3579617328217726 0.015341701534170154 0.019525801952580194
2.0 0.41215909235786463 0.35179762888203175 0.01394700139470014 0.015341701534170154
7.0 0.36592145523508385 0.3818029273489162 0.008368200836820083 0.012552301255230125
2.0 0.37559803817654225 0.3594628384393992 0.008368200836820083 0.009762900976290097
2.0 0.38681816938198366 0.35208082288748327 0.008368200836820083 0.009762900976290097
2.0 0.39587099094217615 0.3468774135082248 0.008368200836820083 0.011157601115760111
2.0 0.40060846385495835 0.3475993106500626 0.009762900976290097 0.012552301255230125
2.0 0.4053628562574739 0.3488538792535393 0.012552301255230125 0.015341701534170154
2.0 0.3236525041258428 0.402907386381912 0.008368200836820083 0.009762900976290097
2.0 0.31011529899252255 0.41632728141908554 0.008368200836820083 0.009762900976290097
7.0 0.29980063608685237 0.43377445793543895 0.009762900976290097 0.012552301255230125
7.0 0.3179912586305724 0.41362014074861336 0.008368200836820083 0.011157601115760111
7.0 0.33619712367819093 0.39829159776541156 0.008368200836820083 0.009762900976290097
2.0 0.337353040148302 0.39097385233266474 0.009762900976290097 0.012552301255230125
2.0 0.3495767019589508 0.37960780161556634 0.008368200836820083 0.009762900976290097
7.0 0.3521002137938357 0.38523480003898847 0.00697350069735007 0.009762900976290097
7.0 0.3656483639513913 0.3766349762573056 0.008368200836820083 0.009762900976290097
2.0 0.3623077367987807 0.36840483910906885 0.00697350069735007 0.008368200836820083
2.0 0.23913539826725366 0.49830155473121324 0.015341701534170154 0.016736401673640166
