7.0 0.7780527706278423 0.3431898232603206 0.018315018315018316 0.04945054945054945
7.0 0.8348005043674308 0.3460299888342821 0.018315018315018316 0.05128205128205128
7.0 0.6672748900635519 0.3444864598658626 0.016483516483516484 0.054945054945054944
7.0 0.7301673576036778 0.3398413489889426 0.016483516483516484 0.04945054945054945
7.0 0.9046499150650967 0.35656384828560084 0.02197802197802198 0.056776556776556776
7.0 0.5869999926541014 0.3569496532776887 0.020146520146520148 0.06593406593406594
7.0 0.6313726907877872 0.3532655590311816 0.02197802197802198 0.0695970695970696
7.0 0.5528632619239747 0.3748951866572525 0.02564102564102564 0.07326007326007326
7.0 0.44662392498313547 0.4375164077260981 0.03296703296703297 0.10989010989010989
2.0 0.8918648511640772 0.5307953275367859 0.047619047619047616 0.1391941391941392
7.0 0.25702810819052074 0.6197166808399378 0.06776556776556776 0.19413919413919414
2.0 0.8799143682271969 0.7073412114370361 0.05311355311355311 0.21428571428571427
