7.0 0.34247348926200466 0.4445310551652345 0.03204047217537943 0.07588532883642496
2.0 0.4875001013950676 0.32727972905476793 0.013490725126475547 0.03709949409780776
2.0 0.5166871248539531 0.3358364942686727 0.01517706576728499 0.04215851602023609
2.0 0.5744935731806557 0.366735798061704 0.025295109612141653 0.0657672849915683
2.0 0.6105559592409661 0.3092726769840845 0.01854974704890388 0.045531197301854974
2.0 0.7381067124349971 0.32734814257205797 0.03372681281618887 0.07251264755480608
2.0 0.8385096587043676 0.5446332220761304 0.0893760539629005 0.19898819561551434
7.0 0.7095285846528782 0.2670536276892496 0.016863406408094434 0.047217537942664416
7.0 0.6540348750789506 0.26841333058923916 0.01517706576728499 0.0387858347386172
7.0 0.6072508361519406 0.27034142558585683 0.011804384485666104 0.02866779089376054
7.0 0.5814971601866323 0.27066544220299876 0.008431703204047217 0.023608768971332208
7.0 0.5446825740881202 0.2739918667201983 0.006745362563237774 0.02023608768971332
7.0 0.5205527170344028 0.2792986825717893 0.006745362563237774 0.016863406408094434
2.0 0.5281533688028656 0.29903497187542843 0.013490725126475547 0.0387858347386172
2.0 0.5651377790677456 0.300947725096069 0.016863406408094434 0.0387858347386172
2.0 0.5004086618367419 0.298657989965059 0.01011804384485666 0.03035413153456998
2.0 0.46684012588180435 0.31616734420987314 0.011804384485666104 0.02866779089376054
2.0 0.47301790102777463 0.3066527004133948 0.01011804384485666 0.02866779089376054
7.0 0.47883593508541494 0.2908715280856927 0.008431703204047217 0.01854974704890388
7.0 0.4454604914116538 0.30097357060645746 0.006745362563237774 0.021922428330522766
7.0 0.4046405751967021 0.31554448753052383 0.01011804384485666 0.023608768971332208
7.0 0.3859493944617982 0.3283264206236979 0.011804384485666104 0.02866779089376054
7.0 0.3625259304329001 0.3503681182994526 0.013490725126475547 0.03372681281618887
7.0 0.35579205816809534 0.3736840419581528 0.016863406408094434 0.04047217537942664
7.0 0.26528647031455194 0.8011338937195726 0.03204047217537943 0.06408094435075885
7.0 0.7943720692707583 0.20098908278733182 0.008431703204047217 0.016863406408094434
7.0 0.7686226005570168 0.20342526683570866 0.006745362563237774 0.016863406408094434
7.0 0.7743329703628407 0.20294441007531003 0.006745362563237774 0.016863406408094434
7.0 0.8214987529020665 0.18935868772706915 0.006745362563237774 0.016863406408094434
7.0 0.8279242523245272 0.20034204997363023 0.01011804384485666 0.025295109612141653
