2 0.87031 0.72656 0.07679 0.20793
2 0.78157 0.40745 0.02901 0.09856
2 0.77261 0.33774 0.01451 0.0601
9 0.76962 0.30048 0.01792 0.07692
9 0.59343 0.28365 0.01024 0.0625
9 0.59898 0.28125 0.01024 0.05288
7 0.58703 0.30349 0.00853 0.03966
7 0.53072 0.33774 0.01451 0.05048
7 0.48891 0.36538 0.01706 0.0625
7 0.3942 0.42548 0.02389 0.08654
7 0.23123 0.53606 0.04266 0.13942
2 0.13993 0.35216 0.01365 0.04327
7 0.20648 0.36779 0.01877 0.05769
2 0.24317 0.32933 0.01024 0.03846
2 0.30802 0.3101 0.00853 0.03365
2 0.3221 0.29808 0.00768 0.02885
7 0.32935 0.33654 0.01195 0.04808
2 0.3477 0.28846 0.00597 0.02404
2 0.36604 0.28005 0.00512 0.02163
2 0.38652 0.27404 0.00512 0.02163
7 0.40486 0.30769 0.00853 0.03846
2 0.4134 0.26923 0.00427 0.01923
7 0.42747 0.29087 0.00683 0.02885
7 0.42961 0.28125 0.00512 0.02404
7 0.4343 0.27524 0.00512 0.02163
7 0.61519 0.28125 0.00853 0.03365
7 0.64036 0.26442 0.00768 0.02644
7 0.66809 0.25 0.00512 0.02163
2 0.47696 0.25721 0.00341 0.01442
7 0.47312 0.26442 0.00427 0.01923
7 0.44625 0.27043 0.00341 0.01923
2 0.76131 0.29447 0.00811 0.03606
2 0.76173 0.27163 0.00981 0.02885
2 0.75939 0.2488 0.00512 0.02644
7 0.67961 0.24099 0.00597 0.01803
7 0.68643 0.23317 0.00341 0.01683
7 0.53882 0.25421 0.00341 0.01562
2 0.56762 0.24099 0.00299 0.01322
2 0.5352 0.2494 0.00384 0.01562
7 0.57167 0.2494 0.00341 0.01562
7 0.59706 0.24399 0.00384 0.01683
2 0.56079 0.24459 0.00213 0.01322
7 0.69155 0.22957 0.00256 0.01442
7 0.69667 0.22596 0.00256 0.01442
7 0.59023 0.23377 0.00299 0.01562
7 0.61903 0.23798 0.00341 0.01683
7 0.61327 0.24159 0.00384 0.01442
2 0.57338 0.23858 0.00341 0.01562
2 0.73422 0.22175 0.00256 0.01082
2 0.74893 0.22476 0.00299 0.01442
2 0.50661 0.2512 0.00299 0.01683
