2.0 0.685884498143708 0.4032158537266017 0.009859154929577466 0.01267605633802817
2.0 0.6994635790399432 0.40976555131679054 0.009859154929577466 0.011267605633802818
2.0 0.5771458540408032 0.34711956087695994 0.01267605633802817 0.015492957746478873
2.0 0.8059125941250828 0.5009027738090415 0.015492957746478873 0.018309859154929577
2.0 0.5608051284921717 0.3460311299196716 0.015492957746478873 0.01971830985915493
2.0 0.8395125459712204 0.5366398632020793 0.018309859154929577 0.022535211267605635
2.0 0.5548487792759307 0.3697177995733855 0.022535211267605635 0.028169014084507043
2.0 0.5711712828437635 0.3911828964677708 0.028169014084507043 0.03380281690140845
7.0 0.43367260733451046 0.3130782093646774 0.02676056338028169 0.03380281690140845
2.0 0.5981540288242341 0.42820624038260485 0.029577464788732393 0.036619718309859155
2.0 0.6396455210831539 0.4844187848421468 0.04366197183098591 0.05352112676056338
7.0 0.37550437013577936 0.4306659779293717 0.07605633802816901 0.09436619718309859
7.0 0.4274720392216159 0.342349767528513 0.038028169014084505 0.04788732394366197
7.0 0.44456310004888117 0.30160068750991986 0.023943661971830985 0.030985915492957747
7.0 0.4778123384691086 0.3067787332952227 0.018309859154929577 0.022535211267605635
7.0 0.505188506994304 0.3132230580271609 0.014084507042253521 0.016901408450704224
7.0 0.5253554160890599 0.3168922823733125 0.014084507042253521 0.018309859154929577
7.0 0.5398912046689895 0.3214690809586504 0.011267605633802818 0.014084507042253521
7.0 0.5544027270071115 0.3249857085071316 0.008450704225352112 0.009859154929577466
7.0 0.5650321523737073 0.3284933367103243 0.007042253521126761 0.008450704225352112
2.0 0.5447343274608971 0.35087438158413353 0.01971830985915493 0.02535211267605634
2.0 0.5509711844883992 0.3441038639207783 0.016901408450704224 0.022535211267605635
2.0 0.5874636968049874 0.34832941746095486 0.01267605633802817 0.014084507042253521
2.0 0.6031716066905622 0.3547406250998085 0.011267605633802818 0.014084507042253521
2.0 0.6173752553216157 0.3611896973214344 0.01267605633802817 0.016901408450704224
2.0 0.63179835006429 0.3714400991896363 0.008450704225352112 0.01267605633802817
2.0 0.6492338591602481 0.3816347936952152 0.011267605633802818 0.015492957746478873
7.0 0.8207408104909547 0.5072512206621047 0.008450704225352112 0.011267605633802818
7.0 0.7974935509447133 0.484768628258527 0.007042253521126761 0.009859154929577466
2.0 0.7802006567452823 0.47520072870074453 0.01267605633802817 0.014084507042253521
7.0 0.5818990071602487 0.3362168625408912 0.008450704225352112 0.009859154929577466
7.0 0.5938614565590339 0.3432418332925828 0.008450704225352112 0.009859154929577466
7.0 0.6152224836847952 0.3550318215317794 0.008450704225352112 0.011267605633802818
7.0 0.6292235715042498 0.36343187126097476 0.008450704225352112 0.011267605633802818
7.0 0.6447459888271457 0.372336169072122 0.011267605633802818 0.01267605633802817
7.0 0.658891778110677 0.38134702443586194 0.007042253521126761 0.009859154929577466
7.0 0.6864086156102788 0.3884081332141357 0.005633802816901409 0.007042253521126761
7.0 0.6766645385808497 0.39020349299053697 0.008450704225352112 0.01267605633802817
2.0 0.669970318551191 0.3935254073029748 0.011267605633802818 0.014084507042253521
2.0 0.7005146927308762 0.4010629104818891 0.007042253521126761 0.009859154929577466
2.0 0.705563475988382 0.40760846589944244 0.009859154929577466 0.01267605633802817
2.0 0.7083448478496911 0.41365973790874383 0.008450704225352112 0.009859154929577466
2.0 0.7269790140095497 0.4215228287020226 0.007042253521126761 0.009859154929577466
2.0 0.7389089492382889 0.43270977972985997 0.008450704225352112 0.011267605633802818
2.0 0.7481816567233308 0.4426263096384265 0.009859154929577466 0.01267605633802817
7.0 0.7475533800931691 0.43749671871464657 0.007042253521126761 0.009859154929577466
7.0 0.7579234642363123 0.4460571336646976 0.007042253521126761 0.008450704225352112
7.0 0.7674381211015603 0.455614958865815 0.007042253521126761 0.008450704225352112
7.0 0.7816980436012427 0.4694086110417062 0.007042253521126761 0.009859154929577466
2.0 0.7629254779834252 0.4557025523994194 0.009859154929577466 0.01267605633802817
2.0 0.7332618104098929 0.42733503161918707 0.008450704225352112 0.011267605633802818
2.0 0.6994772619878468 0.39984125298503875 0.008450704225352112 0.009859154929577466
7.0 0.6743710979696226 0.3834288331545465 0.007042253521126761 0.008450704225352112
7.0 0.6762071755786933 0.3867548896396196 0.005633802816901409 0.007042253521126761
7.0 0.7362480125992485 0.4262091423182465 0.007042253521126761 0.007042253521126761
