7 0.14249 0.42909 0.0273 0.08173
2 0.26749 0.3137 0.01109 0.03846
2 0.3221 0.3149 0.01109 0.04327
7 0.20904 0.47115 0.03413 0.11058
2 0.37372 0.32212 0.01109 0.04567
2 0.44454 0.33173 0.01365 0.05288
2 0.54949 0.35577 0.01962 0.06731
2 0.63055 0.27404 0.00853 0.04327
2 0.66852 0.29327 0.0128 0.04808
2 0.74659 0.31731 0.01621 0.0601
7 0.22142 0.61659 0.05802 0.18029
2 0.71075 0.5012 0.04352 0.14183
7 0.08106 0.40385 0.02218 0.06731
2 0.21502 0.3149 0.01195 0.03846
2 0.17918 0.3125 0.01024 0.03365
2 0.90785 0.35457 0.0273 0.08173
7 0.81143 0.28125 0.01536 0.04808
7 0.7372 0.26562 0.01109 0.04087
9 0.70051 0.24399 0.01109 0.05288
9 0.71246 0.24639 0.01195 0.05769
9 0.61604 0.25481 0.01024 0.05769
9 0.60922 0.2494 0.00768 0.05649
7 0.10431 0.3137 0.00811 0.02885
7 0.2372 0.27584 0.00683 0.02524
2 0.31719 0.26502 0.00555 0.02284
2 0.26642 0.27704 0.0064 0.02524
2 0.2163 0.28906 0.00768 0.03005
2 0.59002 0.2506 0.00597 0.03005
2 0.55951 0.24519 0.00555 0.02644
2 0.53669 0.24159 0.00512 0.02404
2 0.51493 0.24339 0.00512 0.02284
2 0.48933 0.24339 0.00427 0.02284
8 0.36391 0.253 0.00512 0.02043
8 0.38695 0.24519 0.00512 0.02163
8 0.40465 0.2494 0.00469 0.02043
8 0.42278 0.24038 0.00427 0.01923
8 0.44177 0.24519 0.00555 0.02163
8 0.46736 0.23618 0.00469 0.02043
7 0.29394 0.26322 0.00597 0.02404
7 0.34706 0.25361 0.00555 0.01923
7 0.64036 0.23558 0.00597 0.02404
7 0.67513 0.24399 0.00555 0.02885
7 0.59578 0.22897 0.00555 0.02284
2 0.17022 0.30469 0.00853 0.03486
7 0.54309 0.23197 0.00427 0.01923
