8.0 0.16966063034622475 0.46394577824174177 0.0647887323943662 0.07323943661971831
8.0 0.3388979009989599 0.48854813816724857 0.04647887323943662 0.054929577464788736
8.0 0.3585863478832467 0.4634596954730354 0.04225352112676056 0.04788732394366197
9.0 0.4071122081978155 0.45014168149270684 0.05211267605633803 0.06056338028169014
9.0 0.5012364134939851 0.4829240473326459 0.04225352112676056 0.04929577464788732
8.0 0.5617467611377597 0.5294971067717736 0.029577464788732393 0.035211267605633804
8.0 0.5791705340716713 0.6036081358434248 0.04366197183098591 0.05070422535211268
8.0 0.6800875038877549 0.5076264140065112 0.04084507042253521 0.04507042253521127
8.0 0.6754042814104064 0.5658692667455592 0.05352112676056338 0.057746478873239436
8.0 0.7328183645175226 0.5991590795271452 0.04929577464788732 0.054929577464788736
