2.0 0.4901260841845224 0.2678007747813186 0.012448132780082987 0.013831258644536652
2.0 0.35581518630591097 0.40533478422901514 0.013831258644536652 0.015214384508990318
2.0 0.3687455224224165 0.39598880382077806 0.015214384508990318 0.017980636237897647
7.0 0.5764837994712493 0.20951217333216912 0.013831258644536652 0.013831258644536652
2.0 0.3882600812072332 0.3835731343015624 0.015214384508990318 0.016597510373443983
2.0 0.41084291081954993 0.3666699891166951 0.02074688796680498 0.02074688796680498
2.0 0.5315582493111408 0.2625609739417801 0.022130013831258646 0.022130013831258646
2.0 0.44883817773526313 0.36280952236121977 0.02627939142461964 0.027662517289073305
2.0 0.5480169624797916 0.2654944537272537 0.024896265560165973 0.027662517289073305
2.0 0.5887381723118432 0.2563112360985621 0.03734439834024896 0.03872752420470263
7.0 0.36623649474455255 0.48644104659988163 0.03734439834024896 0.040110650069156296
2.0 0.4967883783539464 0.3763339380271051 0.04426002766251729 0.04564315352697095
2.0 0.6267553651999651 0.41908788262393054 0.0954356846473029 0.10096818810511757
9.0 0.7649153042085958 0.40750477167597865 0.22406639004149378 0.23789764868603042
2.0 0.3398732066045286 0.4111031631631811 0.011065006915629323 0.012448132780082987
2.0 0.3417517340527302 0.4059716742830503 0.011065006915629323 0.013831258644536652
2.0 0.3449664662297493 0.39735004397458135 0.009681881051175657 0.011065006915629323
2.0 0.3478129261334271 0.3919283083572518 0.009681881051175657 0.011065006915629323
2.0 0.3554227429624983 0.3827798519827954 0.006915629322268326 0.008298755186721992
2.0 0.3629900619714755 0.3742509443777446 0.008298755186721992 0.008298755186721992
2.0 0.37224694925904117 0.3653442513047859 0.008298755186721992 0.009681881051175657
7.0 0.36637858943291796 0.3660445824139262 0.008298755186721992 0.009681881051175657
2.0 0.3822244379070585 0.3540734628876742 0.009681881051175657 0.009681881051175657
2.0 0.39416554959190986 0.3415968454296522 0.008298755186721992 0.008298755186721992
2.0 0.4039222617787657 0.3316683536743067 0.008298755186721992 0.008298755186721992
7.0 0.37542812643922496 0.6167485825715769 0.07883817427385892 0.08298755186721991
7.0 0.3579461789490584 0.4417902740545065 0.024896265560165973 0.02627939142461964
7.0 0.32750997454916203 0.45201393822440916 0.019363762102351315 0.02074688796680498
7.0 0.30903179040209533 0.45948464233831626 0.016597510373443983 0.017980636237897647
7.0 0.29945300174624306 0.46238234992857336 0.015214384508990318 0.015214384508990318
7.0 0.31120814809695646 0.4397720693815595 0.012448132780082987 0.012448132780082987
7.0 0.31491718735396085 0.4289901000142709 0.012448132780082987 0.012448132780082987
7.0 0.31989502362016975 0.4216492645001975 0.011065006915629323 0.011065006915629323
7.0 0.3241257038920639 0.413256379061557 0.009681881051175657 0.009681881051175657
7.0 0.3761353016197738 0.3561160906585806 0.006915629322268326 0.006915629322268326
7.0 0.6238682856015182 0.20005638723123526 0.022130013831258646 0.02351313969571231
2.0 0.5392136577442254 0.24307035967473511 0.017980636237897647 0.019363762102351315
2.0 0.5342291692476067 0.24183134082090008 0.013831258644536652 0.013831258644536652
2.0 0.5343728919232702 0.2537278315739938 0.017980636237897647 0.019363762102351315
2.0 0.5122301257121075 0.25419703317112546 0.012448132780082987 0.012448132780082987
7.0 0.503408918417496 0.25297255627139115 0.011065006915629323 0.011065006915629323
2.0 0.3433258789723068 0.4120061724896688 0.012448132780082987 0.012448132780082987
2.0 0.4744847138752486 0.27615725541120234 0.009681881051175657 0.009681881051175657
2.0 0.4609169582747777 0.2832183992925897 0.009681881051175657 0.009681881051175657
2.0 0.4512442072654493 0.28963123689568016 0.008298755186721992 0.008298755186721992
2.0 0.4418442075739035 0.29409275438296945 0.008298755186721992 0.008298755186721992
2.0 0.4362867134774573 0.2985249902219456 0.005532503457814661 0.006915629322268326
2.0 0.43228197237596555 0.30040608310252503 0.005532503457814661 0.005532503457814661
2.0 0.416594231161637 0.31797144390624976 0.005532503457814661 0.006915629322268326
2.0 0.41688818832333585 0.3119796912340593 0.005532503457814661 0.006915629322268326
2.0 0.42227714979304387 0.3071274485321689 0.0027662517289073307 0.004149377593360996
2.0 0.41155286026077575 0.32365422329744126 0.006915629322268326 0.006915629322268326
7.0 0.3281463881797866 0.40733959214285176 0.008298755186721992 0.008298755186721992
7.0 0.33756077245548083 0.3965758251799415 0.006915629322268326 0.006915629322268326
7.0 0.6108086113934977 0.19120362741075766 0.015214384508990318 0.016597510373443983
7.0 0.6161409456205827 0.19441646184859024 0.015214384508990318 0.016597510373443983
7.0 0.5351332119583666 0.23357500168809145 0.011065006915629323 0.012448132780082987
7.0 0.48445220134731715 0.2648859428546689 0.006915629322268326 0.008298755186721992
7.0 0.4732159168660442 0.27271612155798697 0.005532503457814661 0.006915629322268326
7.0 0.4638111786562349 0.27717237638759096 0.008298755186721992 0.008298755186721992
2.0 0.42789792336252297 0.3032099899213781 0.006915629322268326 0.008298755186721992
2.0 0.41274146922896904 0.3168569225204448 0.006915629322268326 0.006915629322268326
7.0 0.3495066226585958 0.3841044703796048 0.006915629322268326 0.008298755186721992
7.0 0.3580318729471004 0.37528479189793346 0.006915629322268326 0.008298755186721992
2.0 0.4082994034001789 0.31914131359284886 0.006915629322268326 0.006915629322268326
7.0 0.4431231747884145 0.29121637492692976 0.005532503457814661 0.005532503457814661
7.0 0.42385068444093715 0.305710631571363 0.005532503457814661 0.004149377593360996
7.0 0.40542087104333313 0.3200083635650253 0.004149377593360996 0.005532503457814661
7.0 0.39858440973237597 0.32731697886004124 0.005532503457814661 0.004149377593360996
7.0 0.3909010570927035 0.3348068549721941 0.004149377593360996 0.005532503457814661
7.0 0.3042829870902083 0.4505910761711453 0.012448132780082987 0.013831258644536652
7.0 0.3952011449286187 0.3355186023055961 0.006915629322268326 0.008298755186721992
7.0 0.2600831605281986 0.4629064543720534 0.009681881051175657 0.009681881051175657
2.0 0.25269928286952975 0.46554311818844857 0.008298755186721992 0.011065006915629323
2.0 0.23223782844379523 0.48052663933715045 0.008298755186721992 0.008298755186721992
2.0 0.19515426232259275 0.5316698039361324 0.009681881051175657 0.011065006915629323
2.0 0.20726864515244586 0.5196184559987099 0.011065006915629323 0.011065006915629323
2.0 0.16341992713417972 0.5178670032117557 0.008298755186721992 0.008298755186721992
2.0 0.41555724625220364 0.31546509414413404 0.005532503457814661 0.006915629322268326
