7.0 0.2586757578106433 0.1713764906467364 0.20588235294117646 0.08996539792387544
9.0 0.5798137049313746 0.32582847253827685 0.185121107266436 0.07093425605536333
9.0 0.6118032149434879 0.34690692520798916 0.1643598615916955 0.050173010380622836
7.0 0.6937010034944013 0.3941668098375152 0.058823529411764705 0.020761245674740483
7.0 0.7219540472672759 0.3962967199375039 0.05190311418685121 0.01384083044982699
7.0 0.7561083283724448 0.42507687481949064 0.03460207612456748 0.012110726643598616
7.0 0.7754908800466721 0.46357224923221557 0.02422145328719723 0.010380622837370242
9.0 0.6479749757573884 0.6501728022760174 0.1782006920415225 0.05536332179930796
9.0 0.6140156390973934 0.6839457669195773 0.21107266435986158 0.07785467128027682
2.0 0.7213770442022267 0.5604772389133048 0.06228373702422145 0.020761245674740483
2.0 0.750011443094759 0.5270680024953716 0.04325259515570934 0.015570934256055362
2.0 0.7590292652532395 0.5223656790417139 0.039792387543252594 0.012110726643598616
2.0 0.7676678141855775 0.5379417231927294 0.03806228373702422 0.012110726643598616
2.0 0.7753587131718152 0.5620504799651759 0.03460207612456748 0.012110726643598616
2.0 0.7845128197049822 0.5966341477160885 0.0328719723183391 0.010380622837370242
2.0 0.7882989822230768 0.6312118900390304 0.03633217993079585 0.010380622837370242
2.0 0.7919782736892864 0.6803047976705222 0.039792387543252594 0.01384083044982699
2.0 0.7925439113027121 0.7302199437864094 0.04152249134948097 0.015570934256055362
2.0 0.7947814856999197 0.8073707789281724 0.04498269896193772 0.01903114186851211
7.0 0.808466370832118 0.7058428541254035 0.0328719723183391 0.01384083044982699
