7.0 0.7487007953235494 0.3444623184564869 0.018050541516245487 0.04512635379061372
7.0 0.7843445321200739 0.34424095665051296 0.018050541516245487 0.04332129963898917
7.0 0.8358975374289822 0.3520910448871059 0.021660649819494584 0.05054151624548736
7.0 0.8869579462260185 0.3565582518118459 0.019855595667870037 0.052346570397111915
7.0 0.6692776208286191 0.3475515995305062 0.016245487364620937 0.05054151624548736
7.0 0.5991932045935059 0.36594887081573124 0.021660649819494584 0.05956678700361011
7.0 0.5305059670414033 0.4000818728755522 0.02527075812274368 0.0740072202166065
2.0 0.8380036709348037 0.5451849829158546 0.048736462093862815 0.148014440433213
7.0 0.3529629374747088 0.533967127167896 0.052346570397111915 0.148014440433213
7.0 0.09598155456423503 0.7027146751187204 0.04512635379061372 0.13898916967509026
2.0 0.866231792555689 0.7834805321860563 0.04151624548736462 0.11191335740072202
