7 0.59386 0.29087 0.00683 0.03365
7 0.63567 0.3149 0.01024 0.04808
7 0.63737 0.37019 0.01706 0.07212
7 0.57658 0.45072 0.02432 0.11298
7 0.38567 0.70433 0.0401 0.20673
7 0.53541 0.27524 0.00597 0.03365
7 0.5 0.27043 0.00512 0.03125
7 0.44881 0.26562 0.00512 0.02644
7 0.40529 0.26442 0.00512 0.02885
7 0.35666 0.26803 0.00683 0.02885
7 0.28285 0.27644 0.00683 0.02885
7 0.20222 0.28486 0.00853 0.03606
7 0.09599 0.30168 0.00683 0.03125
2 0.10154 0.28365 0.00768 0.02885
2 0.09087 0.27163 0.00683 0.02885
2 0.18985 0.27404 0.00683 0.02644
2 0.26195 0.26562 0.00683 0.02404
2 0.31314 0.26082 0.00597 0.02404
2 0.40017 0.25481 0.00597 0.01923
2 0.44625 0.2524 0.00512 0.02404
2 0.49744 0.25481 0.00512 0.01923
2 0.5401 0.25962 0.00512 0.01923
2 0.57765 0.26202 0.00597 0.02885
2 0.62969 0.26683 0.00597 0.02885
2 0.68345 0.27404 0.00853 0.03365
2 0.75341 0.29327 0.01024 0.04087
2 0.8413 0.3149 0.01536 0.05048
2 0.86903 0.28125 0.00939 0.02885
7 0.87884 0.26803 0.00597 0.02404
2 0.77261 0.27163 0.00683 0.03125
7 0.81911 0.26683 0.00768 0.02885
2 0.71075 0.26683 0.00683 0.02885
7 0.72014 0.25962 0.00512 0.02163
2 0.64164 0.25781 0.00597 0.02284
2 0.66873 0.25962 0.00555 0.02644
7 0.67342 0.2512 0.00469 0.01923
7 0.69603 0.25361 0.00555 0.02404
7 0.61177 0.24579 0.00512 0.01803
7 0.5529 0.24279 0.00427 0.01923
2 0.59386 0.2506 0.00597 0.02524
2 0.62436 0.2524 0.00555 0.02404
2 0.56634 0.24519 0.00469 0.02163
2 0.48251 0.24639 0.00427 0.01923
2 0.13332 0.25841 0.00555 0.02885
