7.0 0.557179074481312 0.16166915841157373 0.05128205128205128 0.023931623931623933
7.0 0.5546747479892953 0.2131065082103575 0.06153846153846154 0.02735042735042735
2.0 0.6289336303884071 0.2784643695498553 0.035897435897435895 0.013675213675213675
7.0 0.5209810438097845 0.28951015725537066 0.08205128205128205 0.03247863247863248
2.0 0.6475073270687612 0.3957340750985559 0.041025641025641026 0.013675213675213675
2.0 0.6815506969572243 0.44932250344191504 0.03247863247863248 0.010256410256410256
2.0 0.6527681429697707 0.46257408195247884 0.041025641025641026 0.015384615384615385
2.0 0.682385575666009 0.4949319576177168 0.03418803418803419 0.013675213675213675
2.0 0.6962972477520896 0.5558559908055166 0.03247863247863248 0.013675213675213675
7.0 0.3068852721816748 0.28940132182113903 0.2 0.08547008547008547
2.0 0.6356009078022096 0.5492178448803468 0.06153846153846154 0.02564102564102564
2.0 0.6126124089733381 0.6730703555034351 0.08547008547008547 0.035897435897435895
2.0 0.5933674118547281 0.12115714839257088 0.037606837606837605 0.017094017094017096
9.0 0.6212290163767522 0.10880463877285783 0.039316239316239315 0.015384615384615385
9.0 0.6229240065352573 0.11950638545347787 0.037606837606837605 0.015384615384615385
9.0 0.6502359992931576 0.18436023865282802 0.037606837606837605 0.013675213675213675
9.0 0.6516379943838757 0.1932120872804168 0.03418803418803419 0.011965811965811967
2.0 0.7451971859937391 0.8376872424288939 0.04786324786324787 0.020512820512820513
2.0 0.7462150422119894 0.7634372587413105 0.037606837606837605 0.017094017094017096
2.0 0.7322431281493547 0.702132872682794 0.037606837606837605 0.015384615384615385
2.0 0.7154969336551005 0.6367397992932955 0.03247863247863248 0.013675213675213675
2.0 0.6814437872719538 0.4217366947372524 0.02905982905982906 0.011965811965811967
2.0 0.6827402418132323 0.40301137904360396 0.03247863247863248 0.011965811965811967
2.0 0.6413771592954512 0.3301748591420312 0.044444444444444446 0.017094017094017096
2.0 0.6788705850067644 0.37186561254734973 0.02735042735042735 0.011965811965811967
2.0 0.6747093022683402 0.3388785923814896 0.02735042735042735 0.008547008547008548
2.0 0.6664575883264575 0.30692046590169497 0.023931623931623933 0.010256410256410256
2.0 0.6574962324557904 0.27053778424393665 0.02564102564102564 0.011965811965811967
2.0 0.6190621610484872 0.2161383650528679 0.035897435897435895 0.015384615384615385
2.0 0.638811458715622 0.21981581072158354 0.02564102564102564 0.010256410256410256
2.0 0.6274107817431911 0.17474557673593 0.02905982905982906 0.011965811965811967
2.0 0.6203561037558698 0.1369178078810799 0.02905982905982906 0.013675213675213675
7.0 0.7071101958517269 0.5031115458567791 0.02905982905982906 0.008547008547008548
7.0 0.7148127145613494 0.5483864775398996 0.023931623931623933 0.010256410256410256
7.0 0.7062372885242478 0.48075999083810095 0.023931623931623933 0.008547008547008548
7.0 0.7043759145071907 0.458937165358813 0.020512820512820513 0.008547008547008548
7.0 0.7061684074576716 0.4299162829763148 0.020512820512820513 0.008547008547008548
7.0 0.6934119971581818 0.3661597655589553 0.018803418803418803 0.006837606837606838
7.0 0.6841072276683315 0.3309657131294924 0.018803418803418803 0.008547008547008548
7.0 0.6737938840198822 0.2961174890516561 0.017094017094017096 0.006837606837606838
7.0 0.6590112697813083 0.24647883096221765 0.022222222222222223 0.008547008547008548
7.0 0.6506849534617801 0.21074877374576986 0.022222222222222223 0.010256410256410256
7.0 0.6417326532129985 0.16093988946334353 0.023931623931623933 0.008547008547008548
7.0 0.7513540519545341 0.671512119409734 0.02564102564102564 0.008547008547008548
7.0 0.7385726353518746 0.6277948109520693 0.023931623931623933 0.008547008547008548
7.0 0.7252508890447424 0.5873797099775112 0.023931623931623933 0.006837606837606838
7.0 0.7623128546184355 0.7440601338145385 0.018803418803418803 0.008547008547008548
7.0 0.7686751741504195 0.8279253333466637 0.022222222222222223 0.008547008547008548
