2 0.62372 0.53125 0.0401 0.14423
2 0.40444 0.43269 0.02218 0.09135
2 0.27432 0.39663 0.01877 0.07212
2 0.24829 0.34976 0.01536 0.05288
2 0.27517 0.31731 0.01109 0.03846
2 0.30205 0.29808 0.00853 0.02885
2 0.31101 0.29087 0.00683 0.02885
2 0.28882 0.27764 0.00597 0.02163
2 0.26962 0.27764 0.00512 0.02404
2 0.24659 0.27644 0.00512 0.01923
7 0.1843 0.30288 0.00853 0.02885
7 0.1698 0.30048 0.00683 0.02404
7 0.16638 0.31731 0.00939 0.03365
7 0.13567 0.30048 0.00683 0.02885
7 0.09386 0.30409 0.00853 0.02644
7 0.1058 0.33894 0.01365 0.03846
2 0.13993 0.28846 0.00683 0.02163
2 0.18003 0.28365 0.00512 0.02163
2 0.22014 0.28005 0.00683 0.02163
2 0.31122 0.27704 0.0064 0.02284
