7.0 0.5180588589012185 0.3281802586306761 0.03203342618384401 0.036211699164345405
7.0 0.5494408431653462 0.30040422949688683 0.033426183844011144 0.037604456824512536
7.0 0.6051749893887377 0.25142133305226994 0.034818941504178275 0.03899721448467967
7.0 0.6639564890009401 0.20658210426640128 0.03203342618384401 0.037604456824512536
7.0 0.49792664839653505 0.35751031269762695 0.034818941504178275 0.04178272980501393
7.0 0.4754924684724386 0.388086857135415 0.03899721448467967 0.04456824512534819
7.0 0.44608012699098115 0.4426029901126946 0.04317548746518106 0.05153203342618384
7.0 0.4346381715390597 0.49342243025518845 0.052924791086350974 0.06267409470752089
7.0 0.407822316597525 0.5638637101182444 0.06963788300835655 0.0807799442896936
7.0 0.4011618400069857 0.6838121424483734 0.11142061281337047 0.12674094707520892
