2 0.74232 0.62139 0.05119 0.19471
2 0.5977 0.45433 0.02816 0.10577
2 0.53541 0.38702 0.02048 0.07212
2 0.50448 0.35096 0.01408 0.05529
2 0.4791 0.32812 0.0128 0.04567
2 0.44326 0.30889 0.01024 0.03606
2 0.40188 0.30168 0.01024 0.03606
2 0.35068 0.29808 0.00853 0.02885
7 0.20691 0.60938 0.05631 0.17308
7 0.30162 0.42608 0.02389 0.08053
7 0.31655 0.38341 0.01792 0.0649
7 0.30375 0.35337 0.01536 0.05288
7 0.25768 0.34315 0.01365 0.04688
7 0.22163 0.33954 0.01323 0.03966
7 0.17662 0.33353 0.01365 0.04207
7 0.14505 0.32692 0.01195 0.03606
7 0.1506 0.31851 0.00768 0.02885
7 0.17662 0.30649 0.00853 0.02885
7 0.20222 0.29748 0.00768 0.02284
7 0.21651 0.28966 0.00725 0.02163
2 0.30119 0.29327 0.00683 0.02404
2 0.31186 0.28245 0.00597 0.02163
2 0.32167 0.27524 0.00427 0.01923
9 0.32722 0.26683 0.00512 0.02885
7 0.24147 0.28125 0.00512 0.01923
9 0.2436 0.27284 0.00597 0.03125
9 0.24659 0.27163 0.00512 0.03125
7 0.2564 0.27404 0.00512 0.01923
7 0.27218 0.26683 0.00427 0.01683
7 0.62628 0.30769 0.01024 0.04808
2 0.33084 0.26683 0.00384 0.02163
2 0.33746 0.26082 0.00512 0.01683
2 0.34492 0.25421 0.00384 0.01322
7 0.09876 0.29988 0.00555 0.02524
7 0.14313 0.28065 0.00384 0.01562
2 0.16766 0.27163 0.00427 0.01683
2 0.19582 0.26562 0.00341 0.01683
7 0.07786 0.30048 0.00384 0.01683
2 0.34876 0.2488 0.00213 0.00962
2 0.35324 0.247 0.00171 0.00841
2 0.35516 0.24339 0.00213 0.00841
7 0.23507 0.26202 0.00256 0.00962
7 0.0721 0.29627 0.00341 0.01322
7 0.22291 0.25781 0.00213 0.01082
2 0.20222 0.26442 0.00256 0.01202
2 0.20584 0.26322 0.00299 0.01202
2 0.13289 0.27945 0.00299 0.01322
2 0.09236 0.28786 0.00384 0.01322
