7.0 0.14278050245342006 0.355262387281741 0.02197802197802198 0.06043956043956044
7.0 0.22075754632084396 0.36409914095857066 0.02197802197802198 0.06227106227106227
2.0 0.41727982198495267 0.31796212112626354 0.016483516483516484 0.045787545787545784
2.0 0.5037987683992524 0.2822094802431062 0.007326007326007326 0.029304029304029304
2.0 0.5447057641317532 0.28506997604086676 0.01098901098901099 0.031135531135531136
7.0 0.19006961980756842 0.5506338008557485 0.06043956043956044 0.1575091575091575
7.0 0.24579924541270143 0.4189518878105298 0.027472527472527472 0.08608058608058608
2.0 0.4667919353618953 0.344022396747691 0.018315018315018316 0.056776556776556776
2.0 0.5293963712501438 0.3777757121198355 0.023809523809523808 0.07509157509157509
2.0 0.6335649591781625 0.3104881998605573 0.014652014652014652 0.03663003663003663
2.0 0.737683943146324 0.35844352091940185 0.020146520146520148 0.06043956043956044
2.0 0.8339987966127078 0.41489610463952775 0.03296703296703297 0.09157509157509157
2.0 0.6640725182827913 0.4820974813741015 0.04212454212454213 0.12454212454212454
2.0 0.11862194841464874 0.31063299891879464 0.016483516483516484 0.045787545787545784
2.0 0.1944402261917575 0.3046357036805992 0.014652014652014652 0.04212454212454213
2.0 0.27248624337534405 0.30105963240763634 0.014652014652014652 0.04212454212454213
2.0 0.3511797525876369 0.29978488325093405 0.01282051282051282 0.040293040293040296
9.0 0.3892843962610826 0.25950936180541145 0.009157509157509158 0.03663003663003663
9.0 0.39487835543053956 0.25990052953627374 0.009157509157509158 0.03663003663003663
9.0 0.44818186090306633 0.2545942932998814 0.007326007326007326 0.027472527472527472
9.0 0.45337357886134166 0.2549573335852135 0.007326007326007326 0.031135531135531136
2.0 0.4018261874876811 0.2694293499092103 0.007326007326007326 0.02564102564102564
2.0 0.4214645875376928 0.27532409093000987 0.01098901098901099 0.029304029304029304
2.0 0.3755628039218677 0.2608152998490382 0.007326007326007326 0.02197802197802198
2.0 0.45435319796568074 0.28100795420089264 0.007326007326007326 0.0347985347985348
2.0 0.5850231863712658 0.2935387576889544 0.01282051282051282 0.038461538461538464
2.0 0.6913710505652917 0.3326069566089358 0.016483516483516484 0.056776556776556776
7.0 0.907595184723351 0.35450435635241995 0.023809523809523808 0.06593406593406594
7.0 0.8244778281396574 0.3215820830830894 0.016483516483516484 0.05311355311355311
7.0 0.7482307058892897 0.2936523135238619 0.01282051282051282 0.04212454212454213
7.0 0.6828563803711358 0.28230335998085493 0.01098901098901099 0.03296703296703297
7.0 0.6328815094406073 0.27428728626576376 0.009157509157509158 0.031135531135531136
7.0 0.4921303949549405 0.26840248860018234 0.007326007326007326 0.020146520146520148
7.0 0.5410559813820877 0.2712596876157658 0.007326007326007326 0.023809523809523808
7.0 0.46459135239565885 0.26364731463360497 0.007326007326007326 0.020146520146520148
7.0 0.41346750893340933 0.2521668293379584 0.003663003663003663 0.018315018315018316
7.0 0.43505960728387844 0.25593274100171176 0.007326007326007326 0.020146520146520148
2.0 0.27982207641531504 0.25637650106428694 0.005494505494505495 0.02197802197802198
2.0 0.3083136860803522 0.25611278343236754 0.005494505494505495 0.02197802197802198
2.0 0.33018117174636147 0.255940473005249 0.007326007326007326 0.02197802197802198
2.0 0.3505364479215094 0.2573638525744068 0.005494505494505495 0.023809523809523808
7.0 0.3811777884889416 0.24934490086299602 0.003663003663003663 0.016483516483516484
8.0 0.13079541151039267 0.2685535928733041 0.007326007326007326 0.023809523809523808
8.0 0.1679042964634629 0.26832844256418287 0.007326007326007326 0.023809523809523808
8.0 0.18676904267200642 0.25947659096594083 0.007326007326007326 0.023809523809523808
8.0 0.22188563585284515 0.2619321823733941 0.007326007326007326 0.02564102564102564
8.0 0.10442270416685558 0.27575241415371315 0.007326007326007326 0.029304029304029304
