7 0.44272 0.35543 0.01845 0.07174
7 0.40564 0.26304 0.00696 0.03043
7 0.35097 0.28804 0.00836 0.03696
7 0.48364 0.24185 0.00766 0.025
7 0.57486 0.225 0.00696 0.02391
2 0.53882 0.27391 0.01358 0.04348
7 0.88666 0.19293 0.0094 0.02717
2 0.67514 0.29022 0.01532 0.05652
2 0.61438 0.23098 0.00731 0.02935
2 0.51288 0.26467 0.00975 0.03804
7 0.47006 0.39674 0.02159 0.08913
7 0.67235 0.21196 0.00836 0.02391
7 0.7735 0.20163 0.00801 0.025
7 0.35602 0.31848 0.01288 0.05
7 0.4523 0.50598 0.03482 0.14022
2 0.86943 0.20761 0.00975 0.03261
2 0.81267 0.32717 0.02228 0.08043
7 0.33948 0.7375 0.06476 0.22065
2 0.52611 0.25163 0.00836 0.0337
2 0.56755 0.23913 0.00766 0.03043
2 0.68489 0.22174 0.00905 0.02826
2 0.77542 0.21467 0.00975 0.02935
