7.0 0.5934471823491253 0.44170092625985324 0.04448398576512456 0.012455516014234875
2.0 0.38800962292308117 0.7323280810481474 0.1423487544483986 0.05516014234875445
7.0 0.4339768031726832 0.27920006556298815 0.10320284697508897 0.03558718861209965
7.0 0.5333914370860643 0.3630035764641815 0.06227758007117438 0.021352313167259787
2.0 0.5833594486341763 0.6773524976987215 0.0498220640569395 0.017793594306049824
2.0 0.603309273500795 0.8103364561196758 0.042704626334519574 0.01601423487544484
7.0 0.6442851115688453 0.8401525937172901 0.030249110320284697 0.010676156583629894
7.0 0.6263923370202055 0.632001199339267 0.03558718861209965 0.012455516014234875
7.0 0.6129116260381463 0.5227408882459977 0.033807829181494664 0.012455516014234875
7.0 0.6340394473520499 0.7426716102831117 0.03202846975088968 0.010676156583629894
2.0 0.5523525181123944 0.609645044739601 0.05871886120996441 0.019572953736654804
2.0 0.5012632915784031 0.6540842818837971 0.08718861209964412 0.030249110320284697
