7.0 0.659497945901964 0.45398484486941204 0.016830294530154277 0.021037868162692847
2.0 0.7679037966548956 0.5951652458355955 0.028050490883590462 0.0364656381486676
2.0 0.34640785113074085 0.3305197695598406 0.06591865357643759 0.0785413744740533
7.0 0.7261918659803747 0.5206891078399696 0.019635343618513323 0.023842917251051893
2.0 0.542339842987056 0.34907860332144053 0.014025245441795231 0.0182328190743338
7.0 0.5329649822597461 0.32345633728193823 0.012622720897615708 0.015427769985974754
7.0 0.5902893741295524 0.376937604372781 0.011220196353436185 0.015427769985974754
7.0 0.49482939058751285 0.2900823606287945 0.011220196353436185 0.014025245441795231
2.0 0.5078926228383872 0.7308815315797025 0.09396914446002805 0.11921458625525946
7.0 0.4400925993010942 0.24270843384508514 0.009817671809256662 0.014025245441795231
2.0 0.6624215793779059 0.48033215531989704 0.02244039270687237 0.028050490883590462
7.0 0.39525200711470176 0.20321065976116306 0.009817671809256662 0.012622720897615708
7.0 0.6174289649493293 0.40880110019229343 0.014025245441795231 0.0182328190743338
2.0 0.5730905493596681 0.38776611234516406 0.016830294530154277 0.02244039270687237
2.0 0.41280859298656575 0.22979296880451008 0.011220196353436185 0.015427769985974754
2.0 0.5105976321102782 0.31637674955146683 0.012622720897615708 0.015427769985974754
7.0 0.35515284781374035 0.1689351579977617 0.009817671809256662 0.012622720897615708
2.0 0.6055833291385687 0.4252802366995426 0.021037868162692847 0.025245441795231416
2.0 0.3667775612103914 0.18851488045571468 0.014025245441795231 0.015427769985974754
7.0 0.4667321487373316 0.26612174350120377 0.012622720897615708 0.015427769985974754
2.0 0.46262957006387023 0.27373357171413637 0.014025245441795231 0.016830294530154277
