7.0 0.2688 0.44728 0.01953125 0.068359375
7.0 0.12779 0.40217 0.015625 0.056640625
7.0 0.375 0.51413 0.029296875 0.09765625
2.0 0.74321 0.48098 0.0234375 0.080078125
7.0 0.06146 0.34293 0.0078125 0.03515625
7.0 0.23764 0.76087 0.052734375 0.171875
2.0 0.31494 0.37554 0.01171875 0.0390625
7.0 0.19325 0.35217 0.009765625 0.03125
2.0 0.40512 0.34565 0.005859375 0.021484375
2.0 0.08217 0.31196 0.005859375 0.01953125
2.0 0.3367 0.32011 0.00390625 0.013671875
2.0 0.11786 0.30326 0.00390625 0.017578125
7.0 0.17932 0.33152 0.005859375 0.0234375
7.0 0.14659 0.36685 0.009765625 0.037109375
7.0 0.23642 0.31467 0.001953125 0.013671875
7.0 0.29979 0.34076 0.00390625 0.0234375
2.0 0.13336 0.30109 0.001953125 0.013671875
2.0 0.293 0.32391 0.001953125 0.017578125
7.0 0.1915 0.30109 0.001953125 0.013671875
2.0 0.30815 0.31957 0.00390625 0.017578125
7.0 0.15286 0.33913 0.0078125 0.02734375
2.0 0.35097 0.31739 0.00390625 0.01171875
2.0 0.09784 0.32609 0.005859375 0.021484375
7.0 0.22632 0.32337 0.00390625 0.015625
7.0 0.2735 0.34837 0.005859375 0.02734375
2.0 0.34123 0.3625 0.0078125 0.029296875
2.0 0.15651 0.29674 0.001953125 0.009765625
2.0 0.31685 0.33152 0.00390625 0.01953125
2.0 0.14728 0.29891 0.00390625 0.013671875
7.0 0.164 0.31304 0.001953125 0.017578125
7.0 0.28952 0.31196 0.001953125 0.015625
2.0 0.32886 0.31467 0.00390625 0.009765625
7.0 0.21884 0.31739 0.00390625 0.015625
2.0 0.30954 0.30326 0.00390625 0.01171875
2.0 0.38823 0.35489 0.0078125 0.025390625
2.0 0.5477 0.43696 0.013671875 0.064453125
2.0 0.09645 0.3087 0.00390625 0.021484375
7.0 0.27368 0.3337 0.00390625 0.01953125
2.0 0.90216 0.65326 0.052734375 0.16015625
2.0 0.38614 0.39674 0.013671875 0.048828125
2.0 0.36455 0.34022 0.005859375 0.01953125
7.0 0.27385 0.31413 0.00390625 0.015625
7.0 0.16783 0.31902 0.005859375 0.01953125
7.0 0.17166 0.30924 0.00390625 0.015625
7.0 0.18175 0.30543 0.005859375 0.015625
2.0 0.09976 0.32011 0.00390625 0.021484375
