2 0.84401 0.48859 0.02368 0.07935
2 0.45056 0.49783 0.02228 0.0913
7 0.3078 0.38478 0.00836 0.03478
2 0.71623 0.55598 0.03621 0.11413
7 0.45665 0.39239 0.0101 0.03696
7 0.63057 0.4 0.01114 0.03913
2 0.06912 0.44565 0.01845 0.06957
2 0.21971 0.40109 0.01114 0.04565
7 0.14206 0.36196 0.00557 0.02826
7 0.76079 0.41413 0.01114 0.04565
7 0.11038 0.35652 0.00836 0.02391
2 0.10359 0.38913 0.01149 0.03913
2 0.50226 0.42391 0.01219 0.05435
7 0.05397 0.35652 0.00836 0.02174
7 0.20926 0.37283 0.00836 0.03261
2 0.64171 0.44674 0.01532 0.06087
2 0.33252 0.41141 0.01184 0.05326
2 0.24234 0.4663 0.02159 0.07609
