7.0 0.44227281865583645 0.5146841459096083 0.053208137715179966 0.09389671361502347
7.0 0.729780196084494 0.49557216547621613 0.02034428794992175 0.03912363067292645
7.0 0.6141480136659216 0.4816188694683818 0.026604068857589983 0.051643192488262914
2.0 0.8138294238088576 0.6114309838123442 0.050078247261345854 0.08294209702660407
2.0 0.2032716297325481 0.28588063451079865 0.014084507042253521 0.025039123630672927
2.0 0.2351522838715298 0.2655733984034295 0.010954616588419406 0.02190923317683881
7.0 0.23056633301744817 0.2801074785185005 0.009389671361502348 0.012519561815336464
2.0 0.4405941681410109 0.33839574333839545 0.00782472613458529 0.01564945226917058
2.0 0.4329687984439667 0.3346987178828633 0.006259780907668232 0.012519561815336464
2.0 0.3989899660724041 0.32750260268109366 0.009389671361502348 0.01564945226917058
2.0 0.3761609577065617 0.318696534003702 0.00782472613458529 0.012519561815336464
2.0 0.3693287199647881 0.31478954753599936 0.006259780907668232 0.012519561815336464
2.0 0.36293060714367203 0.3128334481431502 0.006259780907668232 0.012519561815336464
2.0 0.3561021281453058 0.3093800566239729 0.006259780907668232 0.012519561815336464
7.0 0.36114521066865524 0.3086428955024696 0.009389671361502348 0.017214397496087636
2.0 0.22195258668809414 0.2915919762111177 0.02190923317683881 0.025039123630672927
2.0 0.19407283338833814 0.283520726021226 0.018779342723004695 0.025039123630672927
8.0 0.5215922938431852 0.36543834168421463 0.004694835680751174 0.009389671361502348
8.0 0.5277759139820591 0.3709735662428539 0.006259780907668232 0.009389671361502348
8.0 0.5310887078273007 0.370168227195669 0.003129890453834116 0.00782472613458529
