2.0 0.29127296429707694 0.588398927609519 0.04564315352697095 0.042876901798063624
2.0 0.4027457976970413 0.552935032509419 0.07330567081604426 0.06915629322268327
8.0 0.545965556866126 0.25376205993569745 0.04564315352697095 0.04426002766251729
8.0 0.5356630260923677 0.16491985134862602 0.022130013831258646 0.02074688796680498
8.0 0.5578276855329299 0.13889792090615444 0.024896265560165973 0.022130013831258646
8.0 0.5254188821439063 0.21032701518108474 0.029045643153526972 0.029045643153526972
8.0 0.5154591063043608 0.1894102444435857 0.02074688796680498 0.02074688796680498
8.0 0.6133131417635613 0.4038848403698969 0.1078838174273859 0.1037344398340249
2.0 0.21174002883068377 0.6624005758514522 0.034578146611341634 0.03319502074688797
2.0 0.6743860769510162 0.6295796876217249 0.05532503457814661 0.05255878284923928
