2 0.30101 0.40109 0.02263 0.07826
2 0.21675 0.32337 0.01219 0.05109
2 0.17671 0.2875 0.0094 0.03587
8 0.25331 0.2712 0.00662 0.025
2 0.12761 0.2413 0.00522 0.01957
8 0.23172 0.24674 0.00244 0.01522
9 0.66313 0.66467 0.07695 0.32717
2 0.15407 0.26576 0.00731 0.02717
2 0.10428 0.2212 0.00244 0.01196
2 0.1203 0.23478 0.00453 0.01739
9 0.56041 0.5837 0.06442 0.26957
2 0.60411 0.66793 0.05153 0.18587
2 0.11386 0.22935 0.00418 0.01522
2 0.10115 0.21848 0.00244 0.01087
2 0.13875 0.25217 0.00592 0.02391
2 0.09784 0.21522 0.00209 0.01087
2 0.10776 0.22446 0.00313 0.01413
