2 0.73938 0.62011 0.04074 0.1337
7 0.16748 0.44511 0.02159 0.07283
7 0.11873 0.70054 0.06407 0.19674
7 0.69394 0.40272 0.00975 0.03804
7 0.83478 0.42228 0.01149 0.04457
2 0.17114 0.3663 0.0094 0.03696
7 0.35428 0.36848 0.00731 0.03043
2 0.08931 0.38804 0.01288 0.05
2 0.39432 0.38804 0.0094 0.03696
2 0.60585 0.42391 0.01114 0.04565
2 0.78726 0.46902 0.0188 0.06196
7 0.57747 0.39076 0.00731 0.0337
7 0.23137 0.35815 0.00801 0.02935
2 0.37256 0.41739 0.01323 0.05217
2 0.64311 0.50326 0.02368 0.08261
2 0.52072 0.44022 0.01428 0.05652
2 0.26741 0.37609 0.00905 0.03696
7 0.32556 0.50326 0.02786 0.0913
7 0.13928 0.34783 0.00836 0.02826
2 0.05971 0.35598 0.0101 0.0337
2 0.22824 0.4 0.01288 0.04783
7 0.0632 0.3375 0.00453 0.025
7 0.48538 0.37826 0.00557 0.02826
