2 0.74687 0.47446 0.01462 0.04674
2 0.83531 0.52065 0.01741 0.06522
7 0.58548 0.50815 0.01706 0.05761
7 0.54509 0.43207 0.0094 0.0337
7 0.47685 0.62935 0.03586 0.1413
2 0.75035 0.42337 0.00557 0.01848
7 0.6156 0.40489 0.00418 0.02065
2 0.90964 0.48424 0.01288 0.04239
7 0.52159 0.41467 0.00696 0.02717
2 0.66609 0.42772 0.00557 0.025
2 0.78464 0.44348 0.00592 0.02826
7 0.93019 0.46576 0.0087 0.02935
2 0.77333 0.43424 0.00557 0.02283
2 0.65338 0.43424 0.00731 0.02935
2 0.89328 0.43913 0.00453 0.02174
7 0.55658 0.41033 0.00453 0.02283
2 0.69342 0.42337 0.00592 0.02283
2 0.81703 0.42772 0.00522 0.01848
2 0.87848 0.42989 0.00487 0.01848
2 0.832 0.43533 0.00383 0.02283
7 0.58374 0.46033 0.0094 0.04674
7 0.6626 0.40489 0.00418 0.01848
2 0.69969 0.45326 0.01149 0.03696
2 0.82747 0.45978 0.00801 0.03261
