2 0.55902 0.50978 0.02472 0.08696
7 0.29596 0.44674 0.01532 0.05435
7 0.23137 0.48478 0.01985 0.07174
7 0.49739 0.39565 0.00731 0.03043
7 0.26288 0.39674 0.00627 0.02609
7 0.82068 0.38043 0.00557 0.02609
2 0.93994 0.4 0.0094 0.02826
2 0.21866 0.38207 0.00487 0.01848
7 0.33043 0.3788 0.00487 0.02065
7 0.57678 0.38533 0.00731 0.03152
7 0.4032 0.4163 0.01114 0.0413
2 0.81146 0.39837 0.00801 0.03152
7 0.63841 0.3837 0.00731 0.02826
7 0.25453 0.37337 0.00348 0.0163
7 0.89815 0.38207 0.00662 0.025
2 0.24095 0.38261 0.00557 0.01739
7 0.73781 0.37609 0.00557 0.02391
7 0.18976 0.6 0.03412 0.12609
7 0.20839 0.4038 0.00731 0.02935
7 0.30536 0.38696 0.00557 0.02174
2 0.1344 0.40217 0.00557 0.02391
2 0.58531 0.41848 0.01045 0.0413
7 0.2117 0.37228 0.00418 0.0163
7 0.12831 0.41848 0.0087 0.03261
7 0.30258 0.37391 0.00557 0.01739
2 0.76828 0.65272 0.0477 0.15326
7 0.16313 0.375 0.00383 0.01739
2 0.16678 0.37989 0.00418 0.01848
2 0.211 0.39076 0.00418 0.02283
2 0.51758 0.4462 0.01428 0.05543
2 0.10393 0.3837 0.00453 0.01522
7 0.09819 0.79946 0.07382 0.09457
2 0.05014 0.41522 0.00279 0.02391
2 0.05153 0.38967 0.00487 0.02283
7 0.10585 0.37717 0.00279 0.01739
