7.0 0.39287092172915744 0.3544960226460471 0.0647887323943662 0.05211267605633803
2.0 0.6255272900231884 0.5655514581913674 0.02676056338028169 0.02112676056338028
7.0 0.5889199022175866 0.48605449196621847 0.02112676056338028 0.018309859154929577
2.0 0.655270822184727 0.6033419875634293 0.02535211267605634 0.01971830985915493
2.0 0.5915168074739505 0.5368583508951797 0.0323943661971831 0.02535211267605634
2.0 0.5591068702972293 0.5385737268245536 0.04366197183098591 0.036619718309859155
7.0 0.6287694180362534 0.5367128389150086 0.022535211267605635 0.018309859154929577
7.0 0.4817093392277622 0.3831665542714529 0.03943661971830986 0.030985915492957747
8.0 0.4570485146376809 0.2330703180094749 0.016901408450704224 0.01267605633802817
7.0 0.6962981834681443 0.6480477399872143 0.01971830985915493 0.015492957746478873
8.0 0.4245389296255508 0.19048257076346004 0.01971830985915493 0.015492957746478873
7.0 0.6591883391222625 0.5825200157518624 0.018309859154929577 0.014084507042253521
2.0 0.7218810912239031 0.7168099369878345 0.02535211267605634 0.02112676056338028
2.0 0.6810880907858495 0.6374136153208373 0.023943661971830985 0.018309859154929577
8.0 0.48921268691644276 0.27724799331108374 0.015492957746478873 0.011267605633802818
2.0 0.4847871522500497 0.8475053271150192 0.08732394366197183 0.07183098591549296
2.0 0.5233243605139907 0.5934493401423673 0.07464788732394366 0.057746478873239436
7.0 0.5408273839690596 0.43157058947036864 0.029577464788732393 0.022535211267605635
