7.0 0.1285340947711427 0.49244114203937533 0.01282051282051282 0.017094017094017096
2.0 0.25126735912747467 0.5093395815898778 0.03418803418803419 0.045584045584045586
7.0 0.7018615816915595 0.2644874731751902 0.01282051282051282 0.018518518518518517
2.0 0.30349460061132294 0.5380728139429172 0.04843304843304843 0.06267806267806268
2.0 0.4426134151201806 0.6061592948396757 0.08547008547008547 0.11538461538461539
2.0 0.22486544052799298 0.49005368789528525 0.027065527065527065 0.03418803418803419
2.0 0.684039565832206 0.28167120162291137 0.01566951566951567 0.019943019943019943
7.0 0.12154620543344523 0.5049699843828249 0.014245014245014245 0.021367521367521368
2.0 0.6033693140058102 0.29730740016523194 0.011396011396011397 0.01566951566951567
7.0 0.6432380275431818 0.2798270412354854 0.009971509971509971 0.014245014245014245
2.0 0.2795229450590608 0.4118943879043822 0.005698005698005698 0.009971509971509971
7.0 0.5849797860497687 0.29726149524837514 0.009971509971509971 0.014245014245014245
2.0 0.199063608135642 0.47226213989495996 0.01282051282051282 0.019943019943019943
7.0 0.346488886472685 0.38183369080809354 0.008547008547008548 0.011396011396011397
2.0 0.3300653627556428 0.3912339565796943 0.007122507122507123 0.011396011396011397
7.0 0.4586751782976321 0.34124503807323703 0.008547008547008548 0.011396011396011397
2.0 0.20079988787185762 0.45272079181147606 0.011396011396011397 0.014245014245014245
2.0 0.2320556192985955 0.4334809796018054 0.008547008547008548 0.01282051282051282
7.0 0.15683229624019254 0.46434241911916696 0.008547008547008548 0.014245014245014245
7.0 0.23586056691085736 0.42749341747502045 0.008547008547008548 0.011396011396011397
7.0 0.28188683606346754 0.4077001568751235 0.008547008547008548 0.011396011396011397
7.0 0.14378219766751663 0.471724235349474 0.011396011396011397 0.014245014245014245
2.0 0.43346867898150243 0.3550036998473259 0.009971509971509971 0.01282051282051282
7.0 0.13065257554511794 0.48191918738693834 0.009971509971509971 0.01282051282051282
2.0 0.5466083170333307 0.31476967584051474 0.009971509971509971 0.014245014245014245
2.0 0.19393673670627393 0.46470670104397804 0.011396011396011397 0.01566951566951567
2.0 0.6492620572863526 0.2859159560545932 0.01282051282051282 0.017094017094017096
2.0 0.20810058611579477 0.47792762377981535 0.019943019943019943 0.027065527065527065
7.0 0.49929297634004827 0.3274753767896411 0.008547008547008548 0.01282051282051282
7.0 0.18732140845592649 0.4492645571522925 0.007122507122507123 0.011396011396011397
7.0 0.3134942566976357 0.39472420943672215 0.008547008547008548 0.011396011396011397
2.0 0.38238002254476355 0.3722910255704473 0.008547008547008548 0.009971509971509971
2.0 0.4905402166528173 0.33412149640202876 0.009971509971509971 0.011396011396011397
7.0 0.4168695563946417 0.3557284159369932 0.008547008547008548 0.011396011396011397
7.0 0.5427205809360857 0.31247688747733043 0.008547008547008548 0.011396011396011397
7.0 0.38132776908388893 0.36783503327868994 0.005698005698005698 0.008547008547008548
