7.0 0.7195256627059475 0.5191105513829102 0.016713091922005572 0.013927576601671309
7.0 0.4593234638854414 0.13130470933504712 0.020891364902506964 0.016713091922005572
7.0 0.7381114583717487 0.5592654038427793 0.018105849582172703 0.01532033426183844
2.0 0.6984609873717645 0.5481737075165213 0.03064066852367688 0.025069637883008356
2.0 0.5194811576536434 0.2127044085425312 0.018105849582172703 0.01532033426183844
2.0 0.462051050768674 0.23110462141765142 0.03899721448467967 0.033426183844011144
2.0 0.6694563658655929 0.44243456072918774 0.018105849582172703 0.01532033426183844
7.0 0.7522587292353803 0.5937392036228302 0.020891364902506964 0.019498607242339833
7.0 0.6994932256410243 0.4783665784425968 0.01532033426183844 0.012534818941504178
7.0 0.7643510589798501 0.6432114136056835 0.02924791086350975 0.025069637883008356
2.0 0.47937821677131787 0.2123728767693048 0.027855153203342618 0.025069637883008356
2.0 0.6927769671366781 0.4899121840767475 0.022284122562674095 0.018105849582172703
7.0 0.5104511555912893 0.1854174534473218 0.013927576601671309 0.011142061281337047
2.0 0.5377385477852097 0.22789553412361624 0.01532033426183844 0.013927576601671309
7.0 0.6903930631433852 0.4547541452392099 0.012534818941504178 0.011142061281337047
2.0 0.42785583140294564 0.272317779544839 0.05988857938718663 0.052924791086350974
7.0 0.7073629330318405 0.47836254104567216 0.012534818941504178 0.009749303621169917
2.0 0.5527983098692381 0.24087025275293675 0.012534818941504178 0.009749303621169917
2.0 0.7300593244895395 0.5048991877594212 0.009749303621169917 0.008356545961002786
2.0 0.6854947461498426 0.4384193644046692 0.009749303621169917 0.009749303621169917
7.0 0.5536269909689027 0.23312819127852882 0.009749303621169917 0.008356545961002786
2.0 0.808267049375676 0.6345822995233682 0.011142061281337047 0.009749303621169917
2.0 0.5009096862956204 0.20089876554325276 0.019498607242339833 0.016713091922005572
2.0 0.6996697958617778 0.5220270759484883 0.022284122562674095 0.019498607242339833
2.0 0.5769424884541662 0.26422158072557556 0.009749303621169917 0.009749303621169917
2.0 0.5622696995455548 0.24859171625753806 0.012534818941504178 0.009749303621169917
7.0 0.48950634705314555 0.16364772278084247 0.01532033426183844 0.012534818941504178
2.0 0.4119553583158306 0.3980102579066998 0.0988857938718663 0.08495821727019498
7.0 0.7934432141049029 0.6256854591311414 0.011142061281337047 0.008356545961002786
2.0 0.5943717104765331 0.2865299676087395 0.009749303621169917 0.008356545961002786
2.0 0.7837258073261222 0.5943566346719554 0.009749303621169917 0.008356545961002786
2.0 0.7065886663707214 0.4691942567681891 0.008356545961002786 0.008356545961002786
2.0 0.7558187961141721 0.5479466114346925 0.009749303621169917 0.009749303621169917
7.0 0.5900117333308543 0.2752855928145884 0.008356545961002786 0.006963788300835654
7.0 0.7267791517965526 0.5101405223855285 0.009749303621169917 0.008356545961002786
2.0 0.6630195250230881 0.4077644403484619 0.013927576601671309 0.011142061281337047
2.0 0.6462162912798558 0.3994729518283288 0.013927576601671309 0.012534818941504178
7.0 0.7510075780949329 0.5474523917202971 0.012534818941504178 0.009749303621169917
7.0 0.5307000524446245 0.20755895384923137 0.012534818941504178 0.011142061281337047
2.0 0.6221897245012552 0.3265483468735335 0.009749303621169917 0.006963788300835654
7.0 0.5712828828160667 0.2538387494638835 0.009749303621169917 0.008356545961002786
2.0 0.4896858050012524 0.20289897141957464 0.023676880222841225 0.020891364902506964
7.0 0.7722600232006831 0.5840940452136888 0.011142061281337047 0.009749303621169917
9.0 0.698938582456525 0.43484762638058294 0.011142061281337047 0.008356545961002786
9.0 0.6950345567269393 0.4273372917026218 0.012534818941504178 0.009749303621169917
9.0 0.6915915053833355 0.4204169773326536 0.013927576601671309 0.009749303621169917
9.0 0.6865471285310181 0.4139604693909016 0.011142061281337047 0.009749303621169917
2.0 0.6069035685532842 0.30383251056305455 0.008356545961002786 0.006963788300835654
7.0 0.6085822959903814 0.3015798212420599 0.008356545961002786 0.006963788300835654
7.0 0.6255532751404415 0.32770304645214277 0.008356545961002786 0.005571030640668524
7.0 0.6416110859830325 0.3526574695282965 0.006963788300835654 0.006963788300835654
7.0 0.6545247745181354 0.3729737253289879 0.006963788300835654 0.006963788300835654
7.0 0.6661424383064866 0.3903570664940319 0.006963788300835654 0.006963788300835654
7.0 0.6768458245257639 0.4040567761215265 0.006963788300835654 0.005571030640668524
7.0 0.6868571763020146 0.4187586748978089 0.008356545961002786 0.005571030640668524
7.0 0.7013839418183533 0.4379775436334601 0.006963788300835654 0.005571030640668524
7.0 0.7139909468337764 0.45475081351293073 0.005571030640668524 0.005571030640668524
7.0 0.7272143263630886 0.47167596749078705 0.006963788300835654 0.005571030640668524
7.0 0.7366176908466558 0.48433718194617326 0.005571030640668524 0.005571030640668524
7.0 0.7509095190641681 0.5045178407252476 0.005571030640668524 0.004178272980501393
7.0 0.7635242785631553 0.5225519494314333 0.006963788300835654 0.005571030640668524
7.0 0.7755990394957063 0.5398948914911128 0.005571030640668524 0.005571030640668524
7.0 0.7884427238092023 0.5550715616815552 0.005571030640668524 0.004178272980501393
7.0 0.7977653221130694 0.5682664394440334 0.005571030640668524 0.005571030640668524
7.0 0.803878660644052 0.5773536520146745 0.005571030640668524 0.005571030640668524
7.0 0.8148859624028318 0.5964807575536527 0.005571030640668524 0.005571030640668524
7.0 0.8304059099215225 0.6220092430422628 0.006963788300835654 0.005571030640668524
2.0 0.6368712574078594 0.34847871844880285 0.009749303621169917 0.008356545961002786
2.0 0.6491730814084968 0.36612387051524053 0.009749303621169917 0.006963788300835654
2.0 0.6614015004697086 0.3836634860109178 0.009749303621169917 0.008356545961002786
2.0 0.6738626018400351 0.4015009212811057 0.008356545961002786 0.006963788300835654
2.0 0.6853271204901911 0.4180627888378231 0.008356545961002786 0.006963788300835654
2.0 0.6948072541645007 0.43208475944965635 0.009749303621169917 0.006963788300835654
2.0 0.7081123893879421 0.4535159184009377 0.006963788300835654 0.006963788300835654
2.0 0.7216425721841102 0.47145921942311836 0.008356545961002786 0.006963788300835654
2.0 0.7331059815726612 0.48550625757621524 0.006963788300835654 0.006963788300835654
2.0 0.7453327783818027 0.501155843840601 0.008356545961002786 0.006963788300835654
2.0 0.7583256108445356 0.519048407102909 0.008356545961002786 0.006963788300835654
2.0 0.7701720797002197 0.5360991486291063 0.006963788300835654 0.005571030640668524
2.0 0.7830902782147461 0.5538961847939298 0.006963788300835654 0.006963788300835654
2.0 0.7976911646888261 0.5738353807993946 0.006963788300835654 0.006963788300835654
2.0 0.8145072567014444 0.5997719420467557 0.006963788300835654 0.006963788300835654
2.0 0.8318600663098563 0.6289088801032148 0.008356545961002786 0.006963788300835654
