7.0 0.5622009398403726 0.6382342034781114 0.12440191387559808 0.06379585326953748
7.0 0.48229626797582525 0.473470521963603 0.06379585326953748 0.028708133971291867
2.0 0.6439499244557956 0.24568486482189084 0.11802232854864433 0.06379585326953748
2.0 0.5341320328680579 0.26114961719497676 0.06379585326953748 0.03508771929824561
2.0 0.46380894620641033 0.2749810419560307 0.03189792663476874 0.01594896331738437
2.0 0.41695505697317053 0.32468131991504107 0.01594896331738437 0.007974481658692184
7.0 0.4308284885602027 0.3946267814966502 0.03189792663476874 0.014354066985645933
2.0 0.4852233017659817 0.16076618996502717 0.028708133971291867 0.014354066985645933
2.0 0.43284061921620476 0.2859665178368642 0.019138755980861243 0.009569377990430622
2.0 0.4919293479792348 0.2574922484148948 0.04146730462519936 0.02073365231259968
2.0 0.39879142480192303 0.41474356812576 0.019138755980861243 0.009569377990430622
2.0 0.35747114587254814 0.4952194395805227 0.009569377990430622 0.003189792663476874
2.0 0.4040696480774391 0.35390312404859137 0.01594896331738437 0.006379585326953748
2.0 0.35967775580108236 0.5264223790759914 0.012759170653907496 0.006379585326953748
2.0 0.4418842875548946 0.307081400461035 0.025518341307814992 0.012759170653907496
7.0 0.4527397278354787 0.4088926327506235 0.0430622009569378 0.019138755980861243
7.0 0.40921339011498603 0.4238681188057395 0.023923444976076555 0.011164274322169059
2.0 0.36812727138641116 0.5069090965459063 0.014354066985645933 0.007974481658692184
2.0 0.36446111777617507 0.474275240122614 0.011164274322169059 0.003189792663476874
2.0 0.45392771083646494 0.236421078727625 0.023923444976076555 0.011164274322169059
7.0 0.37081215205171836 0.520867362366357 0.017543859649122806 0.007974481658692184
7.0 0.3571058392487127 0.5600308296937875 0.01594896331738437 0.006379585326953748
2.0 0.39474894135923616 0.38010674020156665 0.012759170653907496 0.006379585326953748
2.0 0.4184664611200585 0.3618862562653408 0.02073365231259968 0.011164274322169059
7.0 0.3438799106649537 0.5819417357222276 0.014354066985645933 0.004784688995215311
7.0 0.46618596657496425 0.1752444530096545 0.02073365231259968 0.009569377990430622
2.0 0.38312069501581747 0.46294206621937634 0.01594896331738437 0.006379585326953748
7.0 0.4125951873660143 0.31350364337989745 0.012759170653907496 0.006379585326953748
2.0 0.3741632431047782 0.44494442355866715 0.011164274322169059 0.004784688995215311
7.0 0.34815642008230774 0.5797060510093287 0.01594896331738437 0.006379585326953748
7.0 0.3413961897965753 0.5792219197570168 0.011164274322169059 0.004784688995215311
7.0 0.40184085416718524 0.33991489556773913 0.012759170653907496 0.006379585326953748
2.0 0.3828697991307052 0.4141548408889686 0.011164274322169059 0.004784688995215311
2.0 0.35458966911387957 0.5316869113942339 0.011164274322169059 0.004784688995215311
2.0 0.35157869934442504 0.5326385418940797 0.009569377990430622 0.003189792663476874
7.0 0.3390984553858705 0.5758079928822478 0.011164274322169059 0.003189792663476874
7.0 0.36209519651492333 0.4693805127646001 0.009569377990430622 0.004784688995215311
7.0 0.3792390235851033 0.4156843407623263 0.011164274322169059 0.004784688995215311
2.0 0.35346329773912055 0.5050342016135883 0.007974481658692184 0.003189792663476874
7.0 0.4257757984444953 0.27803739887191403 0.017543859649122806 0.006379585326953748
2.0 0.35458879213237177 0.5025375261323464 0.007974481658692184 0.003189792663476874
7.0 0.3920120009984523 0.4606156455259798 0.019138755980861243 0.009569377990430622
7.0 0.44182509060315267 0.2370078216519072 0.019138755980861243 0.009569377990430622
7.0 0.33840243428851846 0.5732628481507994 0.012759170653907496 0.006379585326953748
7.0 0.33658670383394285 0.571457511578319 0.009569377990430622 0.004784688995215311
