7.0 0.37164441346842986 0.3080424446295381 0.1111111111111111 0.056338028169014086
7.0 0.418472379169297 0.17674332737660714 0.06885758998435054 0.03755868544600939
2.0 0.5428556194084343 0.6342274757823433 0.07668231611893583 0.04381846635367762
2.0 0.5242781010961832 0.4498380701438273 0.056338028169014086 0.0297339593114241
7.0 0.4896249678275713 0.1369003451705379 0.0297339593114241 0.01564945226917058
2.0 0.5150489472635851 0.2453808855681165 0.03442879499217527 0.017214397496087636
2.0 0.50882191791789 0.29352631448052685 0.04381846635367762 0.02034428794992175
2.0 0.5345065460575332 0.26583315006656727 0.025039123630672927 0.012519561815336464
2.0 0.5564541530172801 0.2452648464018633 0.014084507042253521 0.006259780907668232
2.0 0.42087969696624794 0.8846296011938993 0.16901408450704225 0.081377151799687
7.0 0.5222398759388795 0.13932933305658984 0.014084507042253521 0.00782472613458529
2.0 0.552047699290384 0.29489805414938486 0.023474178403755867 0.012519561815336464
2.0 0.5603188011266149 0.2668396521793724 0.01564945226917058 0.00782472613458529
2.0 0.5290737957835456 0.15124067755408616 0.01564945226917058 0.00782472613458529
7.0 0.5244112969539823 0.2089705108966699 0.02190923317683881 0.010954616588419406
7.0 0.5407195901924842 0.23403031688840864 0.018779342723004695 0.010954616588419406
7.0 0.542290550967361 0.22130047527330757 0.017214397496087636 0.009389671361502348
7.0 0.5364116940718042 0.18269608929227035 0.012519561815336464 0.004694835680751174
2.0 0.5396765572829895 0.1859207477677045 0.010954616588419406 0.006259780907668232
2.0 0.5499758939497087 0.22259553228577067 0.012519561815336464 0.004694835680751174
2.0 0.5592497545661986 0.2782514142536796 0.01564945226917058 0.00782472613458529
2.0 0.5582987157540895 0.2915290457622469 0.02034428794992175 0.009389671361502348
