8.0 0.5370578590833043 0.34626999459166136 0.09728867623604466 0.051036682615629984
8.0 0.33488952001584515 0.593219680306962 0.05422647527910686 0.025518341307814992
8.0 0.28768545433908455 0.543044394228798 0.025518341307814992 0.012759170653907496
8.0 0.45334188393208363 0.644977801549478 0.11164274322169059 0.05263157894736842
8.0 0.3885448828081424 0.44099499501061906 0.04784688995215311 0.022328548644338118
8.0 0.33524530411032016 0.47528124318412945 0.03189792663476874 0.014354066985645933
8.0 0.2772191101680531 0.570116134006771 0.025518341307814992 0.012759170653907496
8.0 0.29804189742149045 0.516382810897382 0.022328548644338118 0.009569377990430622
8.0 0.3074128913652934 0.4934305243153966 0.022328548644338118 0.009569377990430622
7.0 0.7440511875707189 0.218494759340457 0.16586921850079744 0.07974481658692185
8.0 0.2959527318546013 0.577342268511393 0.03349282296650718 0.01594896331738437
1.0 0.2744199823915461 0.5514099628841409 0.019138755980861243 0.007974481658692184
1.0 0.3838639697158475 0.2629775279686625 0.011164274322169059 0.006379585326953748
1.0 0.3075370162513351 0.4569681681248613 0.01594896331738437 0.007974481658692184
2.0 0.6442909331401035 0.7245476495249638 0.17543859649122806 0.0861244019138756
1.0 0.2869770544745237 0.49766832377236286 0.01594896331738437 0.004784688995215311
1.0 0.30199795765006293 0.4896294046887288 0.019138755980861243 0.006379585326953748
1.0 0.31010539120230696 0.42851566577332795 0.017543859649122806 0.007974481658692184
1.0 0.3247009863810922 0.4049005479788317 0.014354066985645933 0.006379585326953748
1.0 0.34393784646365033 0.3485358012623498 0.011164274322169059 0.006379585326953748
1.0 0.35173088431540633 0.34002271137391377 0.014354066985645933 0.004784688995215311
1.0 0.3831989081002241 0.2706023025382392 0.01594896331738437 0.004784688995215311
1.0 0.4217826635800987 0.19690027158121487 0.01594896331738437 0.007974481658692184
1.0 0.4314488597066512 0.16770354462479628 0.01594896331738437 0.006379585326953748
1.0 0.46190204811072333 0.12434520308901335 0.02073365231259968 0.009569377990430622
