7.0 0.2337661138599447 0.494863201114523 0.015214384508990318 0.013831258644536652
7.0 0.20377481425877367 0.6161719846894784 0.03734439834024896 0.035961272475795295
7.0 0.5980772442870488 0.23577496193419092 0.019363762102351315 0.017980636237897647
7.0 0.22363446854222957 0.5469564560637411 0.02351313969571231 0.022130013831258646
7.0 0.23058267796878376 0.5087492241869794 0.015214384508990318 0.013831258644536652
2.0 0.43254425081367914 0.5432837402025222 0.07330567081604426 0.06915629322268327
9.0 0.22056154640711617 0.5279327033339272 0.034578146611341634 0.030428769017980636
2.0 0.36546994559163504 0.514240959814579 0.048409405255878286 0.04564315352697095
7.0 0.5551390127873896 0.2570044698271491 0.016597510373443983 0.015214384508990318
2.0 0.564025700273285 0.26898930095384993 0.02074688796680498 0.017980636237897647
2.0 0.33251812065888176 0.4973497124664585 0.035961272475795295 0.034578146611341634
7.0 0.216992876465248 0.5721655379417097 0.029045643153526972 0.027662517289073305
7.0 0.23488829430645491 0.48326643413515524 0.012448132780082987 0.011065006915629323
7.0 0.2387018117296775 0.46695555807256534 0.009681881051175657 0.008298755186721992
2.0 0.31206305477626334 0.48440167142958535 0.02627939142461964 0.024896265560165973
2.0 0.27291893490486385 0.432403745963277 0.008298755186721992 0.008298755186721992
2.0 0.4322236459457403 0.31471262413522105 0.006915629322268326 0.008298755186721992
7.0 0.5540674006748617 0.24956923287405108 0.011065006915629323 0.011065006915629323
2.0 0.4029670305913615 0.3328332770927314 0.005532503457814661 0.005532503457814661
7.0 0.5451634558798213 0.2583044865940128 0.011065006915629323 0.012448132780082987
2.0 0.49401894531343976 0.29670187574046325 0.012448132780082987 0.011065006915629323
2.0 0.48698489088778835 0.2832309849061734 0.009681881051175657 0.009681881051175657
2.0 0.5006279333505461 0.2784293105382654 0.011065006915629323 0.008298755186721992
7.0 0.2521246476327976 0.4393903716009676 0.006915629322268326 0.005532503457814661
7.0 0.23586847441823333 0.4758490253696805 0.011065006915629323 0.011065006915629323
7.0 0.24345887369150196 0.4587936501679239 0.008298755186721992 0.008298755186721992
2.0 0.3765058858508663 0.3489922409106338 0.006915629322268326 0.005532503457814661
2.0 0.4605757284512 0.2976071399715445 0.009681881051175657 0.008298755186721992
2.0 0.2728099766171672 0.43711790502072134 0.006915629322268326 0.006915629322268326
7.0 0.2582233896158077 0.43377061123068106 0.006915629322268326 0.006915629322268326
2.0 0.32052252738779585 0.38700640437645933 0.006915629322268326 0.005532503457814661
2.0 0.49661034921563996 0.2869235239146513 0.011065006915629323 0.011065006915629323
7.0 0.4720762536738642 0.2865595892874076 0.006915629322268326 0.006915629322268326
2.0 0.277841845005913 0.4240576450396514 0.006915629322268326 0.005532503457814661
7.0 0.3255073210202563 0.38204172793891217 0.005532503457814661 0.005532503457814661
7.0 0.4487000257199422 0.30101748247019794 0.006915629322268326 0.006915629322268326
2.0 0.2942088284852583 0.4076053449127507 0.006915629322268326 0.006915629322268326
7.0 0.24590800828116813 0.45204137648535964 0.006915629322268326 0.008298755186721992
2.0 0.2747349323919314 0.446484063179111 0.011065006915629323 0.009681881051175657
2.0 0.2916840741636642 0.47252270794039325 0.017980636237897647 0.016597510373443983
2.0 0.6782527139968735 0.593642325914468 0.08852005532503458 0.08298755186721991
7.0 0.5435279462777466 0.2491989469401191 0.009681881051175657 0.008298755186721992
7.0 0.362526153429776 0.3553108428688918 0.006915629322268326 0.006915629322268326
2.0 0.3485615848938754 0.3667984165840231 0.006915629322268326 0.005532503457814661
7.0 0.24687451079376024 0.4469463158342311 0.006915629322268326 0.006915629322268326
2.0 0.2833849491262681 0.4575887482953784 0.012448132780082987 0.011065006915629323
7.0 0.4029426586474468 0.32882811072187385 0.005532503457814661 0.005532503457814661
2.0 0.5067385284865894 0.29752953872781346 0.015214384508990318 0.015214384508990318
7.0 0.42676944239501946 0.3144519056822806 0.005532503457814661 0.005532503457814661
7.0 0.27325886327927396 0.4210936768786805 0.006915629322268326 0.005532503457814661
7.0 0.5208712937472896 0.2588254364954658 0.009681881051175657 0.009681881051175657
7.0 0.3834383380704616 0.34129297271709585 0.006915629322268326 0.006915629322268326
2.0 0.2730854900290508 0.4408441505342602 0.009681881051175657 0.008298755186721992
9.0 0.22248982673021944 0.5200444036546971 0.029045643153526972 0.02627939142461964
7.0 0.4928981513059226 0.27378498852632804 0.008298755186721992 0.006915629322268326
2.0 0.2999069310855006 0.4777729936237086 0.02074688796680498 0.019363762102351315
7.0 0.34333905841483014 0.3685663856938977 0.005532503457814661 0.005532503457814661
2.0 0.27783028836161333 0.45225378592389937 0.012448132780082987 0.011065006915629323
7.0 0.2990375061766406 0.4016710572841208 0.005532503457814661 0.005532503457814661
9.0 0.2894140134890664 0.4670005640049634 0.030428769017980636 0.029045643153526972
7.0 0.22798751151108437 0.5283107163310892 0.017980636237897647 0.017980636237897647
