8 0.71675 0.27717 0.01428 0.0587
8 0.75331 0.23261 0.0101 0.03913
8 0.77263 0.20815 0.00766 0.03152
8 0.78395 0.19293 0.00662 0.025
8 0.79213 0.18207 0.00487 0.02065
8 0.79805 0.175 0.00418 0.01739
8 0.80188 0.16902 0.00348 0.0163
8 0.80467 0.16522 0.00279 0.01522
8 0.80745 0.16196 0.00279 0.01304
8 0.93733 0.18533 0.00766 0.02717
8 0.91852 0.17609 0.00627 0.02174
8 0.90599 0.16902 0.00487 0.01848
8 0.89641 0.16467 0.00453 0.0163
8 0.88858 0.16033 0.00418 0.0163
8 0.88266 0.15815 0.00348 0.01196
8 0.61908 0.4 0.02994 0.1087
